ALGRUNID	ITERNUM	U_TIME	S_TIME	PRTIME	ALL_U_TIME	ALL_S_TIME	ALL_MIN_FLT	ALL_MAJ_FLT	ALL_NIVCSW	ALL_NVCSW	ALL_CPU_COUNT	ALL_CPU_DELAY	ALL_BLKIO_COUNT	ALL_SWAPIN_COUNT	ALL_SWAPIN_DELAY	ALL_FREEPGS_COUNT	ALL_FREEPGS_DELAY	ALL_READ_BYTES	ALL_READ_CHAR	ALL_READ_SYSCALLS	ALL_WRITE_BYTES	ALL_WRITE_CHAR	ALL_WRITE_SYSCALLS
19200	1	6011	0	6011	196	3	0	0	0	0	0	0	0	0	0	0	0	0	0	0	8192	0	0
19200	2	6017	0	6017	194	3	2	0	0	0	0	0	0	0	0	0	0	0	0	0	8192	0	0
19200	3	6014	0	6014	194	4	0	0	0	0	0	0	0	0	0	0	0	0	0	3	8192	0	0
19200	4	6012	1	6013	194	4	6	0	0	0	0	0	0	0	0	0	0	0	0	0	8192	0	0
19200	5	6015	1	6016	196	3	6	0	0	0	0	0	0	0	0	0	0	0	0	0	8192	0	0
19200	6	6013	1	6014	194	3	2	0	0	0	0	0	0	0	0	0	0	0	0	0	8192	0	0
19200	7	6013	0	6013	194	5	2	0	0	0	0	0	0	0	0	0	0	0	0	0	8192	0	0
19200	8	6017	0	6017	196	1	2	0	0	0	0	0	0	0	0	0	0	0	0	0	8192	0	0
19200	9	6012	0	6012	194	3	2	0	0	0	0	0	0	0	0	0	0	0	0	0	8192	0	0
19200	10	6013	0	6013	192	7	0	0	0	0	0	0	0	0	0	0	0	0	0	0	8192	0	0
19200	11	6016	0	6016	190	8	2	0	0	0	0	0	0	0	0	0	0	0	0	0	8192	0	0
19200	12	6011	1	6012	192	4	0	0	0	0	0	0	0	0	0	0	0	0	0	0	8192	0	0
19200	13	6014	2	6016	194	3	6	0	0	0	0	0	0	0	0	0	0	0	0	0	8192	0	0
19200	14	6015	1	6016	192	7	4	0	0	0	0	0	0	0	0	0	0	0	0	0	8192	0	0
19200	15	6011	0	6011	190	6	2	0	0	0	0	0	0	0	0	0	0	0	0	0	8192	0	0
19200	16	6015	0	6015	196	3	2	0	0	0	0	0	0	0	0	0	0	0	0	0	8192	0	0
19200	17	6016	0	6016	192	9	2	0	0	0	0	0	0	0	0	0	0	0	0	0	8192	0	0
19200	18	6012	0	6012	192	6	2	0	0	0	0	0	0	0	0	0	0	0	0	0	8192	0	0
19200	19	6015	1	6016	190	7	0	0	0	0	0	0	0	0	0	0	0	0	0	0	8192	0	0
19200	20	6014	1	6015	196	2	2	0	0	0	0	0	0	0	0	0	0	0	0	0	8192	0	0
19200	21	6012	0	6012	194	2	0	0	0	0	0	0	0	0	0	0	0	0	0	0	8192	0	0
19200	22	6016	0	6016	192	5	6	0	0	0	0	0	0	0	0	0	0	0	0	0	8192	0	0
19200	23	6014	1	6015	192	6	4	0	0	0	0	0	0	0	0	0	0	0	0	0	8192	0	0
19200	24	6012	0	6012	190	9	2	0	0	0	0	0	0	0	0	0	0	0	0	0	8192	0	0
19200	25	6017	0	6017	188	9	4	0	0	0	0	0	0	0	0	0	0	0	0	0	8192	0	0
19200	26	6016	0	6016	194	2	2	0	0	0	0	0	0	0	0	0	0	0	0	0	8192	0	0
19200	27	6011	0	6011	198	1	2	0	0	0	0	0	0	0	0	0	0	0	0	0	8192	0	0
19200	28	6016	0	6016	192	6	0	0	0	0	0	0	0	0	0	0	0	0	0	0	8192	0	0
19200	29	6014	0	6014	194	5	2	0	0	0	0	0	0	0	0	0	0	0	0	0	8192	0	0
19200	30	6012	0	6012	194	3	0	0	0	0	0	0	0	0	0	0	0	0	0	0	8192	0	0
19200	31	6015	1	6016	194	5	6	0	0	0	0	0	0	0	0	0	0	0	0	0	8192	0	0
19200	32	6015	1	6016	194	2	6	0	0	0	0	0	0	0	0	0	0	0	0	0	8192	0	0
19200	33	6008	2	6010	198	1	2	0	0	0	0	0	0	0	0	0	0	0	0	0	8192	0	0
19200	34	6016	1	6017	196	3	2	0	0	0	0	0	0	0	0	0	0	0	0	0	8192	0	0
19200	35	6017	0	6017	190	7	2	0	0	0	0	0	0	0	0	0	0	0	0	0	8192	0	0
19200	36	6011	0	6011	196	3	2	0	0	0	0	0	0	0	0	0	0	0	0	0	8192	0	0
19200	37	6014	0	6014	192	7	0	0	0	0	0	0	0	0	0	0	0	0	0	0	8192	0	0
19200	38	6015	0	6015	194	7	2	0	0	0	0	0	0	0	0	0	0	0	0	0	8192	0	0
19200	39	6011	0	6011	194	6	0	0	0	0	0	0	0	0	0	0	0	0	0	0	8192	0	0
19200	40	6012	2	6014	196	5	6	0	0	0	0	0	0	0	0	0	0	0	0	0	8192	0	0
19200	41	6015	1	6016	192	7	6	0	0	0	0	0	0	0	0	0	0	0	0	0	8192	0	0
19200	42	6009	1	6010	194	5	2	0	0	0	0	0	0	0	0	0	0	0	0	0	8192	0	0
19200	43	6015	1	6016	194	2	2	0	0	0	0	0	0	0	0	0	0	0	0	0	8192	0	0
19200	44	6016	1	6017	192	5	2	0	0	0	0	0	0	0	0	0	0	0	0	0	8192	0	0
19200	45	6009	1	6010	192	4	2	0	0	0	0	0	0	0	0	0	0	0	0	0	8192	0	0
19200	46	6015	1	6016	192	7	0	0	0	0	0	0	0	0	0	0	0	0	0	0	8192	0	0
19200	47	6017	0	6017	190	7	2	0	0	0	0	0	0	0	0	0	0	0	0	0	8192	0	0
19200	48	6008	0	6008	194	5	0	0	0	0	0	0	0	0	0	0	0	0	0	0	8192	0	0
19200	49	6015	0	6015	198	4	6	0	0	0	0	0	0	0	0	0	0	0	0	0	8192	0	0
19200	50	6016	1	6017	194	3	6	0	0	0	0	0	0	0	0	0	0	0	0	3	8192	0	0
19200	51	6011	0	6011	192	8	2	0	0	0	0	0	0	0	0	0	0	0	0	0	8192	0	0
19200	52	6016	1	6017	194	3	2	0	0	0	0	0	0	0	0	0	0	0	0	0	8192	0	0
19200	53	6016	0	6016	192	5	2	0	0	0	0	0	0	0	0	0	0	0	0	0	8192	0	0
19200	54	6009	1	6010	194	2	2	0	0	0	0	0	0	0	0	0	0	0	0	0	8192	0	0
19200	55	6015	2	6017	196	1	0	0	0	0	0	0	0	0	0	0	0	0	0	0	8192	0	0
19200	56	6014	2	6016	192	4	2	0	0	0	0	0	0	0	0	0	0	0	0	0	8192	0	0
19200	57	6011	0	6011	194	3	0	0	0	0	0	0	0	0	0	0	0	0	0	0	12288	0	0
19200	58	6017	0	6017	194	3	6	0	0	0	0	0	0	0	0	0	0	0	0	0	8192	0	0
19200	59	6014	0	6014	192	7	6	0	0	0	0	0	0	0	0	0	0	0	0	0	8192	0	0
19200	60	6010	1	6011	192	6	2	0	0	0	0	0	0	0	0	0	0	0	0	0	8192	0	0
19200	61	6017	0	6017	188	9	2	0	0	0	0	0	0	0	0	0	0	0	0	0	8192	0	0
19200	62	6015	0	6015	194	4	2	0	0	0	0	0	0	0	0	0	0	0	0	0	8192	0	0
19200	63	6011	0	6011	194	3	2	0	0	0	0	0	0	0	0	0	0	0	0	0	8192	0	0
19200	64	6016	0	6016	190	11	0	0	0	0	0	0	0	0	0	0	0	0	0	0	8192	0	0
19200	65	6016	0	6016	192	4	2	0	0	0	0	0	0	0	0	0	0	0	0	0	8192	0	0
19200	66	6009	1	6010	194	5	0	0	0	0	0	0	0	0	0	0	0	0	0	0	8192	0	0
19200	67	6015	0	6015	196	2	6	0	0	0	0	0	0	0	0	0	0	0	0	0	8192	0	0
19200	68	6014	1	6015	190	7	6	0	0	0	0	0	0	0	0	0	0	0	0	0	8192	0	0
19200	69	6010	0	6010	194	5	2	0	0	0	0	0	0	0	0	0	0	0	0	0	8192	0	0
19200	70	6015	1	6016	194	4	2	0	0	0	0	0	0	0	0	0	0	0	0	0	12288	0	0
19200	71	6015	0	6015	192	8	2	0	0	0	0	0	0	0	0	0	0	0	0	0	8192	0	0
19200	72	6009	0	6009	192	8	2	0	0	0	0	0	0	0	0	0	0	0	0	0	8192	0	0
19200	73	6014	2	6016	190	6	0	0	0	0	0	0	0	0	0	0	0	0	0	0	8192	0	0
19200	74	6015	1	6016	198	3	2	0	0	0	0	0	0	0	0	0	0	0	0	0	8192	0	0
19200	75	6010	1	6011	196	3	0	0	0	0	0	0	0	0	0	0	0	0	0	0	8192	0	0
19200	76	6016	0	6016	199	10	1368	0	0	0	0	0	0	0	0	0	0	0	14772	26	8192	0	0
19200	77	6015	0	6015	198	2	6	0	0	0	0	0	0	0	0	0	0	0	0	0	8192	0	0
19200	78	6008	1	6009	188	9	2	0	0	0	0	0	0	0	0	0	0	0	0	0	8192	0	0
19200	79	6015	0	6015	192	5	2	0	0	0	0	0	0	0	0	0	0	0	0	0	8192	0	0
19200	80	6015	1	6016	192	6	2	0	0	0	0	0	0	0	0	0	0	0	0	0	8192	0	0
19200	81	6009	1	6010	190	6	2	0	0	0	0	0	0	0	0	0	0	0	0	0	8192	0	0
19200	82	6016	0	6016	194	7	0	0	0	0	0	0	0	0	0	0	0	0	0	0	8192	0	0
19200	83	6016	1	6017	192	5	2	0	0	0	0	0	0	0	0	0	0	0	0	0	12288	0	0
19200	84	6010	0	6010	194	4	0	0	0	0	0	0	0	0	0	0	0	0	0	0	8192	0	0
19200	85	6016	0	6016	194	7	6	0	0	0	0	0	0	0	0	0	0	0	0	0	8192	0	0
19200	86	6016	0	6016	192	5	6	0	0	0	0	0	0	0	0	0	0	0	0	0	8192	0	0
19200	87	6010	0	6010	196	2	2	0	0	0	0	0	0	0	0	0	0	0	0	0	8192	0	0
19200	88	6016	0	6016	192	6	2	0	0	0	0	0	0	0	0	0	0	0	0	0	8192	0	0
19200	89	6015	0	6015	190	9	2	0	0	0	0	0	0	0	0	0	0	0	0	0	8192	0	0
19200	90	6008	0	6008	192	7	2	0	0	0	0	0	0	0	0	0	0	0	0	0	8192	0	0
19200	91	6016	0	6016	194	7	0	0	0	0	0	0	0	0	0	0	0	0	0	0	8192	0	0
19200	92	6015	1	6016	192	4	2	0	0	0	0	0	0	0	0	0	0	0	0	0	8192	0	0
19200	93	6011	0	6011	194	3	0	0	0	0	0	0	0	0	0	0	0	0	0	0	8192	0	0
19200	94	6015	2	6017	192	5	6	0	0	0	0	0	0	0	0	0	0	0	0	0	8192	0	0
19200	95	6014	1	6015	194	2	6	0	0	0	0	0	0	0	0	0	0	0	0	0	8192	0	0
19200	96	6011	0	6011	194	3	2	0	0	0	0	0	0	0	0	0	0	0	0	0	8192	0	0
19200	97	6016	1	6017	197	1	2	0	0	0	0	0	0	0	0	0	0	0	0	3	8192	0	0
19200	98	6014	0	6014	196	5	2	0	0	0	0	0	0	0	0	0	0	0	0	0	8192	0	0
19200	99	6010	0	6010	194	6	2	0	0	0	0	0	0	0	0	0	0	0	0	0	8192	0	0
19200	100	6015	2	6017	190	9	0	0	0	0	0	0	0	0	0	0	0	0	0	0	8192	0	0
19200	101	6016	0	6016	192	4	2	0	0	0	0	0	0	0	0	0	0	0	0	0	8192	0	0
19200	102	6009	1	6010	190	7	0	0	0	0	0	0	0	0	0	0	0	0	0	0	8192	0	0
19200	103	6013	1	6014	194	5	6	0	0	0	0	0	0	0	0	0	0	0	0	0	8192	0	0
19200	104	6016	0	6016	196	3	6	0	0	0	0	0	0	0	0	0	0	0	0	0	8192	0	0
19200	105	6009	0	6009	200	2	2	0	0	0	0	0	0	0	0	0	0	0	0	0	8192	0	0
19200	106	6015	0	6015	194	6	2	0	0	0	0	0	0	0	0	0	0	0	0	0	8192	0	0
19200	107	6015	0	6015	194	8	2	0	0	0	0	0	0	0	0	0	0	0	0	0	8192	0	0
19200	108	6011	0	6011	190	7	2	0	0	0	0	0	0	0	0	0	0	0	0	0	8192	0	0
19200	109	6015	0	6015	192	4	0	0	0	0	0	0	0	0	0	0	0	0	0	0	8192	0	0
19200	110	6016	0	6016	190	8	2	0	0	0	0	0	0	0	0	0	0	0	0	0	8192	0	0
19200	111	6009	1	6010	194	5	0	0	0	0	0	0	0	0	0	0	0	0	0	0	8192	0	0
19200	112	6015	0	6015	194	4	6	0	0	0	0	0	0	0	0	0	0	0	0	0	8192	0	0
19200	113	6015	1	6016	194	5	6	0	0	0	0	0	0	0	0	0	0	0	0	0	8192	0	0
19200	114	6009	1	6010	188	8	2	0	0	0	0	0	0	0	0	0	0	0	0	0	8192	0	0
19200	115	6014	2	6016	192	9	2	0	0	0	0	0	0	0	0	0	0	0	0	0	8192	0	0
19200	116	6015	1	6016	194	7	2	0	0	0	0	0	0	0	0	0	0	0	0	0	8192	0	0
19200	117	6010	0	6010	192	4	2	0	0	0	0	0	0	0	0	0	0	0	0	0	8192	0	0
19200	118	6016	0	6016	194	4	0	0	0	0	0	0	0	0	0	0	0	0	0	0	8192	0	0
19200	119	6015	1	6016	188	10	2	0	0	0	0	0	0	0	0	0	0	0	0	0	8192	0	0
19200	120	6008	1	6009	194	3	0	0	0	0	0	0	0	0	0	0	0	0	0	0	8192	0	0
19200	121	6016	0	6016	194	5	6	0	0	0	0	0	0	0	0	0	0	0	0	0	8192	0	0
19200	122	6016	1	6017	190	7	6	0	0	0	0	0	0	0	0	0	0	0	0	0	8192	0	0
19200	123	6010	0	6010	196	2	2	0	0	0	0	0	0	0	0	0	0	0	0	0	8192	0	0
19200	124	6017	0	6017	192	5	2	0	0	0	0	0	0	0	0	0	0	0	0	0	8192	0	0
19200	125	6015	0	6015	198	2	2	0	0	0	0	0	0	0	0	0	0	0	0	0	8192	0	0
19200	126	6010	0	6010	192	4	2	0	0	0	0	0	0	0	0	0	0	0	0	0	8192	0	0
19200	127	6017	0	6017	194	3	0	0	0	0	0	0	0	0	0	0	0	0	0	0	8192	0	0
19200	128	6015	0	6015	196	2	2	0	0	0	0	0	0	0	0	0	0	0	0	0	8192	0	0
19200	129	6009	1	6010	194	5	0	0	0	0	0	0	0	0	0	0	0	0	0	0	8192	0	0
19200	130	6016	0	6016	192	6	6	0	0	0	0	0	0	0	0	0	0	0	0	0	8192	0	0
19200	131	6014	1	6015	194	4	6	0	0	0	0	0	0	0	0	0	0	0	0	0	8192	0	0
19200	132	6011	0	6011	194	3	2	0	0	0	0	0	0	0	0	0	0	0	0	0	8192	0	0
19200	133	6015	1	6016	194	5	2	0	0	0	0	0	0	0	0	0	0	0	0	0	8192	0	0
19200	134	6014	1	6015	192	8	2	0	0	0	0	0	0	0	0	0	0	0	0	0	8192	0	0
19200	135	6008	2	6010	200	1	2	0	0	0	0	0	0	0	0	0	0	0	0	0	8192	0	0
19200	136	6015	1	6016	196	2	0	0	0	0	0	0	0	0	0	0	0	0	0	0	8192	0	0
19200	137	6016	0	6016	188	8	2	0	0	0	0	0	0	0	0	0	0	0	0	0	8192	0	0
19200	138	6008	1	6009	194	6	0	0	0	0	0	0	0	0	0	0	0	0	0	0	8192	0	0
19200	139	6015	0	6015	192	5	6	0	0	0	0	0	0	0	0	0	0	0	0	0	8192	0	0
19200	140	6014	1	6015	192	6	6	0	0	0	0	0	0	0	0	0	0	0	0	0	8192	0	0
19200	141	6009	1	6010	194	7	2	0	0	0	0	0	0	0	0	0	0	0	0	0	8192	0	0
19200	142	6014	1	6015	196	4	2	0	0	0	0	0	0	0	0	0	0	0	0	0	8192	0	0
19200	143	6015	0	6015	194	6	2	0	0	0	0	0	0	0	0	0	0	0	0	0	8192	0	0
19200	144	6010	0	6010	192	5	2	0	0	0	0	0	0	0	0	0	0	0	0	3	8192	0	0
19200	145	6014	1	6015	194	6	0	0	0	0	0	0	0	0	0	0	0	0	0	0	8192	0	0
19200	146	6016	0	6016	193	5	2	0	0	0	0	0	0	0	0	0	0	0	0	0	8192	0	0
19200	147	6011	0	6011	192	5	0	0	0	0	0	0	0	0	0	0	0	0	0	0	8192	0	0
19200	148	6016	0	6016	196	0	6	0	0	0	0	0	0	0	0	0	0	0	0	0	8192	0	0
19200	149	6014	1	6015	194	4	6	0	0	0	0	0	0	0	0	0	0	0	0	0	8192	0	0
19200	150	6009	0	6009	192	5	2	0	0	0	0	0	0	0	0	0	0	0	0	0	8192	0	0
19200	151	6014	2	6016	196	5	2	0	0	0	0	0	0	0	0	0	0	0	0	0	8192	0	0
19200	152	6016	0	6016	196	3	2	0	0	0	0	0	0	0	0	0	0	0	0	0	8192	0	0
19200	153	6008	1	6009	196	1	2	0	0	0	0	0	0	0	0	0	0	0	0	0	8192	0	0
19200	154	6014	2	6016	192	7	0	0	0	0	0	0	0	0	0	0	0	0	0	0	8192	0	0
19200	155	6016	1	6017	196	1	2	0	0	0	0	0	0	0	0	0	0	0	0	0	8192	0	0
19200	156	6009	1	6010	192	6	0	0	0	0	0	0	0	0	0	0	0	0	0	0	8192	0	0
19200	157	6015	1	6016	198	2	6	0	0	0	0	0	0	0	0	0	0	0	0	0	8192	0	0
19200	158	6017	0	6017	190	7	6	0	0	0	0	0	0	0	0	0	0	0	0	0	8192	0	0
19200	159	6009	0	6009	196	1	2	0	0	0	0	0	0	0	0	0	0	0	0	0	8192	0	0
19200	160	6015	1	6016	194	4	2	0	0	0	0	0	0	0	0	0	0	0	0	0	8192	0	0
19200	161	6015	0	6015	192	5	2	0	0	0	0	0	0	0	0	0	0	0	0	0	8192	0	0
19200	162	6009	1	6010	194	5	2	0	0	0	0	0	0	0	0	0	0	0	0	0	8192	0	0
19200	163	6016	0	6016	192	5	0	0	0	0	0	0	0	0	0	0	0	0	0	0	8192	0	0
19200	164	6015	0	6015	198	2	2	0	0	0	0	0	0	0	0	0	0	0	0	0	8192	0	0
19200	165	6010	0	6010	196	5	0	0	0	0	0	0	0	0	0	0	0	0	0	0	8192	0	0
19200	166	6015	1	6016	198	3	6	0	0	0	0	0	0	0	0	0	0	0	0	0	8192	0	0
19200	167	6014	1	6015	196	4	6	0	0	0	0	0	0	0	0	0	0	0	0	0	8192	0	0
19200	168	6009	1	6010	196	3	2	0	0	0	0	0	0	0	0	0	0	0	0	0	8192	0	0
19200	169	6016	0	6016	198	1	2	0	0	0	0	0	0	0	0	0	0	0	0	0	8192	0	0
19200	170	6013	1	6014	194	5	2	0	0	0	0	0	0	0	0	0	0	0	0	0	8192	0	0
19200	171	6010	1	6011	192	5	2	0	0	0	0	0	0	0	0	0	0	0	0	0	8192	0	0
19200	172	6014	1	6015	196	4	0	0	0	0	0	0	0	0	0	0	0	0	0	0	8192	0	0
19200	173	6015	0	6015	192	10	2	0	0	0	0	0	0	0	0	0	0	0	0	0	8192	0	0
19200	174	6011	0	6011	194	3	0	0	0	0	0	0	0	0	0	0	0	0	0	0	8192	0	0
19200	175	6014	1	6015	198	2	8	0	0	0	0	0	0	0	0	0	0	0	0	0	8192	0	0
19200	176	6015	0	6015	192	10	4	0	0	0	0	0	0	0	0	0	0	0	0	0	8192	0	0
19200	177	6010	1	6011	194	3	2	0	0	0	0	0	0	0	0	0	0	0	0	0	8192	0	0
19200	178	6016	0	6016	196	0	2	0	0	0	0	0	0	0	0	0	0	0	0	0	8192	0	0
19200	179	6014	1	6015	196	4	2	0	0	0	0	0	0	0	0	0	0	0	0	0	8192	0	0
19200	180	6010	0	6010	195	4	2	0	0	0	0	0	0	0	0	0	0	0	0	0	8192	0	0
19200	181	6015	0	6015	194	3	0	0	0	0	0	0	0	0	0	0	0	0	0	0	8192	0	0
19200	182	6015	2	6017	192	5	2	0	0	0	0	0	0	0	0	0	0	0	0	0	8192	0	0
19200	183	6010	0	6010	196	2	0	0	0	0	0	0	0	0	0	0	0	0	0	0	8192	0	0
19200	184	6015	1	6016	194	5	6	0	0	0	0	0	0	0	0	0	0	0	0	0	8192	0	0
19200	185	6016	1	6017	192	5	4	0	0	0	0	0	0	0	0	0	0	0	0	0	8192	0	0
19200	186	6010	0	6010	196	0	2	0	0	0	0	0	0	0	0	0	0	0	0	0	12288	0	0
19200	187	6017	0	6017	194	3	2	0	0	0	0	0	0	0	0	0	0	0	0	0	8192	0	0
19200	188	6015	0	6015	192	8	2	0	0	0	0	0	0	0	0	0	0	0	0	0	8192	0	0
19200	189	6010	0	6010	192	6	4	0	0	0	0	0	0	0	0	0	0	0	0	0	8192	0	0
19200	190	6016	0	6016	192	6	0	0	0	0	0	0	0	0	0	0	0	0	0	0	8192	0	0
19200	191	6016	0	6016	194	4	2	0	0	0	0	0	0	0	0	0	0	0	0	3	8192	0	0
19200	192	6011	0	6011	192	6	0	0	0	0	0	0	0	0	0	0	0	0	0	0	8192	0	0
19200	193	6015	1	6016	200	1	6	0	0	0	0	0	0	0	0	0	0	0	0	0	8192	0	0
19200	194	6014	0	6014	194	4	6	0	0	0	0	0	0	0	0	0	0	0	0	0	8192	0	0
19200	195	6011	2	6013	194	2	2	0	0	0	0	0	0	0	0	0	0	0	0	0	8192	0	0
19200	196	6015	1	6016	192	7	2	0	0	0	0	0	0	0	0	0	0	0	0	0	8192	0	0
19200	197	6012	2	6014	194	2	2	0	0	0	0	0	0	0	0	0	0	0	0	0	8192	0	0
19200	198	6013	0	6013	192	8	2	0	0	0	0	0	0	0	0	0	0	0	0	0	8192	0	0
19200	199	6015	1	6016	194	5	0	0	0	0	0	0	0	0	0	0	0	0	0	0	8192	0	0
19200	200	6013	0	6013	194	3	2	0	0	0	0	0	0	0	0	0	0	0	0	0	8192	0	0
19200	201	6014	0	6014	190	8	0	0	0	0	0	0	0	0	0	0	0	0	0	0	8192	0	0
19200	202	6015	0	6015	190	10	6	0	0	0	0	0	0	0	0	0	0	0	0	0	8192	0	0
19200	203	6012	0	6012	190	6	6	0	0	0	0	0	0	0	0	0	0	0	0	0	8192	0	0
19200	204	6016	0	6016	190	7	2	0	0	0	0	0	0	0	0	0	0	0	0	0	8192	0	0
19200	205	6014	1	6015	194	6	2	0	0	0	0	0	0	0	0	0	0	0	0	0	8192	0	0
19200	206	6011	0	6011	198	0	2	0	0	0	0	0	0	0	0	0	0	0	0	0	8192	0	0
19200	207	6015	1	6016	196	3	2	0	0	0	0	0	0	0	0	0	0	0	0	0	8192	0	0
19200	208	6016	0	6016	196	0	0	0	0	0	0	0	0	0	0	0	0	0	0	0	8192	0	0
19200	209	6009	1	6010	192	8	2	0	0	0	0	0	0	0	0	0	0	0	0	0	8192	0	0
19200	210	6015	1	6016	194	5	0	0	0	0	0	0	0	0	0	0	0	0	0	0	8192	0	0
19200	211	6015	0	6015	196	1	6	0	0	0	0	0	0	0	0	0	0	0	0	0	8192	0	0
19200	212	6010	0	6010	194	4	6	0	0	0	0	0	0	0	0	0	0	0	0	0	8192	0	0
19200	213	6017	0	6017	192	5	2	0	0	0	0	0	0	0	0	0	0	0	0	0	8192	0	0
19200	214	6016	0	6016	194	2	2	0	0	0	0	0	0	0	0	0	0	0	0	0	8192	0	0
19200	215	6010	1	6011	192	5	2	0	0	0	0	0	0	0	0	0	0	0	0	0	8192	0	0
19200	216	6015	1	6016	190	11	2	0	0	0	0	0	0	0	0	0	0	0	0	0	8192	0	0
19200	217	6014	1	6015	194	4	0	0	0	0	0	0	0	0	0	0	0	0	0	0	8192	0	0
19200	218	6011	0	6011	190	7	2	0	0	0	0	0	0	0	0	0	0	0	0	0	8192	0	0
19200	219	6015	1	6016	194	2	0	0	0	0	0	0	0	0	0	0	0	0	0	0	8192	0	0
19200	220	6016	0	6016	192	6	6	0	0	0	0	0	0	0	0	0	0	0	0	0	8192	0	0
19200	221	6010	1	6011	192	5	6	0	0	0	0	0	0	0	0	0	0	0	0	0	8192	0	0
19200	222	6015	1	6016	194	2	2	0	0	0	0	0	0	0	0	0	0	0	0	0	8192	0	0
19200	223	6015	2	6017	194	3	2	0	0	0	0	0	0	0	0	0	0	0	0	0	8192	0	0
19200	224	6009	1	6010	196	5	2	0	0	0	0	0	0	0	0	0	0	0	0	0	8192	0	0
19200	225	6015	0	6015	194	4	2	0	0	0	0	0	0	0	0	0	0	0	0	0	8192	0	0
19200	226	6016	0	6016	192	5	0	0	0	0	0	0	0	0	0	0	0	0	0	0	8192	0	0
19200	227	6011	0	6011	194	3	2	0	0	0	0	0	0	0	0	0	0	0	0	0	8192	0	0
19200	228	6014	0	6014	192	9	0	0	0	0	0	0	0	0	0	0	0	0	0	0	8192	0	0
19200	229	6016	0	6016	192	6	6	0	0	0	0	0	0	0	0	0	0	0	0	0	8192	0	0
19200	230	6009	0	6009	192	8	6	0	0	0	0	0	0	0	0	0	0	0	0	0	8192	0	0
19200	231	6014	1	6015	196	5	2	0	0	0	0	0	0	0	0	0	0	0	0	0	8192	0	0
19200	232	6017	0	6017	196	1	2	0	0	0	0	0	0	0	0	0	0	0	0	0	8192	0	0
19200	233	6009	1	6010	192	4	2	0	0	0	0	0	0	0	0	0	0	0	0	0	8192	0	0
19200	234	6016	0	6016	192	7	2	0	0	0	0	0	0	0	0	0	0	0	0	0	8192	0	0
19200	235	6015	1	6016	200	1	0	0	0	0	0	0	0	0	0	0	0	0	0	0	8192	0	0
19200	236	6009	0	6009	196	4	2	0	0	0	0	0	0	0	0	0	0	0	0	0	8192	0	0
19200	237	6015	1	6016	200	1	0	0	0	0	0	0	0	0	0	0	0	0	0	0	8192	0	0
19200	238	6017	0	6017	190	8	6	0	0	0	0	0	0	0	0	0	0	0	0	3	24576	0	0
19200	239	6008	1	6009	194	3	6	0	0	0	0	0	0	0	0	0	0	0	0	0	8192	0	0
19200	240	6015	1	6016	186	12	2	0	0	0	0	0	0	0	0	0	0	0	0	0	8192	0	0
19200	241	6016	1	6017	194	3	2	0	0	0	0	0	0	0	0	0	0	0	0	0	8192	0	0
19200	242	6009	1	6010	192	4	2	0	0	0	0	0	0	0	0	0	0	0	0	0	8192	0	0
19200	243	6015	1	6016	192	7	2	0	0	0	0	0	0	0	0	0	0	0	0	0	8192	0	0
19200	244	6014	2	6016	190	6	0	0	0	0	0	0	0	0	0	0	0	0	0	0	8192	0	0
19200	245	6010	1	6011	194	3	2	0	0	0	0	0	0	0	0	0	0	0	0	0	8192	0	0
19200	246	6017	0	6017	186	11	0	0	0	0	0	0	0	0	0	0	0	0	0	0	8192	0	0
19200	247	6014	0	6014	194	4	6	0	0	0	0	0	0	0	0	0	0	0	0	0	8192	0	0
19200	248	6010	0	6010	190	8	6	0	0	0	0	0	0	0	0	0	0	0	0	0	8192	0	0
19200	249	6016	0	6016	192	6	2	0	0	0	0	0	0	0	0	0	0	0	0	0	8192	0	0
19200	250	6015	0	6015	194	6	2	0	0	0	0	0	0	0	0	0	0	0	0	0	8192	0	0
19200	251	6009	1	6010	194	5	2	0	0	0	0	0	0	0	0	0	0	0	0	0	8192	0	0
19200	252	6016	0	6016	192	8	2	0	0	0	0	0	0	0	0	0	0	0	0	0	8192	0	0
19200	253	6015	0	6015	192	6	0	0	0	0	0	0	0	0	0	0	0	0	0	0	8192	0	0
19200	254	6010	1	6011	192	5	2	0	0	0	0	0	0	0	0	0	0	0	0	0	8192	0	0
19200	255	6015	0	6015	192	6	0	0	0	0	0	0	0	0	0	0	0	0	0	0	8192	0	0
19200	256	6016	0	6016	190	8	6	0	0	0	0	0	0	0	0	0	0	0	0	0	8192	0	0
19200	257	6011	0	6011	192	5	6	0	0	0	0	0	0	0	0	0	0	0	0	0	8192	0	0
19200	258	6016	0	6016	192	4	2	0	0	0	0	0	0	0	0	0	0	0	0	0	8192	0	0
19200	259	6016	0	6016	192	6	2	0	0	0	0	0	0	0	0	0	0	0	0	0	8192	0	0
19200	260	6009	0	6009	200	2	2	0	0	0	0	0	0	0	0	0	0	0	0	0	8192	0	0
19200	261	6014	0	6014	192	6	2	0	0	0	0	0	0	0	0	0	0	0	0	0	8192	0	0
19200	262	6017	0	6017	190	7	0	0	0	0	0	0	0	0	0	0	0	0	0	0	8192	0	0
19200	263	6010	1	6011	190	7	2	0	0	0	0	0	0	0	0	0	0	0	0	0	8192	0	0
19200	264	6014	2	6016	190	6	0	0	0	0	0	0	0	0	0	0	0	0	0	0	8192	0	0
19200	265	6014	2	6016	192	9	6	0	0	0	0	0	0	0	0	0	0	0	0	0	8192	0	0
19200	266	6010	0	6010	192	4	6	0	0	0	0	0	0	0	0	0	0	0	0	0	8192	0	0
19200	267	6016	0	6016	196	5	2	0	0	0	0	0	0	0	0	0	0	0	0	0	8192	0	0
19200	268	6016	0	6016	196	1	2	0	0	0	0	0	0	0	0	0	0	0	0	0	8192	0	0
19200	269	6010	0	6010	194	2	2	0	0	0	0	0	0	0	0	0	0	0	0	0	8192	0	0
19200	270	6017	0	6017	192	5	2	0	0	0	0	0	0	0	0	0	0	0	0	0	8192	0	0
19200	271	6015	2	6017	192	5	0	0	0	0	0	0	0	0	0	0	0	0	0	0	8192	0	0
19200	272	6009	0	6009	194	2	2	0	0	0	0	0	0	0	0	0	0	0	0	0	8192	0	0
19200	273	6015	0	6015	196	4	0	0	0	0	0	0	0	0	0	0	0	0	0	0	8192	0	0
19200	274	6016	0	6016	194	5	6	0	0	0	0	0	0	0	0	0	0	0	0	0	8192	0	0
19200	275	6007	2	6009	194	5	6	0	0	0	0	0	0	0	0	0	0	0	0	0	8192	0	0
19200	276	6016	1	6017	194	3	2	0	0	0	0	0	0	0	0	0	0	0	0	0	8192	0	0
19200	277	6016	0	6016	192	4	2	0	0	0	0	0	0	0	0	0	0	0	0	0	8192	0	0
19200	278	6011	0	6011	194	2	2	0	0	0	0	0	0	0	0	0	0	0	0	0	8192	0	0
19200	279	6016	0	6016	196	5	2	0	0	0	0	0	0	0	0	0	0	0	0	0	8192	0	0
19200	280	6014	0	6014	196	2	0	0	0	0	0	0	0	0	0	0	0	0	0	0	8192	0	0
19200	281	6011	0	6011	194	6	2	0	0	0	0	0	0	0	0	0	0	0	0	0	8192	0	0
19200	282	6016	0	6016	196	5	0	0	0	0	0	0	0	0	0	0	0	0	0	0	8192	0	0
19200	283	6013	1	6014	194	4	6	0	0	0	0	0	0	0	0	0	0	0	0	0	8192	0	0
19200	284	6012	1	6013	194	5	6	0	0	0	0	0	0	0	0	0	0	0	0	0	8192	0	0
19200	285	6015	2	6017	190	7	2	0	0	0	0	0	0	0	0	0	0	0	0	3	8192	0	0
19200	286	6014	0	6014	196	2	2	0	0	0	0	0	0	0	0	0	0	0	0	0	8192	0	0
19200	287	6013	1	6014	192	5	2	0	0	0	0	0	0	0	0	0	0	0	0	0	8192	0	0
19200	288	6016	0	6016	192	4	2	0	0	0	0	0	0	0	0	0	0	0	0	0	8192	0	0
19200	289	6011	2	6013	190	6	0	0	0	0	0	0	0	0	0	0	0	0	0	0	12288	0	0
19200	290	6014	0	6014	194	6	2	0	0	0	0	0	0	0	0	0	0	0	0	0	8192	0	0
19200	291	6013	1	6014	194	7	0	0	0	0	0	0	0	0	0	0	0	0	0	0	8192	0	0
19200	292	6012	0	6012	192	6	6	0	0	0	0	0	0	0	0	0	0	0	0	0	8192	0	0
19200	293	6014	0	6014	196	4	6	0	0	0	0	0	0	0	0	0	0	0	0	0	8192	0	0
19200	294	6015	0	6015	192	5	2	0	0	0	0	0	0	0	0	0	0	0	0	0	8192	0	0
19200	295	6013	0	6013	194	5	2	0	0	0	0	0	0	0	0	0	0	0	0	0	8192	0	0
19200	296	6015	1	6016	196	1	2	0	0	0	0	0	0	0	0	0	0	0	0	0	8192	0	0
19200	297	6016	0	6016	196	0	2	0	0	0	0	0	0	0	0	0	0	0	0	0	8192	0	0
19200	298	6010	1	6011	196	5	0	0	0	0	0	0	0	0	0	0	0	0	0	0	8192	0	0
19200	299	6016	1	6017	190	7	2	0	0	0	0	0	0	0	0	0	0	0	0	0	8192	0	0
19200	300	6013	2	6015	196	2	0	0	0	0	0	0	0	0	0	0	0	0	0	0	8192	0	0
19200	301	6010	1	6011	196	3	6	0	0	0	0	0	0	0	0	0	0	0	0	0	8192	0	0
19200	302	6015	1	6016	194	2	6	0	0	0	0	0	0	0	0	0	0	0	0	0	12288	0	0
19200	303	6014	2	6016	194	5	2	0	0	0	0	0	0	0	0	0	0	0	0	0	8192	0	0
19200	304	6007	3	6010	192	6	2	0	0	0	0	0	0	0	0	0	0	0	0	0	8192	0	0
19200	305	6016	0	6016	190	6	2	0	0	0	0	0	0	0	0	0	0	0	0	0	8192	0	0
19200	306	6014	2	6016	196	3	2	0	0	0	0	0	0	0	0	0	0	0	0	0	8192	0	0
19200	307	6010	0	6010	198	3	0	0	0	0	0	0	0	0	0	0	0	0	0	0	8192	0	0
19200	308	6014	0	6014	192	7	2	0	0	0	0	0	0	0	0	0	0	0	0	0	8192	0	0
19200	309	6015	1	6016	190	9	0	0	0	0	0	0	0	0	0	0	0	0	0	0	8192	0	0
19200	310	6009	1	6010	192	6	6	0	0	0	0	0	0	0	0	0	0	0	0	0	8192	0	0
19200	311	6014	0	6014	198	1	6	0	0	0	0	0	0	0	0	0	0	0	0	0	8192	0	0
19200	312	6015	2	6017	192	5	2	0	0	0	0	0	0	0	0	0	0	0	0	0	8192	0	0
19200	313	6008	2	6010	192	4	2	0	0	0	0	0	0	0	0	0	0	0	0	0	8192	0	0
19200	314	6017	0	6017	194	3	2	0	0	0	0	0	0	0	0	0	0	0	0	0	8192	0	0
19200	315	6016	0	6016	196	4	2	0	0	0	0	0	0	0	0	0	0	0	0	0	8192	0	0
19200	316	6009	1	6010	194	4	0	0	0	0	0	0	0	0	0	0	0	0	0	0	8192	0	0
19200	317	6016	0	6016	190	11	2	0	0	0	0	0	0	0	0	0	0	0	0	0	8192	0	0
19200	318	6016	0	6016	198	3	0	0	0	0	0	0	0	0	0	0	0	0	0	0	8192	0	0
19200	319	6009	0	6009	196	2	6	0	0	0	0	0	0	0	0	0	0	0	0	0	8192	0	0
19200	320	6016	0	6016	196	5	6	0	0	0	0	0	0	0	0	0	0	0	0	0	8192	0	0
19200	321	6016	0	6016	200	1	2	0	0	0	0	0	0	0	0	0	0	0	0	0	8192	0	0
19200	322	6009	1	6010	196	2	2	0	0	0	0	0	0	0	0	0	0	0	0	0	8192	0	0
19200	323	6015	1	6016	190	11	2	0	0	0	0	0	0	0	0	0	0	0	0	0	8192	0	0
19200	324	6015	0	6015	195	4	2	0	0	0	0	0	0	0	0	0	0	0	0	0	8192	0	0
19200	325	6010	0	6010	192	6	0	0	0	0	0	0	0	0	0	0	0	0	0	0	8192	0	0
19200	326	6015	1	6016	190	8	2	0	0	0	0	0	0	0	0	0	0	0	0	0	8192	0	0
19200	327	6015	0	6015	196	1	0	0	0	0	0	0	0	0	0	0	0	0	0	0	8192	0	0
19200	328	6009	0	6009	192	8	6	0	0	0	0	0	0	0	0	0	0	0	0	0	8192	0	0
19200	329	6015	1	6016	192	6	6	0	0	0	0	0	0	0	0	0	0	0	0	0	8192	0	0
19200	330	6014	0	6014	190	9	2	0	0	0	0	0	0	0	0	0	0	0	0	0	8192	0	0
19200	331	6009	1	6010	190	8	2	0	0	0	0	0	0	0	0	0	0	0	0	0	8192	0	0
19200	332	6016	0	6016	192	7	2	0	0	0	0	0	0	0	0	0	0	0	0	3	8192	0	0
19200	333	6015	1	6016	194	2	2	0	0	0	0	0	0	0	0	0	0	0	0	0	8192	0	0
19200	334	6011	0	6011	192	5	0	0	0	0	0	0	0	0	0	0	0	0	0	0	8192	0	0
19200	335	6015	0	6015	198	2	2	0	0	0	0	0	0	0	0	0	0	0	0	0	8192	0	0
19200	336	6015	0	6015	194	6	0	0	0	0	0	0	0	0	0	0	0	0	0	0	8192	0	0
19200	337	6009	1	6010	196	5	6	0	0	0	0	0	0	0	0	0	0	0	0	0	8192	0	0
19200	338	6014	1	6015	196	2	6	0	0	0	0	0	0	0	0	0	0	0	0	0	8192	0	0
19200	339	6016	0	6016	198	3	2	0	0	0	0	0	0	0	0	0	0	0	0	0	8192	0	0
19200	340	6010	0	6010	196	3	2	0	0	0	0	0	0	0	0	0	0	0	0	0	8192	0	0
19200	341	6012	2	6014	196	5	2	0	0	0	0	0	0	0	0	0	0	0	0	0	8192	0	0
19200	342	6015	0	6015	198	4	2	0	0	0	0	0	0	0	0	0	0	0	0	0	8192	0	0
19200	343	6011	0	6011	192	5	0	0	0	0	0	0	0	0	0	0	0	0	0	0	8192	0	0
19200	344	6015	0	6015	194	5	2	0	0	0	0	0	0	0	0	0	0	0	0	0	8192	0	0
19200	345	6014	2	6016	194	5	0	0	0	0	0	0	0	0	0	0	0	0	0	0	8192	0	0
19200	346	6010	0	6010	196	5	6	0	0	0	0	0	0	0	0	0	0	0	0	0	8192	0	0
19200	347	6016	0	6016	194	2	4	0	0	0	0	0	0	0	0	0	0	0	0	0	8192	0	0
19200	348	6016	1	6017	192	5	2	0	0	0	0	0	0	0	0	0	0	0	0	0	8192	0	0
19200	349	6010	0	6010	196	0	2	0	0	0	0	0	0	0	0	0	0	0	0	0	8192	0	0
19200	350	6016	1	6017	196	1	2	0	0	0	0	0	0	0	0	0	0	0	0	0	8192	0	0
19200	351	6016	0	6016	190	11	2	0	0	0	0	0	0	0	0	0	0	0	0	0	8192	0	0
19200	352	6009	1	6010	188	8	0	0	0	0	0	0	0	0	0	0	0	0	0	0	8192	0	0
19200	353	6015	1	6016	194	5	2	0	0	0	0	0	0	0	0	0	0	0	0	0	8192	0	0
19200	354	6016	0	6016	194	3	0	0	0	0	0	0	0	0	0	0	0	0	0	0	8192	0	0
19200	355	6009	0	6009	192	6	6	0	0	0	0	0	0	0	0	0	0	0	0	0	8192	0	0
19200	356	6016	1	6017	192	5	6	0	0	0	0	0	0	0	0	0	0	0	0	0	8192	0	0
19200	357	6017	0	6017	194	3	2	0	0	0	0	0	0	0	0	0	0	0	0	0	8192	0	0
19200	358	6009	0	6009	194	6	2	0	0	0	0	0	0	0	0	0	0	0	0	0	8192	0	0
19200	359	6016	0	6016	196	3	2	0	0	0	0	0	0	0	0	0	0	0	0	0	8192	0	0
19200	360	6015	0	6015	194	3	2	0	0	0	0	0	0	0	0	0	0	0	0	0	8192	0	0
19200	361	6010	0	6010	196	2	0	0	0	0	0	0	0	0	0	0	0	0	0	0	8192	0	0
19200	362	6014	1	6015	198	2	2	0	0	0	0	0	0	0	0	0	0	0	0	0	8192	0	0
19200	363	6014	0	6014	198	3	0	0	0	0	0	0	0	0	0	0	0	0	0	0	8192	0	0
19200	364	6010	0	6010	196	2	6	0	0	0	0	0	0	0	0	0	0	0	0	0	8192	0	0
19200	365	6014	1	6015	195	6	6	0	0	0	0	0	0	0	0	0	0	0	0	0	8192	0	0
19200	366	6016	0	6016	194	2	2	0	0	0	0	0	0	0	0	0	0	0	0	0	8192	0	0
19200	367	6010	0	6010	190	9	2	0	0	0	0	0	0	0	0	0	0	0	0	0	8192	0	0
19200	368	6015	1	6016	194	5	2	0	0	0	0	0	0	0	0	0	0	0	0	0	8192	0	0
19200	369	6015	1	6016	196	0	2	0	0	0	0	0	0	0	0	0	0	0	0	0	8192	0	0
19200	370	6009	2	6011	192	7	0	0	0	0	0	0	0	0	0	0	0	0	0	0	8192	0	0
19200	371	6013	1	6014	194	7	2	0	0	0	0	0	0	0	0	0	0	0	0	0	8192	0	0
19200	372	6014	2	6016	192	4	0	0	0	0	0	0	0	0	0	0	0	0	0	0	8192	0	0
19200	373	6009	1	6010	190	9	6	0	0	0	0	0	0	0	0	0	0	0	0	0	8192	0	0
19200	374	6013	2	6015	194	4	6	0	0	0	0	0	0	0	0	0	0	0	0	0	8192	0	0
19200	375	6017	0	6017	192	5	2	0	0	0	0	0	0	0	0	0	0	0	0	0	8192	0	0
19200	376	6010	1	6011	194	3	2	0	0	0	0	0	0	0	0	0	0	0	0	0	8192	0	0
19200	377	6015	0	6015	194	3	2	0	0	0	0	0	0	0	0	0	0	0	0	0	8192	0	0
19200	378	6016	0	6016	194	4	2	0	0	0	0	0	0	0	0	0	0	0	0	0	8192	0	0
19200	379	6010	1	6011	192	6	0	0	0	0	0	0	0	0	0	0	0	0	0	3	8192	0	0
19200	380	6014	1	6015	192	8	2	0	0	0	0	0	0	0	0	0	0	0	0	0	8192	0	0
19200	381	6014	1	6015	196	4	0	0	0	0	0	0	0	0	0	0	0	0	0	0	8192	0	0
19200	382	6012	0	6012	196	1	6	0	0	0	0	0	0	0	0	0	0	0	0	0	8192	0	0
19200	383	6015	0	6015	196	4	6	0	0	0	0	0	0	0	0	0	0	0	0	0	8192	0	0
19200	384	6015	0	6015	194	5	2	0	0	0	0	0	0	0	0	0	0	0	0	0	8192	0	0
19200	385	6011	2	6013	196	0	2	0	0	0	0	0	0	0	0	0	0	0	0	0	8192	0	0
19200	386	6015	1	6016	194	5	2	0	0	0	0	0	0	0	0	0	0	0	0	0	8192	0	0
19200	387	6014	1	6015	190	7	2	0	0	0	0	0	0	0	0	0	0	0	0	0	8192	0	0
19200	388	6013	0	6013	194	2	0	0	0	0	0	0	0	0	0	0	0	0	0	0	8192	0	0
19200	389	6017	0	6017	194	3	2	0	0	0	0	0	0	0	0	0	0	0	0	0	8192	0	0
19200	390	6014	0	6014	192	7	0	0	0	0	0	0	0	0	0	0	0	0	0	0	8192	0	0
19200	391	6013	0	6013	192	4	6	0	0	0	0	0	0	0	0	0	0	0	0	0	8192	0	0
19200	392	6016	0	6016	198	3	6	0	0	0	0	0	0	0	0	0	0	0	0	0	8192	0	0
19200	393	6013	0	6013	196	3	2	0	0	0	0	0	0	0	0	0	0	0	0	0	8192	0	0
19200	394	6014	0	6014	194	3	2	0	0	0	0	0	0	0	0	0	0	0	0	0	8192	0	0
19200	395	6014	1	6015	192	8	2	0	0	0	0	0	0	0	0	0	0	0	0	0	8192	0	0
19200	396	6010	0	6010	196	1	2	0	0	0	0	0	0	0	0	0	0	0	0	0	8192	0	0
19200	397	6015	0	6015	198	2	0	0	0	0	0	0	0	0	0	0	0	0	0	0	8192	0	0
19200	398	6017	0	6017	196	1	2	0	0	0	0	0	0	0	0	0	0	0	0	0	8192	0	0
19200	399	6009	1	6010	198	1	0	0	0	0	0	0	0	0	0	0	0	0	0	0	8192	0	0
19200	400	6017	0	6017	192	5	6	0	0	0	0	0	0	0	0	0	0	0	0	0	8192	0	0
19200	401	6016	1	6017	192	5	6	0	0	0	0	0	0	0	0	0	0	0	0	0	8192	0	0
19200	402	6009	1	6010	194	3	2	0	0	0	0	0	0	0	0	0	0	0	0	0	8192	0	0
19200	403	6014	3	6017	192	5	2	0	0	0	0	0	0	0	0	0	0	0	0	0	8192	0	0
19200	404	6014	2	6016	196	3	2	0	0	0	0	0	0	0	0	0	0	0	0	0	8192	0	0
19200	405	6009	1	6010	190	7	2	0	0	0	0	0	0	0	0	0	0	0	0	0	12288	0	0
19200	406	6014	2	6016	194	7	0	0	0	0	0	0	0	0	0	0	0	0	0	0	8192	0	0
19200	407	6016	0	6016	196	0	2	0	0	0	0	0	0	0	0	0	0	0	0	0	8192	0	0
19200	408	6010	0	6010	192	6	0	0	0	0	0	0	0	0	0	0	0	0	0	0	8192	0	0
19200	409	6014	1	6015	188	12	6	0	0	0	0	0	0	0	0	0	0	0	0	0	8192	0	0
19200	410	6015	1	6016	188	8	6	0	0	0	0	0	0	0	0	0	0	0	0	0	8192	0	0
19200	411	6010	0	6010	192	6	2	0	0	0	0	0	0	0	0	0	0	0	0	0	8192	0	0
19200	412	6016	0	6016	192	6	2	0	0	0	0	0	0	0	0	0	0	0	0	0	8192	0	0
19200	413	6015	0	6015	194	3	2	0	0	0	0	0	0	0	0	0	0	0	0	0	8192	0	0
19200	414	6009	0	6009	194	6	2	0	0	0	0	0	0	0	0	0	0	0	0	0	8192	0	0
19200	415	6016	0	6016	190	8	0	0	0	0	0	0	0	0	0	0	0	0	0	0	8192	0	0
19200	416	6015	1	6016	194	2	2	0	0	0	0	0	0	0	0	0	0	0	0	0	8192	0	0
19200	417	6010	0	6010	192	8	0	0	0	0	0	0	0	0	0	0	0	0	0	0	8192	0	0
19200	418	6016	0	6016	190	8	6	0	0	0	0	0	0	0	0	0	0	0	0	0	8192	0	0
19200	419	6016	0	6016	190	6	6	0	0	0	0	0	0	0	0	0	0	0	0	0	8192	0	0
19200	420	6011	0	6011	194	3	2	0	0	0	0	0	0	0	0	0	0	0	0	0	8192	0	0
19200	421	6016	0	6016	194	2	2	0	0	0	0	0	0	0	0	0	0	0	0	0	8192	0	0
19200	422	6017	0	6017	190	7	2	0	0	0	0	0	0	0	0	0	0	0	0	0	8192	0	0
19200	423	6010	0	6010	190	11	2	0	0	0	0	0	0	0	0	0	0	0	0	0	8192	0	0
19200	424	6015	0	6015	192	8	0	0	0	0	0	0	0	0	0	0	0	0	0	0	8192	0	0
19200	425	6016	0	6016	192	9	2	0	0	0	0	0	0	0	0	0	0	0	0	0	8192	0	0
19200	426	6011	1	6012	194	4	1	0	0	0	0	0	0	0	0	0	0	0	0	3	45056	7	0
19200	427	6015	1	6016	192	4	6	0	0	0	0	0	0	0	0	0	0	0	0	0	8192	0	0
19200	428	6017	0	6017	194	3	6	0	0	0	0	0	0	0	0	0	0	0	0	0	8192	0	0
19200	429	6010	1	6011	190	7	2	0	0	0	0	0	0	0	0	0	0	0	0	0	8192	0	0
19200	430	6013	1	6014	192	7	2	0	0	0	0	0	0	0	0	0	0	0	0	0	8192	0	0
19200	431	6015	0	6015	198	2	2	0	0	0	0	0	0	0	0	0	0	0	0	0	8192	0	0
19200	432	6009	0	6009	198	1	2	0	0	0	0	0	0	0	0	0	0	0	0	0	8192	0	0
19200	433	6016	0	6016	194	4	0	0	0	0	0	0	0	0	0	0	0	0	0	0	8192	0	0
19200	434	6015	0	6015	192	8	2	0	0	0	0	0	0	0	0	0	0	0	0	0	8192	0	0
19200	435	6008	2	6010	190	6	0	0	0	0	0	0	0	0	0	0	0	0	0	0	8192	0	0
19200	436	6016	0	6016	196	5	6	0	0	0	0	0	0	0	0	0	0	0	0	0	8192	0	0
19200	437	6016	0	6016	192	5	6	0	0	0	0	0	0	0	0	0	0	0	0	0	8192	0	0
19200	438	6007	1	6008	196	1	2	0	0	0	0	0	0	0	0	0	0	0	0	0	8192	0	0
19200	439	6015	0	6015	192	8	2	0	0	0	0	0	0	0	0	0	0	0	0	0	8192	0	0
19200	440	6015	0	6015	190	8	2	0	0	0	0	0	0	0	0	0	0	0	0	0	8192	0	0
19200	441	6009	1	6010	194	4	2	0	0	0	0	0	0	0	0	0	0	0	0	0	8192	0	0
19200	442	6016	0	6016	194	5	0	0	0	0	0	0	0	0	0	0	0	0	0	0	8192	0	0
19200	443	6015	0	6015	190	8	2	0	0	0	0	0	0	0	0	0	0	0	0	0	8192	0	0
19200	444	6010	1	6011	194	3	0	0	0	0	0	0	0	0	0	0	0	0	0	0	8192	0	0
19200	445	6016	0	6016	194	5	6	0	0	0	0	0	0	0	0	0	0	0	0	0	8192	0	0
19200	446	6014	2	6016	196	2	6	0	0	0	0	0	0	0	0	0	0	0	0	0	8192	0	0
19200	447	6009	2	6011	192	5	2	0	0	0	0	0	0	0	0	0	0	0	0	0	8192	0	0
19200	448	6016	1	6017	194	3	2	0	0	0	0	0	0	0	0	0	0	0	0	0	8192	0	0
19200	449	6013	1	6014	194	7	2	0	0	0	0	0	0	0	0	0	0	0	0	0	8192	0	0
19200	450	6009	0	6009	198	4	2	0	0	0	0	0	0	0	0	0	0	0	0	0	8192	0	0
19200	451	6016	0	6016	196	5	0	0	0	0	0	0	0	0	0	0	0	0	0	0	8192	0	0
19200	452	6014	1	6015	196	1	2	0	0	0	0	0	0	0	0	0	0	0	0	0	8192	0	0
19200	453	6008	2	6010	192	9	0	0	0	0	0	0	0	0	0	0	0	0	0	0	8192	0	0
19200	454	6016	0	6016	194	2	6	0	0	0	0	0	0	0	0	0	0	0	0	0	8192	0	0
19200	455	6014	1	6015	192	8	6	0	0	0	0	0	0	0	0	0	0	0	0	0	8192	0	0
19200	456	6010	1	6011	192	5	2	0	0	0	0	0	0	0	0	0	0	0	0	0	8192	0	0
19200	457	6015	1	6016	190	6	2	0	0	0	0	0	0	0	0	0	0	0	0	0	8192	0	0
19200	458	6016	0	6016	196	4	2	0	0	0	0	0	0	0	0	0	0	0	0	0	8192	0	0
19200	459	6010	0	6010	192	6	2	0	0	0	0	0	0	0	0	0	0	0	0	0	8192	0	0
19200	460	6014	1	6015	192	5	0	0	0	0	0	0	0	0	0	0	0	0	0	0	8192	0	0
19200	461	6016	0	6016	192	6	2	0	0	0	0	0	0	0	0	0	0	0	0	0	8192	0	0
19200	462	6011	0	6011	194	3	0	0	0	0	0	0	0	0	0	0	0	0	0	0	8192	0	0
19200	463	6016	0	6016	186	10	6	0	0	0	0	0	0	0	0	0	0	0	0	0	8192	0	0
19200	464	6015	1	6016	194	4	6	0	0	0	0	0	0	0	0	0	0	0	0	0	8192	0	0
19200	465	6010	1	6011	196	1	2	0	0	0	0	0	0	0	0	0	0	0	0	0	8192	0	0
19200	466	6014	0	6014	194	7	2	0	0	0	0	0	0	0	0	0	0	0	0	0	8192	0	0
19200	467	6016	0	6016	196	4	2	0	0	0	0	0	0	0	0	0	0	0	0	0	8192	0	0
19200	468	6010	0	6010	194	2	2	0	0	0	0	0	0	0	0	0	0	0	0	0	8192	0	0
19200	469	6016	1	6017	194	3	0	0	0	0	0	0	0	0	0	0	0	0	0	0	8192	0	0
19200	470	6016	0	6016	196	3	2	0	0	0	0	0	0	0	0	0	0	0	0	0	8192	0	0
19200	471	6008	0	6008	196	3	0	0	0	0	0	0	0	0	0	0	0	0	0	0	8192	0	0
19200	472	6016	1	6017	194	3	6	0	0	0	0	0	0	0	0	0	0	0	0	0	8192	0	0
19200	473	6015	1	6016	196	1	6	0	0	0	0	0	0	0	0	0	0	0	0	3	8192	0	0
19200	474	6010	0	6010	194	3	2	0	0	0	0	0	0	0	0	0	0	0	0	0	8192	0	0
19200	475	6015	1	6016	198	1	2	0	0	0	0	0	0	0	0	0	0	0	0	0	8192	0	0
19200	476	6016	2	6018	194	7	2	0	0	0	0	0	0	0	0	0	0	0	0	0	8192	0	0
19200	477	6009	0	6009	194	3	2	0	0	0	0	0	0	0	0	0	0	0	0	0	8192	0	0
19200	478	6016	0	6016	194	4	0	0	0	0	0	0	0	0	0	0	0	0	0	0	8192	0	0
19200	479	6015	0	6015	194	3	2	0	0	0	0	0	0	0	0	0	0	0	0	0	8192	0	0
19200	480	6010	0	6010	192	6	0	0	0	0	0	0	0	0	0	0	0	0	0	0	8192	0	0
19200	481	6014	1	6015	196	6	6	0	0	0	0	0	0	0	0	0	0	0	0	0	8192	0	0
19200	482	6015	0	6015	196	2	6	0	0	0	0	0	0	0	0	0	0	0	0	0	8192	0	0
19200	483	6010	1	6011	194	3	2	0	0	0	0	0	0	0	0	0	0	0	0	0	8192	0	0
19200	484	6017	0	6017	194	3	2	0	0	0	0	0	0	0	0	0	0	0	0	0	8192	0	0
19200	485	6015	1	6016	192	4	2	0	0	0	0	0	0	0	0	0	0	0	0	0	8192	0	0
19200	486	6011	0	6011	192	7	2	0	0	0	0	0	0	0	0	0	0	0	0	0	8192	0	0
19200	487	6016	0	6016	192	7	0	0	0	0	0	0	0	0	0	0	0	0	0	0	8192	0	0
19200	488	6014	2	6016	190	6	2	0	0	0	0	0	0	0	0	0	0	0	0	0	8192	0	0
19200	489	6012	0	6012	192	5	0	0	0	0	0	0	0	0	0	0	0	0	0	0	8192	0	0
19200	490	6015	0	6015	194	4	6	0	0	0	0	0	0	0	0	0	0	0	0	0	8192	0	0
19200	491	6016	0	6016	194	2	6	0	0	0	0	0	0	0	0	0	0	0	0	0	8192	0	0
19200	492	6010	2	6012	196	1	2	0	0	0	0	0	0	0	0	0	0	0	0	0	8192	0	0
19200	493	6015	1	6016	192	4	2	0	0	0	0	0	0	0	0	0	0	0	0	0	8192	0	0
19200	494	6016	0	6016	192	5	2	0	0	0	0	0	0	0	0	0	0	0	0	0	8192	0	0
19200	495	6012	0	6012	214	25	2450	0	0	0	0	0	0	0	0	0	0	0	11480	20	12288	0	0
19200	496	6016	0	6016	192	4	0	0	0	0	0	0	0	0	0	0	0	0	0	0	8192	0	0
19200	497	6014	0	6014	198	3	2	0	0	0	0	0	0	0	0	0	0	0	0	0	8192	0	0
19200	498	6014	0	6014	194	3	0	0	0	0	0	0	0	0	0	0	0	0	0	0	8192	0	0
19200	499	6015	1	6016	192	4	6	0	0	0	0	0	0	0	0	0	0	0	0	0	8192	0	0
19200	500	6012	3	6015	192	5	6	0	0	0	0	0	0	0	0	0	0	0	0	0	8192	0	0
19200	501	6011	1	6012	198	3	2	0	0	0	0	0	0	0	0	0	0	0	0	0	8192	0	0
19200	502	6015	0	6015	196	1	2	0	0	0	0	0	0	0	0	0	0	0	0	0	8192	0	0
19200	503	6013	1	6014	192	6	2	0	0	0	0	0	0	0	0	0	0	0	0	0	8192	0	0
19200	504	6013	0	6013	194	6	2	0	0	0	0	0	0	0	0	0	0	0	0	0	8192	0	0
19200	505	6016	0	6016	190	9	0	0	0	0	0	0	0	0	0	0	0	0	0	0	8192	0	0
19200	506	6013	0	6013	194	7	2	0	0	0	0	0	0	0	0	0	0	0	0	0	8192	0	0
19200	507	6012	2	6014	192	6	0	0	0	0	0	0	0	0	0	0	0	0	0	0	8192	0	0
19200	508	6015	1	6016	192	7	6	0	0	0	0	0	0	0	0	0	0	0	0	0	12288	0	0
19200	509	6013	1	6014	186	11	4	0	0	0	0	0	0	0	0	0	0	0	0	0	8192	0	0
19200	510	6013	1	6014	192	4	2	0	0	0	0	0	0	0	0	0	0	0	0	0	8192	0	0
19200	511	6017	0	6017	196	1	2	0	0	0	0	0	0	0	0	0	0	0	0	0	8192	0	0
19200	512	6010	1	6011	194	6	2	0	0	0	0	0	0	0	0	0	0	0	0	0	8192	0	0
19200	513	6013	1	6014	194	5	2	0	0	0	0	0	0	0	0	0	0	0	0	0	8192	0	0
19200	514	6017	0	6017	196	1	0	0	0	0	0	0	0	0	0	0	0	0	0	0	8192	0	0
19200	515	6011	0	6011	196	0	2	0	0	0	0	0	0	0	0	0	0	0	0	0	8192	0	0
19200	516	6015	0	6015	190	10	0	0	0	0	0	0	0	0	0	0	0	0	0	0	8192	0	0
19200	517	6014	1	6015	196	6	6	0	0	0	0	0	0	0	0	0	0	0	0	0	8192	0	0
19200	518	6008	1	6009	196	3	4	0	0	0	0	0	0	0	0	0	0	0	0	0	8192	0	0
19200	519	6015	0	6015	194	4	4	0	0	0	0	0	0	0	0	0	0	0	0	0	8192	0	0
19200	520	6017	0	6017	194	3	2	0	0	0	0	0	0	0	0	0	0	0	0	3	8192	0	0
19200	521	6008	2	6010	194	2	2	0	0	0	0	0	0	0	0	0	0	0	0	0	12288	0	0
19200	522	6016	0	6016	188	10	2	0	0	0	0	0	0	0	0	0	0	0	0	0	8192	0	0
19200	523	6016	0	6016	192	7	0	0	0	0	0	0	0	0	0	0	0	0	0	0	8192	0	0
19200	524	6010	0	6010	194	2	2	0	0	0	0	0	0	0	0	0	0	0	0	0	8192	0	0
19200	525	6017	0	6017	194	3	0	0	0	0	0	0	0	0	0	0	0	0	0	0	8192	0	0
19200	526	6015	1	6016	194	2	6	0	0	0	0	0	0	0	0	0	0	0	0	0	8192	0	0
19200	527	6011	0	6011	192	7	6	0	0	0	0	0	0	0	0	0	0	0	0	0	8192	0	0
19200	528	6016	0	6016	194	5	2	0	0	0	0	0	0	0	0	0	0	0	0	0	8192	0	0
19200	529	6015	1	6016	192	4	2	0	0	0	0	0	0	0	0	0	0	0	0	0	8192	0	0
19200	530	6011	0	6011	194	3	2	0	0	0	0	0	0	0	0	0	0	0	0	0	8192	0	0
19200	531	6017	0	6017	194	3	2	0	0	0	0	0	0	0	0	0	0	0	0	0	8192	0	0
19200	532	6016	0	6016	188	8	0	0	0	0	0	0	0	0	0	0	0	0	0	0	8192	0	0
19200	533	6011	0	6011	196	1	2	0	0	0	0	0	0	0	0	0	0	0	0	0	8192	0	0
19200	534	6016	0	6016	194	7	0	0	0	0	0	0	0	0	0	0	0	0	0	0	8192	0	0
19200	535	6013	1	6014	196	3	6	0	0	0	0	0	0	0	0	0	0	0	0	0	8192	0	0
19200	536	6009	0	6009	192	6	6	0	0	0	0	0	0	0	0	0	0	0	0	0	8192	0	0
19200	537	6013	1	6014	194	3	2	0	0	0	0	0	0	0	0	0	0	0	0	0	8192	0	0
19200	538	6015	0	6015	196	1	2	0	0	0	0	0	0	0	0	0	0	0	0	0	8192	0	0
19200	539	6010	0	6010	192	7	2	0	0	0	0	0	0	0	0	0	0	0	0	0	8192	0	0
19200	540	6015	0	6015	196	2	2	0	0	0	0	0	0	0	0	0	0	0	0	0	8192	0	0
19200	541	6017	0	6017	194	3	0	0	0	0	0	0	0	0	0	0	0	0	0	0	8192	0	0
19200	542	6010	1	6011	196	1	2	0	0	0	0	0	0	0	0	0	0	0	0	0	8192	0	0
19200	543	6014	2	6016	194	2	0	0	0	0	0	0	0	0	0	0	0	0	0	0	8192	0	0
19200	544	6015	0	6015	192	6	6	0	0	0	0	0	0	0	0	0	0	0	0	0	8192	0	0
19200	545	6007	3	6010	196	5	6	0	0	0	0	0	0	0	0	0	0	0	0	0	8192	0	0
19200	546	6015	1	6016	190	6	2	0	0	0	0	0	0	0	0	0	0	0	0	0	8192	0	0
19200	547	6016	0	6016	192	6	2	0	0	0	0	0	0	0	0	0	0	0	0	0	8192	0	0
19200	548	6010	0	6010	188	10	2	0	0	0	0	0	0	0	0	0	0	0	0	0	8192	0	0
19200	549	6014	0	6014	194	3	2	0	0	0	0	0	0	0	0	0	0	0	0	0	8192	0	0
19200	550	6016	1	6017	190	7	0	0	0	0	0	0	0	0	0	0	0	0	0	0	8192	0	0
19200	551	6008	1	6009	194	3	2	0	0	0	0	0	0	0	0	0	0	0	0	0	8192	0	0
19200	552	6016	0	6016	194	5	0	0	0	0	0	0	0	0	0	0	0	0	0	0	8192	0	0
19200	553	6015	1	6016	198	2	6	0	0	0	0	0	0	0	0	0	0	0	0	0	8192	0	0
19200	554	6009	0	6009	196	2	6	0	0	0	0	0	0	0	0	0	0	0	0	0	8192	0	0
19200	555	6016	1	6017	196	1	2	0	0	0	0	0	0	0	0	0	0	0	0	0	8192	0	0
19200	556	6016	0	6016	192	7	2	0	0	0	0	0	0	0	0	0	0	0	0	0	8192	0	0
19200	557	6008	2	6010	192	4	2	0	0	0	0	0	0	0	0	0	0	0	0	0	8192	0	0
19200	558	6014	2	6016	196	5	2	0	0	0	0	0	0	0	0	0	0	0	0	0	8192	0	0
19200	559	6016	0	6016	192	6	0	0	0	0	0	0	0	0	0	0	0	0	0	0	8192	0	0
19200	560	6009	1	6010	190	8	2	0	0	0	0	0	0	0	0	0	0	0	0	0	8192	0	0
19200	561	6016	1	6017	190	7	0	0	0	0	0	0	0	0	0	0	0	0	0	0	8192	0	0
19200	562	6016	0	6016	196	0	6	0	0	0	0	0	0	0	0	0	0	0	0	0	8192	0	0
19200	563	6009	1	6010	194	5	6	0	0	0	0	0	0	0	0	0	0	0	0	0	8192	0	0
19200	564	6017	0	6017	190	7	2	0	0	0	0	0	0	0	0	0	0	0	0	0	8192	0	0
19200	565	6013	2	6015	196	2	2	0	0	0	0	0	0	0	0	0	0	0	0	0	8192	0	0
19200	566	6010	1	6011	194	3	2	0	0	0	0	0	0	0	0	0	0	0	0	0	8192	0	0
19200	567	6017	0	6017	190	7	2	0	0	0	0	0	0	0	0	0	0	0	0	3	8192	0	0
19200	568	6015	0	6015	194	3	0	0	0	0	0	0	0	0	0	0	0	0	0	0	8192	0	0
19200	569	6009	1	6010	192	6	2	0	0	0	0	0	0	0	0	0	0	0	0	0	8192	0	0
19200	570	6014	1	6015	190	12	0	0	0	0	0	0	0	0	0	0	0	0	0	0	8192	0	0
19200	571	6014	0	6014	194	7	6	0	0	0	0	0	0	0	0	0	0	0	0	0	8192	0	0
19200	572	6010	0	6010	192	7	6	0	0	0	0	0	0	0	0	0	0	0	0	0	8192	0	0
19200	573	6016	0	6016	194	2	2	0	0	0	0	0	0	0	0	0	0	0	0	0	8192	0	0
19200	574	6016	0	6016	194	3	2	0	0	0	0	0	0	0	0	0	0	0	0	0	8192	0	0
19200	575	6009	1	6010	194	3	2	0	0	0	0	0	0	0	0	0	0	0	0	0	8192	0	0
19200	576	6014	1	6015	190	8	2	0	0	0	0	0	0	0	0	0	0	0	0	0	8192	0	0
19200	577	6013	3	6016	192	7	0	0	0	0	0	0	0	0	0	0	0	0	0	0	8192	0	0
19200	578	6010	0	6010	198	3	2	0	0	0	0	0	0	0	0	0	0	0	0	0	8192	0	0
19200	579	6014	0	6014	194	5	0	0	0	0	0	0	0	0	0	0	0	0	0	0	8192	0	0
19200	580	6016	0	6016	190	8	6	0	0	0	0	0	0	0	0	0	0	0	0	0	8192	0	0
19200	581	6009	1	6010	196	3	6	0	0	0	0	0	0	0	0	0	0	0	0	0	8192	0	0
19200	582	6016	0	6016	190	6	2	0	0	0	0	0	0	0	0	0	0	0	0	0	8192	0	0
19200	583	6016	0	6016	196	3	2	0	0	0	0	0	0	0	0	0	0	0	0	0	8192	0	0
19200	584	6009	1	6010	196	0	2	0	0	0	0	0	0	0	0	0	0	0	0	0	8192	0	0
19200	585	6015	1	6016	190	6	2	0	0	0	0	0	0	0	0	0	0	0	0	0	8192	0	0
19200	586	6016	0	6016	196	3	0	0	0	0	0	0	0	0	0	0	0	0	0	0	8192	0	0
19200	587	6010	0	6010	196	0	2	0	0	0	0	0	0	0	0	0	0	0	0	0	8192	0	0
19200	588	6015	0	6015	196	4	0	0	0	0	0	0	0	0	0	0	0	0	0	0	8192	0	0
19200	589	6016	0	6016	188	10	6	0	0	0	0	0	0	0	0	0	0	0	0	0	8192	0	0
19200	590	6008	0	6008	194	5	6	0	0	0	0	0	0	0	0	0	0	0	0	0	8192	0	0
19200	591	6016	0	6016	196	3	2	0	0	0	0	0	0	0	0	0	0	0	0	0	8192	0	0
19200	592	6017	0	6017	192	5	2	0	0	0	0	0	0	0	0	0	0	0	0	0	8192	0	0
19200	593	6009	0	6009	194	6	2	0	0	0	0	0	0	0	0	0	0	0	0	0	8192	0	0
19200	594	6015	0	6015	196	6	2	0	0	0	0	0	0	0	0	0	0	0	0	0	8192	0	0
19200	595	6015	1	6016	192	7	0	0	0	0	0	0	0	0	0	0	0	0	0	0	8192	0	0
19200	596	6010	0	6010	188	8	2	0	0	0	0	0	0	0	0	0	0	0	0	0	8192	0	0
19200	597	6016	1	6017	192	5	0	0	0	0	0	0	0	0	0	0	0	0	0	0	8192	0	0
19200	598	6015	0	6015	194	3	6	0	0	0	0	0	0	0	0	0	0	0	0	0	8192	0	0
19200	599	6009	0	6009	192	10	6	0	0	0	0	0	0	0	0	0	0	0	0	0	8192	0	0
19200	600	6015	0	6015	190	10	2	0	0	0	0	0	0	0	0	0	0	0	0	0	8192	0	0
19200	601	6015	0	6015	196	1	2	0	0	0	0	0	0	0	0	0	0	0	0	0	8192	0	0
19200	602	6011	0	6011	192	5	2	0	0	0	0	0	0	0	0	0	0	0	0	0	8192	0	0
19200	603	6016	1	6017	192	5	2	0	0	0	0	0	0	0	0	0	0	0	0	0	8192	0	0
19200	604	6013	2	6015	190	10	0	0	0	0	0	0	0	0	0	0	0	0	0	0	8192	0	0
19200	605	6010	0	6010	194	7	2	0	0	0	0	0	0	0	0	0	0	0	0	0	8192	0	0
19200	606	6016	1	6017	192	5	0	0	0	0	0	0	0	0	0	0	0	0	0	0	8192	0	0
19200	607	6015	1	6016	192	4	6	0	0	0	0	0	0	0	0	0	0	0	0	0	8192	0	0
19200	608	6010	0	6010	196	4	6	0	0	0	0	0	0	0	0	0	0	0	0	0	8192	0	0
19200	609	6015	0	6015	192	5	2	0	0	0	0	0	0	0	0	0	0	0	0	0	8192	0	0
19200	610	6015	0	6015	196	4	2	0	0	0	0	0	0	0	0	0	0	0	0	0	8192	0	0
19200	611	6010	0	6010	190	8	2	0	0	0	0	0	0	0	0	0	0	0	0	0	12288	0	0
19200	612	6015	0	6015	196	2	2	0	0	0	0	0	0	0	0	0	0	0	0	0	8192	0	0
19200	613	6017	0	6017	194	3	0	0	0	0	0	0	0	0	0	0	0	0	0	0	8192	0	0
19200	614	6011	0	6011	192	5	2	0	0	0	0	0	0	0	0	0	0	0	0	3	8192	0	0
19200	615	6014	1	6015	198	2	0	0	0	0	0	0	0	0	0	0	0	0	0	0	8192	0	0
19200	616	6016	0	6016	192	7	6	0	0	0	0	0	0	0	0	0	0	0	0	0	8192	0	0
19200	617	6009	1	6010	198	1	6	0	0	0	0	0	0	0	0	0	0	0	0	0	8192	0	0
19200	618	6014	1	6015	194	3	2	0	0	0	0	0	0	0	0	0	0	0	0	0	8192	0	0
19200	619	6015	0	6015	192	8	2	0	0	0	0	0	0	0	0	0	0	0	0	0	8192	0	0
19200	620	6008	1	6009	196	3	2	0	0	0	0	0	0	0	0	0	0	0	0	0	8192	0	0
19200	621	6016	0	6016	192	6	2	0	0	0	0	0	0	0	0	0	0	0	0	0	8192	0	0
19200	622	6016	1	6017	192	5	0	0	0	0	0	0	0	0	0	0	0	0	0	0	8192	0	0
19200	623	6010	1	6011	196	0	2	0	0	0	0	0	0	0	0	0	0	0	0	0	8192	0	0
19200	624	6015	2	6017	188	9	0	0	0	0	0	0	0	0	0	0	0	0	0	0	12288	0	0
19200	625	6016	0	6016	194	4	6	0	0	0	0	0	0	0	0	0	0	0	0	0	8192	0	0
19200	626	6009	1	6010	190	9	6	0	0	0	0	0	0	0	0	0	0	0	0	0	8192	0	0
19200	627	6015	1	6016	196	1	2	0	0	0	0	0	0	0	0	0	0	0	0	0	8192	0	0
19200	628	6014	2	6016	196	3	2	0	0	0	0	0	0	0	0	0	0	0	0	0	8192	0	0
19200	629	6010	1	6011	188	8	2	0	0	0	0	0	0	0	0	0	0	0	0	0	8192	0	0
19200	630	6014	2	6016	194	7	2	0	0	0	0	0	0	0	0	0	0	0	0	0	8192	0	0
19200	631	6014	1	6015	194	4	0	0	0	0	0	0	0	0	0	0	0	0	0	0	8192	0	0
19200	632	6013	0	6013	190	6	2	0	0	0	0	0	0	0	0	0	0	0	0	0	8192	0	0
19200	633	6015	1	6016	190	9	0	0	0	0	0	0	0	0	0	0	0	0	0	0	8192	0	0
19200	634	6013	0	6013	194	4	6	0	0	0	0	0	0	0	0	0	0	0	0	0	8192	0	0
19200	635	6014	0	6014	196	4	6	0	0	0	0	0	0	0	0	0	0	0	0	0	8192	0	0
19200	636	6016	0	6016	194	4	2	0	0	0	0	0	0	0	0	0	0	0	0	0	8192	0	0
19200	637	6010	0	6010	194	5	2	0	0	0	0	0	0	0	0	0	0	0	0	0	8192	0	0
19200	638	6015	1	6016	192	7	2	0	0	0	0	0	0	0	0	0	0	0	0	0	8192	0	0
19200	639	6017	0	6017	192	5	2	0	0	0	0	0	0	0	0	0	0	0	0	0	8192	0	0
19200	640	6009	0	6009	194	4	0	0	0	0	0	0	0	0	0	0	0	0	0	0	8192	0	0
19200	641	6015	1	6016	192	6	2	0	0	0	0	0	0	0	0	0	0	0	0	0	8192	0	0
19200	642	6015	1	6016	196	5	0	0	0	0	0	0	0	0	0	0	0	0	0	0	8192	0	0
19200	643	6010	0	6010	194	2	6	0	0	0	0	0	0	0	0	0	0	0	0	0	8192	0	0
19200	644	6017	0	6017	196	1	6	0	0	0	0	0	0	0	0	0	0	0	0	0	8192	0	0
19200	645	6015	0	6015	194	4	2	0	0	0	0	0	0	0	0	0	0	0	0	0	8192	0	0
19200	646	6010	1	6011	192	5	2	0	0	0	0	0	0	0	0	0	0	0	0	0	8192	0	0
19200	647	6016	1	6017	194	3	2	0	0	0	0	0	0	0	0	0	0	0	0	0	8192	0	0
19200	648	6016	0	6016	194	2	2	0	0	0	0	0	0	0	0	0	0	0	0	0	8192	0	0
19200	649	6009	1	6010	198	3	0	0	0	0	0	0	0	0	0	0	0	0	0	0	8192	0	0
19200	650	6015	2	6017	196	1	2	0	0	0	0	0	0	0	0	0	0	0	0	0	8192	0	0
19200	651	6013	1	6014	192	7	0	0	0	0	0	0	0	0	0	0	0	0	0	0	8192	0	0
19200	652	6009	0	6009	194	4	6	0	0	0	0	0	0	0	0	0	0	0	0	0	8192	0	0
19200	653	6015	1	6016	196	2	6	0	0	0	0	0	0	0	0	0	0	0	0	0	8192	0	0
19200	654	6015	0	6015	192	4	2	0	0	0	0	0	0	0	0	0	0	0	0	0	8192	0	0
19200	655	6010	0	6010	192	6	2	0	0	0	0	0	0	0	0	0	0	0	0	0	8192	0	0
19200	656	6015	0	6015	196	1	2	0	0	0	0	0	0	0	0	0	0	0	0	0	8192	0	0
19200	657	6015	1	6016	192	7	2	0	0	0	0	0	0	0	0	0	0	0	0	0	8192	0	0
19200	658	6010	0	6010	192	7	0	0	0	0	0	0	0	0	0	0	0	0	0	0	8192	0	0
19200	659	6014	2	6016	194	2	2	0	0	0	0	0	0	0	0	0	0	0	0	0	8192	0	0
19200	660	6015	1	6016	194	7	0	0	0	0	0	0	0	0	0	0	0	0	0	0	8192	0	0
19200	661	6009	1	6010	188	13	6	0	0	0	0	0	0	0	0	0	0	0	0	3	8192	0	0
19200	662	6016	0	6016	192	4	6	0	0	0	0	0	0	0	0	0	0	0	0	0	8192	0	0
19200	663	6016	0	6016	196	5	2	0	0	0	0	0	0	0	0	0	0	0	0	0	8192	0	0
19200	664	6010	1	6011	192	5	2	0	0	0	0	0	0	0	0	0	0	0	0	0	8192	0	0
19200	665	6014	1	6015	196	2	2	0	0	0	0	0	0	0	0	0	0	0	0	0	8192	0	0
19200	666	6016	0	6016	196	3	2	0	0	0	0	0	0	0	0	0	0	0	0	0	8192	0	0
19200	667	6008	2	6010	190	6	0	0	0	0	0	0	0	0	0	0	0	0	0	0	8192	0	0
19200	668	6014	0	6014	192	7	2	0	0	0	0	0	0	0	0	0	0	0	0	0	8192	0	0
19200	669	6015	0	6015	190	8	0	0	0	0	0	0	0	0	0	0	0	0	0	0	8192	0	0
19200	670	6008	1	6009	196	1	6	0	0	0	0	0	0	0	0	0	0	0	0	0	8192	0	0
19200	671	6015	0	6015	190	8	4	0	0	0	0	0	0	0	0	0	0	0	0	0	8192	0	0
19200	672	6016	0	6016	196	3	2	0	0	0	0	0	0	0	0	0	0	0	0	0	8192	0	0
19200	673	6011	1	6012	192	4	2	0	0	0	0	0	0	0	0	0	0	0	0	0	8192	0	0
19200	674	6016	1	6017	192	5	2	0	0	0	0	0	0	0	0	0	0	0	0	0	8192	0	0
19200	675	6015	0	6015	192	5	2	0	0	0	0	0	0	0	0	0	0	0	0	0	8192	0	0
19200	676	6012	0	6012	194	6	0	0	0	0	0	0	0	0	0	0	0	0	0	0	8192	0	0
19200	677	6016	0	6016	192	8	2	0	0	0	0	0	0	0	0	0	0	0	0	0	8192	0	0
19200	678	6012	1	6013	194	3	0	0	0	0	0	0	0	0	0	0	0	0	0	0	8192	0	0
19200	679	6014	1	6015	190	8	6	0	0	0	0	0	0	0	0	0	0	0	0	0	8192	0	0
19200	680	6017	0	6017	194	3	4	0	0	0	0	0	0	0	0	0	0	0	0	0	8192	0	0
19200	681	6010	0	6010	194	2	2	0	0	0	0	0	0	0	0	0	0	0	0	0	8192	0	0
19200	682	6016	1	6017	196	1	2	0	0	0	0	0	0	0	0	0	0	0	0	0	8192	0	0
19200	683	6015	1	6016	196	3	4	0	0	0	0	0	0	0	0	0	0	0	0	0	8192	0	0
19200	684	6008	1	6009	196	2	2	0	0	0	0	0	0	0	0	0	0	0	0	0	8192	0	0
19200	685	6014	1	6015	192	10	0	0	0	0	0	0	0	0	0	0	0	0	0	0	8192	0	0
19200	686	6016	0	6016	194	4	2	0	0	0	0	0	0	0	0	0	0	0	0	0	8192	0	0
19200	687	6008	1	6009	190	8	0	0	0	0	0	0	0	0	0	0	0	0	0	0	8192	0	0
19200	688	6016	0	6016	196	2	6	0	0	0	0	0	0	0	0	0	0	0	0	0	8192	0	0
19200	689	6015	0	6015	192	8	6	0	0	0	0	0	0	0	0	0	0	0	0	0	8192	0	0
19200	690	6010	0	6010	192	4	2	0	0	0	0	0	0	0	0	0	0	0	0	0	8192	0	0
19200	691	6016	0	6016	194	7	2	0	0	0	0	0	0	0	0	0	0	0	0	0	8192	0	0
19200	692	6014	1	6015	194	2	2	0	0	0	0	0	0	0	0	0	0	0	0	0	8192	0	0
19200	693	6010	1	6011	192	5	2	0	0	0	0	0	0	0	0	0	0	0	0	0	8192	0	0
19200	694	6014	2	6016	196	3	0	0	0	0	0	0	0	0	0	0	0	0	0	0	8192	0	0
19200	695	6014	1	6015	196	3	2	0	0	0	0	0	0	0	0	0	0	0	0	0	8192	0	0
19200	696	6010	0	6010	194	7	0	0	0	0	0	0	0	0	0	0	0	0	0	0	8192	0	0
19200	697	6016	1	6017	192	5	6	0	0	0	0	0	0	0	0	0	0	0	0	0	8192	0	0
19200	698	6015	0	6015	194	3	6	0	0	0	0	0	0	0	0	0	0	0	0	0	8192	0	0
19200	699	6008	2	6010	190	9	2	0	0	0	0	0	0	0	0	0	0	0	0	0	8192	0	0
19200	700	6015	0	6015	194	6	2	0	0	0	0	0	0	0	0	0	0	0	0	0	8192	0	0
19200	701	6016	0	6016	192	4	2	0	0	0	0	0	0	0	0	0	0	0	0	0	8192	0	0
19200	702	6010	0	6010	194	4	2	0	0	0	0	0	0	0	0	0	0	0	0	0	8192	0	0
19200	703	6013	1	6014	196	5	0	0	0	0	0	0	0	0	0	0	0	0	0	0	8192	0	0
19200	704	6016	0	6016	196	2	2	0	0	0	0	0	0	0	0	0	0	0	0	0	8192	0	0
19200	705	6009	1	6010	196	5	0	0	0	0	0	0	0	0	0	0	0	0	0	0	8192	0	0
19200	706	6015	0	6015	192	5	6	0	0	0	0	0	0	0	0	0	0	0	0	0	8192	0	0
19200	707	6016	1	6017	192	5	6	0	0	0	0	0	0	0	0	0	0	0	0	0	8192	0	0
19200	708	6010	1	6011	188	9	2	0	0	0	0	0	0	0	0	0	0	0	0	3	8192	0	0
19200	709	6015	0	6015	190	10	2	0	0	0	0	0	0	0	0	0	0	0	0	0	8192	0	0
19200	710	6016	0	6016	189	11	2	0	0	0	0	0	0	0	0	0	0	0	0	0	8192	0	0
19200	711	6010	0	6010	190	8	2	0	0	0	0	0	0	0	0	0	0	0	0	0	8192	0	0
19200	712	6015	0	6015	190	7	0	0	0	0	0	0	0	0	0	0	0	0	0	0	8192	0	0
19200	713	6015	1	6016	196	2	2	0	0	0	0	0	0	0	0	0	0	0	0	0	8192	0	0
19200	714	6010	0	6010	192	4	0	0	0	0	0	0	0	0	0	0	0	0	0	0	8192	0	0
19200	715	6014	1	6015	194	4	6	0	0	0	0	0	0	0	0	0	0	0	0	0	8192	0	0
19200	716	6016	1	6017	194	3	6	0	0	0	0	0	0	0	0	0	0	0	0	0	8192	0	0
19200	717	6010	2	6012	188	8	2	0	0	0	0	0	0	0	0	0	0	0	0	0	8192	0	0
19200	718	6017	0	6017	192	5	2	0	0	0	0	0	0	0	0	0	0	0	0	0	8192	0	0
19200	719	6014	0	6014	195	6	2	0	0	0	0	0	0	0	0	0	0	0	0	0	8192	0	0
19200	720	6011	1	6012	192	5	2	0	0	0	0	0	0	0	0	0	0	0	0	0	8192	0	0
19200	721	6014	2	6016	194	5	0	0	0	0	0	0	0	0	0	0	0	0	0	0	8192	0	0
19200	722	6011	2	6013	194	6	2	0	0	0	0	0	0	0	0	0	0	0	0	0	8192	0	0
19200	723	6013	0	6013	194	3	0	0	0	0	0	0	0	0	0	0	0	0	0	0	8192	0	0
19200	724	6016	0	6016	194	5	6	0	0	0	0	0	0	0	0	0	0	0	0	0	8192	0	0
19200	725	6010	1	6011	192	7	6	0	0	0	0	0	0	0	0	0	0	0	0	0	8192	0	0
19200	726	6014	1	6015	192	5	2	0	0	0	0	0	0	0	0	0	0	0	0	0	8192	0	0
19200	727	6016	0	6016	188	11	2	0	0	0	0	0	0	0	0	0	0	0	0	0	12288	0	0
19200	728	6008	2	6010	192	6	2	0	0	0	0	0	0	0	0	0	0	0	0	0	8192	0	0
19200	729	6015	1	6016	196	5	2	0	0	0	0	0	0	0	0	0	0	0	0	0	8192	0	0
19200	730	6015	1	6016	196	1	0	0	0	0	0	0	0	0	0	0	0	0	0	0	8192	0	0
19200	731	6008	2	6010	194	4	2	0	0	0	0	0	0	0	0	0	0	0	0	0	8192	0	0
19200	732	6015	1	6016	192	7	0	0	0	0	0	0	0	0	0	0	0	0	0	0	8192	0	0
19200	733	6015	1	6016	196	5	6	0	0	0	0	0	0	0	0	0	0	0	0	0	8192	0	0
19200	734	6008	1	6009	192	6	6	0	0	0	0	0	0	0	0	0	0	0	0	0	8192	0	0
19200	735	6015	1	6016	190	8	2	0	0	0	0	0	0	0	0	0	0	0	0	0	8192	0	0
19200	736	6015	0	6015	194	6	2	0	0	0	0	0	0	0	0	0	0	0	0	0	8192	0	0
19200	737	6008	0	6008	192	7	2	0	0	0	0	0	0	0	0	0	0	0	0	0	8192	0	0
19200	738	6014	2	6016	192	6	2	0	0	0	0	0	0	0	0	0	0	0	0	0	8192	0	0
19200	739	6014	0	6014	196	3	0	0	0	0	0	0	0	0	0	0	0	0	0	0	8192	0	0
19200	740	6011	0	6011	194	3	2	0	0	0	0	0	0	0	0	0	0	0	0	0	8192	0	0
19200	741	6016	0	6016	194	7	0	0	0	0	0	0	0	0	0	0	0	0	0	0	8192	0	0
19200	742	6016	0	6016	194	2	6	0	0	0	0	0	0	0	0	0	0	0	0	0	8192	0	0
19200	743	6011	0	6011	192	5	6	0	0	0	0	0	0	0	0	0	0	0	0	0	8192	0	0
19200	744	6016	0	6016	192	7	2	0	0	0	0	0	0	0	0	0	0	0	0	0	8192	0	0
19200	745	6015	1	6016	192	4	2	0	0	0	0	0	0	0	0	0	0	0	0	0	8192	0	0
19200	746	6011	0	6011	188	9	2	0	0	0	0	0	0	0	0	0	0	0	0	0	8192	0	0
19200	747	6016	1	6017	192	5	2	0	0	0	0	0	0	0	0	0	0	0	0	0	8192	0	0
19200	748	6016	0	6016	194	2	0	0	0	0	0	0	0	0	0	0	0	0	0	0	8192	0	0
19200	749	6011	0	6011	196	1	2	0	0	0	0	0	0	0	0	0	0	0	0	0	8192	0	0
19200	750	6015	0	6015	194	2	0	0	0	0	0	0	0	0	0	0	0	0	0	0	8192	0	0
19200	751	6015	1	6016	190	11	6	0	0	0	0	0	0	0	0	0	0	0	0	0	8192	0	0
19200	752	6010	0	6010	192	5	6	0	0	0	0	0	0	0	0	0	0	0	0	0	8192	0	0
19200	753	6016	0	6016	196	0	2	0	0	0	0	0	0	0	0	0	0	0	0	0	8192	0	0
19200	754	6016	0	6016	192	6	2	0	0	0	0	0	0	0	0	0	0	0	0	0	8192	0	0
19200	755	6011	0	6011	190	7	2	0	0	0	0	0	0	0	0	0	0	0	0	3	8192	0	0
19200	756	6014	0	6014	196	5	2	0	0	0	0	0	0	0	0	0	0	0	0	0	8192	0	0
19200	757	6015	1	6016	190	7	0	0	0	0	0	0	0	0	0	0	0	0	0	0	8192	0	0
19200	758	6010	0	6010	196	2	2	0	0	0	0	0	0	0	0	0	0	0	0	0	8192	0	0
19200	759	6016	0	6016	196	0	0	0	0	0	0	0	0	0	0	0	0	0	0	0	8192	0	0
19200	760	6016	0	6016	192	7	6	0	0	0	0	0	0	0	0	0	0	0	0	0	8192	0	0
19200	761	6009	0	6009	186	11	6	0	0	0	0	0	0	0	0	0	0	0	0	0	8192	0	0
19200	762	6013	1	6014	190	9	2	0	0	0	0	0	0	0	0	0	0	0	0	0	8192	0	0
19200	763	6017	0	6017	186	11	2	0	0	0	0	0	0	0	0	0	0	0	0	0	8192	0	0
19200	764	6009	0	6009	198	3	2	0	0	0	0	0	0	0	0	0	0	0	0	0	8192	0	0
19200	765	6016	1	6017	192	5	2	0	0	0	0	0	0	0	0	0	0	0	0	0	8192	0	0
19200	766	6016	0	6016	196	3	0	0	0	0	0	0	0	0	0	0	0	0	0	0	8192	0	0
19200	767	6012	0	6012	196	0	2	0	0	0	0	0	0	0	0	0	0	0	0	0	8192	0	0
19200	768	6015	1	6016	192	7	0	0	0	0	0	0	0	0	0	0	0	0	0	0	8192	0	0
19200	769	6014	1	6015	190	7	6	0	0	0	0	0	0	0	0	0	0	0	0	0	8192	0	0
19200	770	6013	1	6014	192	4	6	0	0	0	0	0	0	0	0	0	0	0	0	0	8192	0	0
19200	771	6014	2	6016	196	2	2	0	0	0	0	0	0	0	0	0	0	0	0	0	8192	0	0
19200	772	6010	0	6010	198	4	2	0	0	0	0	0	0	0	0	0	0	0	0	0	8192	0	0
19200	773	6014	0	6014	194	5	2	0	0	0	0	0	0	0	0	0	0	0	0	0	8192	0	0
19200	774	6016	1	6017	192	5	2	0	0	0	0	0	0	0	0	0	0	0	0	0	8192	0	0
19200	775	6010	0	6010	196	2	0	0	0	0	0	0	0	0	0	0	0	0	0	0	8192	0	0
19200	776	6017	0	6017	192	5	2	0	0	0	0	0	0	0	0	0	0	0	0	0	8192	0	0
19200	777	6015	1	6016	198	3	0	0	0	0	0	0	0	0	0	0	0	0	0	0	8192	0	0
19200	778	6008	1	6009	192	7	6	0	0	0	0	0	0	0	0	0	0	0	0	0	8192	0	0
19200	779	6017	0	6017	192	5	6	0	0	0	0	0	0	0	0	0	0	0	0	0	8192	0	0
19200	780	6015	0	6015	192	6	2	0	0	0	0	0	0	0	0	0	0	0	0	0	8192	0	0
19200	781	6009	1	6010	196	0	2	0	0	0	0	0	0	0	0	0	0	0	0	0	8192	0	0
19200	782	6016	0	6016	192	6	2	0	0	0	0	0	0	0	0	0	0	0	0	0	8192	0	0
19200	783	6016	1	6017	192	5	2	0	0	0	0	0	0	0	0	0	0	0	0	0	8192	0	0
19200	784	6010	0	6010	194	2	0	0	0	0	0	0	0	0	0	0	0	0	0	0	8192	0	0
19200	785	6015	1	6016	190	7	2	0	0	0	0	0	0	0	0	0	0	0	0	0	8192	0	0
19200	786	6015	0	6015	192	6	0	0	0	0	0	0	0	0	0	0	0	0	0	0	8192	0	0
19200	787	6010	0	6010	192	7	6	0	0	0	0	0	0	0	0	0	0	0	0	0	8192	0	0
19200	788	6016	0	6016	194	6	6	0	0	0	0	0	0	0	0	0	0	0	0	0	8192	0	0
19200	789	6016	0	6016	196	0	2	0	0	0	0	0	0	0	0	0	0	0	0	0	8192	0	0
19200	790	6009	2	6011	192	5	2	0	0	0	0	0	0	0	0	0	0	0	0	0	8192	0	0
19200	791	6015	0	6015	194	6	2	0	0	0	0	0	0	0	0	0	0	0	0	0	8192	0	0
19200	792	6015	0	6015	194	3	2	0	0	0	0	0	0	0	0	0	0	0	0	0	8192	0	0
19200	793	6009	0	6009	196	6	0	0	0	0	0	0	0	0	0	0	0	0	0	0	8192	0	0
19200	794	6016	1	6017	192	5	2	0	0	0	0	0	0	0	0	0	0	0	0	0	8192	0	0
19200	795	6015	0	6015	198	2	0	0	0	0	0	0	0	0	0	0	0	0	0	0	8192	0	0
19200	796	6009	1	6010	194	5	6	0	0	0	0	0	0	0	0	0	0	0	0	0	8192	0	0
19200	797	6015	1	6016	196	0	6	0	0	0	0	0	0	0	0	0	0	0	0	0	8192	0	0
19200	798	6014	1	6015	194	6	2	0	0	0	0	0	0	0	0	0	0	0	0	0	8192	0	0
19200	799	6010	0	6010	196	5	2	0	0	0	0	0	0	0	0	0	0	0	0	0	8192	0	0
19200	800	6015	1	6016	192	4	2	0	0	0	0	0	0	0	0	0	0	0	0	0	8192	0	0
19200	801	6016	0	6016	192	6	2	0	0	0	0	0	0	0	0	0	0	0	0	0	8192	0	0
19200	802	6009	1	6010	194	4	0	0	0	0	0	0	0	0	0	0	0	0	0	3	8192	0	0
19200	803	6014	0	6014	200	1	2	0	0	0	0	0	0	0	0	0	0	0	0	0	8192	0	0
19200	804	6017	0	6017	190	7	0	0	0	0	0	0	0	0	0	0	0	0	0	0	8192	0	0
19200	805	6011	0	6011	192	5	6	0	0	0	0	0	0	0	0	0	0	0	0	0	8192	0	0
19200	806	6015	0	6015	188	10	6	0	0	0	0	0	0	0	0	0	0	0	0	0	8192	0	0
19200	807	6016	0	6016	196	5	2	0	0	0	0	0	0	0	0	0	0	0	0	0	8192	0	0
19200	808	6009	0	6009	194	5	2	0	0	0	0	0	0	0	0	0	0	0	0	0	8192	0	0
19200	809	6015	0	6015	192	5	2	0	0	0	0	0	0	0	0	0	0	0	0	0	8192	0	0
19200	810	6017	0	6017	194	3	2	0	0	0	0	0	0	0	0	0	0	0	0	0	8192	0	0
19200	811	6011	0	6011	192	4	0	0	0	0	0	0	0	0	0	0	0	0	0	0	8192	0	0
19200	812	6016	0	6016	196	3	2	0	0	0	0	0	0	0	0	0	0	0	0	0	8192	0	0
19200	813	6015	0	6015	192	8	0	0	0	0	0	0	0	0	0	0	0	0	0	0	8192	0	0
19200	814	6011	0	6011	194	3	6	0	0	0	0	0	0	0	0	0	0	0	0	0	8192	0	0
19200	815	6015	1	6016	199	1	6	0	0	0	0	0	0	0	0	0	0	0	0	0	8192	0	0
19200	816	6014	1	6015	192	7	2	0	0	0	0	0	0	0	0	0	0	0	0	0	8192	0	0
19200	817	6011	0	6011	192	7	2	0	0	0	0	0	0	0	0	0	0	0	0	0	8192	0	0
19200	818	6016	1	6017	192	5	2	0	0	0	0	0	0	0	0	0	0	0	0	0	8192	0	0
19200	819	6011	2	6013	196	1	2	0	0	0	0	0	0	0	0	0	0	0	0	0	8192	0	0
19200	820	6014	1	6015	194	2	0	0	0	0	0	0	0	0	0	0	0	0	0	0	8192	0	0
19200	821	6014	1	6015	196	6	2	0	0	0	0	0	0	0	0	0	0	0	0	0	8192	0	0
19200	822	6010	0	6010	192	5	0	0	0	0	0	0	0	0	0	0	0	0	0	0	8192	0	0
19200	823	6015	0	6015	194	8	6	0	0	0	0	0	0	0	0	0	0	0	0	0	8192	0	0
19200	824	6014	1	6015	190	8	6	0	0	0	0	0	0	0	0	0	0	0	0	0	8192	0	0
19200	825	6008	0	6008	194	5	2	0	0	0	0	0	0	0	0	0	0	0	0	0	8192	0	0
19200	826	6017	0	6017	194	3	2	0	0	0	0	0	0	0	0	0	0	0	0	0	8192	0	0
19200	827	6016	1	6017	196	1	2	0	0	0	0	0	0	0	0	0	0	0	0	0	8192	0	0
19200	828	6009	1	6010	194	4	2	0	0	0	0	0	0	0	0	0	0	0	0	0	8192	0	0
19200	829	6016	0	6016	192	5	0	0	0	0	0	0	0	0	0	0	0	0	0	0	8192	0	0
19200	830	6016	0	6016	194	3	2	0	0	0	0	0	0	0	0	0	0	0	0	0	12288	0	0
19200	831	6010	0	6010	194	4	0	0	0	0	0	0	0	0	0	0	0	0	0	0	8192	0	0
19200	832	6015	1	6016	192	7	6	0	0	0	0	0	0	0	0	0	0	0	0	0	8192	0	0
19200	833	6013	1	6014	196	5	6	0	0	0	0	0	0	0	0	0	0	0	0	0	8192	0	0
19200	834	6009	0	6009	192	7	2	0	0	0	0	0	0	0	0	0	0	0	0	0	8192	0	0
19200	835	6015	1	6016	194	4	2	0	0	0	0	0	0	0	0	0	0	0	0	0	8192	0	0
19200	836	6015	0	6015	196	4	2	0	0	0	0	0	0	0	0	0	0	0	0	0	8192	0	0
19200	837	6010	1	6011	192	5	2	0	0	0	0	0	0	0	0	0	0	0	0	0	8192	0	0
19200	838	6016	0	6016	196	3	0	0	0	0	0	0	0	0	0	0	0	0	0	0	8192	0	0
19200	839	6013	3	6016	192	4	2	0	0	0	0	0	0	0	0	0	0	0	0	0	8192	0	0
19200	840	6011	0	6011	192	5	0	0	0	0	0	0	0	0	0	0	0	0	0	0	8192	0	0
19200	841	6015	1	6016	198	1	6	0	0	0	0	0	0	0	0	0	0	0	0	0	8192	0	0
19200	842	6015	0	6015	192	5	4	0	0	0	0	0	0	0	0	0	0	0	0	0	8192	0	0
19200	843	6010	0	6010	194	5	2	0	0	0	0	0	0	0	0	0	0	0	0	0	12288	0	0
19200	844	6014	0	6014	195	5	2	0	0	0	0	0	0	0	0	0	0	0	0	0	8192	0	0
19200	845	6014	2	6016	194	5	2	0	0	0	0	0	0	0	0	0	0	0	0	0	8192	0	0
19200	846	6011	0	6011	194	3	2	0	0	0	0	0	0	0	0	0	0	0	0	0	8192	0	0
19200	847	6016	0	6016	192	4	0	0	0	0	0	0	0	0	0	0	0	0	0	0	8192	0	0
19200	848	6016	0	6016	198	3	2	0	0	0	0	0	0	0	0	0	0	0	0	0	8192	0	0
19200	849	6011	0	6011	192	5	0	0	0	0	0	0	0	0	0	0	0	0	0	3	8192	0	0
19200	850	6015	0	6015	194	4	6	0	0	0	0	0	0	0	0	0	0	0	0	0	8192	0	0
19200	851	6015	1	6016	194	5	6	0	0	0	0	0	0	0	0	0	0	0	0	0	8192	0	0
19200	852	6011	0	6011	190	7	2	0	0	0	0	0	0	0	0	0	0	0	0	0	8192	0	0
19200	853	6016	0	6016	190	6	2	0	0	0	0	0	0	0	0	0	0	0	0	0	8192	0	0
19200	854	6016	0	6016	190	9	2	0	0	0	0	0	0	0	0	0	0	0	0	0	8192	0	0
19200	855	6009	1	6010	190	6	2	0	0	0	0	0	0	0	0	0	0	0	0	0	8192	0	0
19200	856	6016	0	6016	196	0	2	0	0	0	0	0	0	0	0	0	0	0	0	0	8192	0	0
19200	857	6016	1	6017	188	9	2	0	0	0	0	0	0	0	0	0	0	0	0	0	8192	0	0
19200	858	6009	1	6010	192	6	0	0	0	0	0	0	0	0	0	0	0	0	0	0	8192	0	0
19200	859	6015	1	6016	196	3	6	0	0	0	0	0	0	0	0	0	0	0	0	0	8192	0	0
19200	860	6015	1	6016	192	7	6	0	0	0	0	0	0	0	0	0	0	0	0	0	8192	0	0
19200	861	6010	0	6010	192	4	2	0	0	0	0	0	0	0	0	0	0	0	0	0	8192	0	0
19200	862	6017	0	6017	192	5	2	0	0	0	0	0	0	0	0	0	0	0	0	0	8192	0	0
19200	863	6016	0	6016	192	6	2	0	0	0	0	0	0	0	0	0	0	0	0	0	8192	0	0
19200	864	6008	0	6008	192	9	2	0	0	0	0	0	0	0	0	0	0	0	0	0	8192	0	0
19200	865	6015	1	6016	188	10	0	0	0	0	0	0	0	0	0	0	0	0	0	0	8192	0	0
19200	866	6016	0	6016	192	6	2	0	0	0	0	0	0	0	0	0	0	0	0	0	8192	0	0
19200	867	6010	2	6012	196	0	0	0	0	0	0	0	0	0	0	0	0	0	0	0	8192	0	0
19200	868	6017	0	6017	190	7	6	0	0	0	0	0	0	0	0	0	0	0	0	0	8192	0	0
19200	869	6013	0	6013	194	4	6	0	0	0	0	0	0	0	0	0	0	0	0	0	8192	0	0
19200	870	6012	1	6013	190	10	2	0	0	0	0	0	0	0	0	0	0	0	0	0	8192	0	0
19200	871	6014	1	6015	196	4	2	0	0	0	0	0	0	0	0	0	0	0	0	0	8192	0	0
19200	872	6013	0	6013	192	6	2	0	0	0	0	0	0	0	0	0	0	0	0	0	8192	0	0
19200	873	6014	2	6016	190	7	2	0	0	0	0	0	0	0	0	0	0	0	0	0	8192	0	0
19200	874	6016	0	6016	196	3	0	0	0	0	0	0	0	0	0	0	0	0	0	0	8192	0	0
19200	875	6011	0	6011	196	2	2	0	0	0	0	0	0	0	0	0	0	0	0	0	8192	0	0
19200	876	6016	0	6016	194	4	0	0	0	0	0	0	0	0	0	0	0	0	0	0	8192	0	0
19200	877	6015	1	6016	194	3	6	0	0	0	0	0	0	0	0	0	0	0	0	0	8192	0	0
19200	878	6009	1	6010	188	10	6	0	0	0	0	0	0	0	0	0	0	0	0	0	8192	0	0
19200	879	6016	1	6017	192	5	2	0	0	0	0	0	0	0	0	0	0	0	0	0	8192	0	0
19200	880	6014	1	6015	196	2	2	0	0	0	0	0	0	0	0	0	0	0	0	0	8192	0	0
19200	881	6010	1	6011	193	5	2	0	0	0	0	0	0	0	0	0	0	0	0	0	8192	0	0
19200	882	6016	0	6016	192	7	2	0	0	0	0	0	0	0	0	0	0	0	0	0	8192	0	0
19200	883	6014	1	6015	194	3	0	0	0	0	0	0	0	0	0	0	0	0	0	0	8192	0	0
19200	884	6010	0	6010	194	4	2	0	0	0	0	0	0	0	0	0	0	0	0	0	8192	0	0
19200	885	6015	1	6016	194	4	0	0	0	0	0	0	0	0	0	0	0	0	0	0	8192	0	0
19200	886	6014	2	6016	192	4	6	0	0	0	0	0	0	0	0	0	0	0	0	0	8192	0	0
19200	887	6011	0	6011	196	1	6	0	0	0	0	0	0	0	0	0	0	0	0	0	8192	0	0
19200	888	6015	1	6016	196	5	2	0	0	0	0	0	0	0	0	0	0	0	0	0	8192	0	0
19200	889	6015	0	6015	196	2	2	0	0	0	0	0	0	0	0	0	0	0	0	0	8192	0	0
19200	890	6010	1	6011	192	5	2	0	0	0	0	0	0	0	0	0	0	0	0	0	8192	0	0
19200	891	6015	0	6015	192	5	2	0	0	0	0	0	0	0	0	0	0	0	0	0	8192	0	0
19200	892	6016	1	6017	190	7	0	0	0	0	0	0	0	0	0	0	0	0	0	0	8192	0	0
19200	893	6010	1	6011	190	7	2	0	0	0	0	0	0	0	0	0	0	0	0	0	8192	0	0
19200	894	6016	0	6016	190	6	0	0	0	0	0	0	0	0	0	0	0	0	0	0	8192	0	0
19200	895	6014	0	6014	194	9	6	0	0	0	0	0	0	0	0	0	0	0	0	0	8192	0	0
19200	896	6010	0	6010	192	6	6	0	0	0	0	0	0	0	0	0	0	0	0	3	8192	0	0
19200	897	6016	0	6016	192	4	2	0	0	0	0	0	0	0	0	0	0	0	0	0	8192	0	0
19200	898	6016	1	6017	194	3	2	0	0	0	0	0	0	0	0	0	0	0	0	0	8192	0	0
19200	899	6010	1	6011	192	5	2	0	0	0	0	0	0	0	0	0	0	0	0	0	8192	0	0
19200	900	6012	3	6015	188	10	2	0	0	0	0	0	0	0	0	0	0	0	0	0	8192	0	0
19200	901	6014	3	6017	192	5	0	0	0	0	0	0	0	0	0	0	0	0	0	0	8192	0	0
19200	902	6007	1	6008	195	5	2	0	0	0	0	0	0	0	0	0	0	0	0	0	8192	0	0
19200	903	6014	0	6014	196	6	0	0	0	0	0	0	0	0	0	0	0	0	0	0	8192	0	0
19200	904	6017	0	6017	194	3	6	0	0	0	0	0	0	0	0	0	0	0	0	0	8192	0	0
19200	905	6009	0	6009	196	3	6	0	0	0	0	0	0	0	0	0	0	0	0	0	8192	0	0
19200	906	6017	0	6017	192	7	2	0	0	0	0	0	0	0	0	0	0	0	0	0	8192	0	0
19200	907	6015	1	6016	190	9	2	0	0	0	0	0	0	0	0	0	0	0	0	0	8192	0	0
19200	908	6009	1	6010	196	2	2	0	0	0	0	0	0	0	0	0	0	0	0	0	8192	0	0
19200	909	6016	1	6017	192	5	2	0	0	0	0	0	0	0	0	0	0	0	0	0	8192	0	0
19200	910	6016	0	6016	192	7	0	0	0	0	0	0	0	0	0	0	0	0	0	0	8192	0	0
19200	911	6007	2	6009	194	6	2	0	0	0	0	0	0	0	0	0	0	0	0	0	8192	0	0
19200	912	6016	1	6017	194	3	0	0	0	0	0	0	0	0	0	0	0	0	0	0	8192	0	0
19200	913	6014	0	6014	194	5	6	0	0	0	0	0	0	0	0	0	0	0	0	0	8192	0	0
19200	914	6009	1	6010	194	2	6	0	0	0	0	0	0	0	0	0	0	0	0	0	8192	0	0
19200	915	6017	0	6017	192	5	2	0	0	0	0	0	0	0	0	0	0	0	0	0	8192	0	0
19200	916	6016	0	6016	194	2	2	0	0	0	0	0	0	0	0	0	0	0	0	0	8192	0	0
19200	917	6011	0	6011	186	11	2	0	0	0	0	0	0	0	0	0	0	0	0	0	8192	0	0
19200	918	6017	0	6017	192	5	2	0	0	0	0	0	0	0	0	0	0	0	0	0	8192	0	0
19200	919	6015	0	6015	192	6	0	0	0	0	0	0	0	0	0	0	0	0	0	0	8192	0	0
19200	920	6010	0	6010	196	5	2	0	0	0	0	0	0	0	0	0	0	0	0	0	8192	0	0
19200	921	6016	0	6016	198	1	0	0	0	0	0	0	0	0	0	0	0	0	0	0	8192	0	0
19200	922	6014	0	6014	196	3	6	0	0	0	0	0	0	0	0	0	0	0	0	0	8192	0	0
19200	923	6011	0	6011	194	6	6	0	0	0	0	0	0	0	0	0	0	0	0	0	8192	0	0
19200	924	6015	1	6016	196	3	2	0	0	0	0	0	0	0	0	0	0	0	0	0	8192	0	0
19200	925	6013	2	6015	190	6	2	0	0	0	0	0	0	0	0	0	0	0	0	0	8192	0	0
19200	926	6013	0	6013	191	7	2	0	0	0	0	0	0	0	0	0	0	0	0	0	8192	0	0
19200	927	6015	1	6016	192	4	2	0	0	0	0	0	0	0	0	0	0	0	0	0	8192	0	0
19200	928	6013	1	6014	194	3	0	0	0	0	0	0	0	0	0	0	0	0	0	0	8192	0	0
19200	929	6016	0	6016	192	5	2	0	0	0	0	0	0	0	0	0	0	0	0	0	8192	0	0
19200	930	6014	1	6015	196	4	0	0	0	0	0	0	0	0	0	0	0	0	0	0	8192	0	0
19200	931	6012	1	6013	192	5	6	0	0	0	0	0	0	0	0	0	0	0	0	0	8192	0	0
19200	932	6015	0	6015	194	6	6	0	0	0	0	0	0	0	0	0	0	0	0	0	8192	0	0
19200	933	6015	0	6015	192	5	2	0	0	0	0	0	0	0	0	0	0	0	0	0	8192	0	0
19200	934	6011	0	6011	192	6	2	0	0	0	0	0	0	0	0	0	0	0	0	0	8192	0	0
19200	935	6015	1	6016	196	1	2	0	0	0	0	0	0	0	0	0	0	0	0	0	8192	0	0
19200	936	6016	0	6016	190	6	2	0	0	0	0	0	0	0	0	0	0	0	0	0	8192	0	0
19200	937	6011	0	6011	194	5	0	0	0	0	0	0	0	0	0	0	0	0	0	0	8192	0	0
19200	938	6015	0	6015	198	2	2	0	0	0	0	0	0	0	0	0	0	0	0	0	8192	0	0
19200	939	6017	0	6017	192	5	0	0	0	0	0	0	0	0	0	0	0	0	0	0	8192	0	0
19200	940	6011	0	6011	188	9	6	0	0	0	0	0	0	0	0	0	0	0	0	0	8192	0	0
19200	941	6014	0	6014	194	7	6	0	0	0	0	0	0	0	0	0	0	0	0	0	8192	0	0
19200	942	6015	1	6016	196	2	2	0	0	0	0	0	0	0	0	0	0	0	0	0	8192	0	0
19200	943	6007	1	6008	194	6	2	0	0	0	0	0	0	0	0	0	0	0	0	3	24576	0	0
19200	944	6013	1	6014	192	9	2	0	0	0	0	0	0	0	0	0	0	0	0	0	8192	0	0
19200	945	6016	0	6016	194	5	2	0	0	0	0	0	0	0	0	0	0	0	0	0	8192	0	0
19200	946	6009	1	6010	196	5	0	0	0	0	0	0	0	0	0	0	0	0	0	0	12288	0	0
19200	947	6015	0	6015	192	4	2	0	0	0	0	0	0	0	0	0	0	0	0	0	8192	0	0
19200	948	6015	1	6016	196	1	0	0	0	0	0	0	0	0	0	0	0	0	0	0	8192	0	0
19200	949	6008	0	6008	196	5	6	0	0	0	0	0	0	0	0	0	0	0	0	0	8192	0	0
19200	950	6016	1	6017	190	7	6	0	0	0	0	0	0	0	0	0	0	0	0	0	8192	0	0
19200	951	6016	0	6016	196	3	2	0	0	0	0	0	0	0	0	0	0	0	0	0	8192	0	0
19200	952	6010	0	6010	196	0	2	0	0	0	0	0	0	0	0	0	0	0	0	0	8192	0	0
19200	953	6015	1	6016	190	10	2	0	0	0	0	0	0	0	0	0	0	0	0	0	8192	0	0
19200	954	6015	1	6016	194	4	2	0	0	0	0	0	0	0	0	0	0	0	0	0	8192	0	0
19200	955	6009	1	6010	192	4	0	0	0	0	0	0	0	0	0	0	0	0	0	0	8192	0	0
19200	956	6016	0	6016	194	7	2	0	0	0	0	0	0	0	0	0	0	0	0	0	8192	0	0
19200	957	6016	0	6016	196	3	0	0	0	0	0	0	0	0	0	0	0	0	0	0	8192	0	0
19200	958	6009	1	6010	194	2	6	0	0	0	0	0	0	0	0	0	0	0	0	0	8192	0	0
19200	959	6016	0	6016	192	7	6	0	0	0	0	0	0	0	0	0	0	0	0	0	8192	0	0
19200	960	6015	1	6016	194	2	2	0	0	0	0	0	0	0	0	0	0	0	0	0	8192	0	0
19200	961	6011	0	6011	196	3	2	0	0	0	0	0	0	0	0	0	0	0	0	0	8192	0	0
19200	962	6015	1	6016	194	3	2	0	0	0	0	0	0	0	0	0	0	0	0	0	8192	0	0
19200	963	6015	1	6016	188	8	2	0	0	0	0	0	0	0	0	0	0	0	0	0	8192	0	0
19200	964	6009	0	6009	196	6	0	0	0	0	0	0	0	0	0	0	0	0	0	0	8192	0	0
19200	965	6013	2	6015	194	8	2	0	0	0	0	0	0	0	0	0	0	0	0	0	8192	0	0
19200	966	6016	0	6016	196	0	0	0	0	0	0	0	0	0	0	0	0	0	0	0	8192	0	0
19200	967	6009	1	6010	192	7	6	0	0	0	0	0	0	0	0	0	0	0	0	0	8192	0	0
19200	968	6014	3	6017	192	5	6	0	0	0	0	0	0	0	0	0	0	0	0	0	8192	0	0
19200	969	6015	1	6016	190	6	2	0	0	0	0	0	0	0	0	0	0	0	0	0	8192	0	0
19200	970	6009	1	6010	196	5	2	0	0	0	0	0	0	0	0	0	0	0	0	0	8192	0	0
19200	971	6014	2	6016	190	6	2	0	0	0	0	0	0	0	0	0	0	0	0	0	8192	0	0
19200	972	6015	0	6015	192	4	2	0	0	0	0	0	0	0	0	0	0	0	0	0	8192	0	0
19200	973	6011	0	6011	190	10	0	0	0	0	0	0	0	0	0	0	0	0	0	0	8192	0	0
19200	974	6015	0	6015	190	7	2	0	0	0	0	0	0	0	0	0	0	0	0	0	8192	0	0
19200	975	6012	0	6012	196	6	0	0	0	0	0	0	0	0	0	0	0	0	0	0	8192	0	0
19200	976	6015	0	6015	194	5	6	0	0	0	0	0	0	0	0	0	0	0	0	0	8192	0	0
19200	977	6016	0	6016	194	2	6	0	0	0	0	0	0	0	0	0	0	0	0	0	8192	0	0
19200	978	6013	0	6013	190	7	2	0	0	0	0	0	0	0	0	0	0	0	0	0	8192	0	0
19200	979	6016	0	6016	200	1	2	0	0	0	0	0	0	0	0	0	0	0	0	0	8192	0	0
19200	980	6016	0	6016	194	2	2	0	0	0	0	0	0	0	0	0	0	0	0	0	8192	0	0
19200	981	6011	0	6011	192	6	2	0	0	0	0	0	0	0	0	0	0	0	0	0	8192	0	0
19200	982	6014	1	6015	196	4	0	0	0	0	0	0	0	0	0	0	0	0	0	0	8192	0	0
19200	983	6016	0	6016	192	4	2	0	0	0	0	0	0	0	0	0	0	0	0	0	8192	0	0
19200	984	6010	0	6010	192	8	0	0	0	0	0	0	0	0	0	0	0	0	0	0	8192	0	0
19200	985	6014	0	6014	192	7	6	0	0	0	0	0	0	0	0	0	0	0	0	0	8192	0	0
19200	986	6014	1	6015	196	5	6	0	0	0	0	0	0	0	0	0	0	0	0	0	8192	0	0
19200	987	6010	0	6010	194	5	2	0	0	0	0	0	0	0	0	0	0	0	0	0	8192	0	0
19200	988	6015	0	6015	194	4	2	0	0	0	0	0	0	0	0	0	0	0	0	0	8192	0	0
19200	989	6013	3	6016	198	2	2	0	0	0	0	0	0	0	0	0	0	0	0	0	8192	0	0
19200	990	6011	1	6012	196	3	3	0	0	0	0	0	0	0	0	0	0	0	0	3	45056	7	0
19200	991	6015	1	6016	194	2	0	0	0	0	0	0	0	0	0	0	0	0	0	0	8192	0	0
19200	992	6016	1	6017	192	5	2	0	0	0	0	0	0	0	0	0	0	0	0	0	8192	0	0
19200	993	6010	1	6011	194	3	0	0	0	0	0	0	0	0	0	0	0	0	0	0	8192	0	0
19200	994	6014	0	6014	198	3	6	0	0	0	0	0	0	0	0	0	0	0	0	0	8192	0	0
19200	995	6015	1	6016	192	7	6	0	0	0	0	0	0	0	0	0	0	0	0	0	8192	0	0
19200	996	6008	1	6009	193	4	2	0	0	0	0	0	0	0	0	0	0	0	0	0	8192	0	0
19200	997	6016	0	6016	196	5	2	0	0	0	0	0	0	0	0	0	0	0	0	0	8192	0	0
19200	998	6016	1	6017	190	7	2	0	0	0	0	0	0	0	0	0	0	0	0	0	8192	0	0
19200	999	6010	0	6010	192	4	2	0	0	0	0	0	0	0	0	0	0	0	0	0	8192	0	0
19200	1000	6015	2	6017	196	1	0	0	0	0	0	0	0	0	0	0	0	0	0	0	8192	0	0
