RUNID	ITERNUM	METIME	PRTIME	TPRTIME	DIFF	TDIFF	NRPROCS	NPROCS
24421	1	2007	2006	2201	1	195	3	92
24421	2	2005	2005	2201	0	196	2	92
24421	3	2005	2005	2199	0	194	2	92
24421	4	2005	2005	2200	0	195	2	92
24421	5	2007	2006	2201	1	195	3	92
24421	6	2005	2005	2201	0	196	2	92
24421	7	2001	2002	2198	-1	196	2	92
24421	8	2003	2004	2200	-1	196	2	92
24421	9	2007	2006	2203	1	197	3	92
24421	10	2005	2005	2201	0	196	2	92
24421	11	2005	2005	2199	0	194	2	92
24421	12	2005	2005	2199	0	194	2	92
24421	13	2007	2006	2201	1	195	3	92
24421	14	2005	2005	2199	0	194	2	92
24421	15	2002	2001	2197	1	196	2	92
24421	16	2004	2004	2198	0	194	2	92
24421	17	2005	2004	2200	1	196	2	92
24421	18	2005	2005	2200	0	195	2	92
24421	19	2005	2005	2199	0	194	2	92
24421	20	2005	2005	2201	0	196	2	92
24421	21	2005	2005	2201	0	196	2	92
24421	22	2007	2006	2201	1	195	3	92
24421	23	2002	2002	2196	0	194	2	92
24421	24	2004	2004	2200	0	196	2	92
24421	25	2005	2004	2200	1	196	2	92
24421	26	2006	2006	2203	0	197	3	92
24421	27	2005	2005	2199	0	194	2	92
24421	28	2005	2005	2201	0	196	2	92
24421	29	2005	2005	2199	0	194	2	92
24421	30	2007	2006	2201	1	195	3	92
24421	31	2002	2001	2197	1	196	2	92
24421	32	2005	2005	2199	0	194	2	92
24421	33	2005	2005	2199	0	194	2	92
24421	34	2007	2006	2201	1	195	3	92
24421	35	2005	2005	2199	0	194	2	92
24421	36	2005	2005	2201	0	196	2	92
24421	37	2005	2005	2199	0	194	2	92
24421	38	2007	2006	2201	1	195	3	92
24421	39	2000	2000	2196	0	196	2	92
24421	40	2005	2005	2201	0	196	2	92
24421	41	2005	2005	2199	0	194	2	92
24421	42	2007	2005	2200	2	195	3	92
24421	43	2005	2005	2201	0	196	2	92
24421	44	2005	2005	2199	0	194	2	92
24421	45	2005	2005	2201	0	196	2	92
24421	46	2007	2006	2201	1	195	3	92
24421	47	2000	1999	2195	1	196	2	92
24421	48	2005	2005	2201	0	196	2	92
24421	49	2005	2005	2199	0	194	2	92
24421	50	2007	2006	2203	1	197	3	92
24421	51	2005	2005	2199	0	194	2	92
24421	52	2005	2005	2199	0	194	2	92
24421	53	2005	2005	2199	0	194	2	92
24421	54	2007	2005	2202	2	197	3	92
24421	55	1999	1999	2193	0	194	2	92
24421	56	2005	2005	2201	0	196	2	92
24421	57	2005	2005	2200	0	195	2	92
24421	58	2005	2005	2201	0	196	2	92
24421	59	2006	2005	2201	1	196	2	92
24421	60	2004	2005	2201	-1	196	2	92
24421	61	2005	2004	2199	1	195	2	92
24421	62	2005	2005	2199	0	194	2	92
24421	63	2002	2000	2197	2	197	3	92
24421	64	2005	2005	2199	0	194	2	92
24421	65	2005	2005	2199	0	194	2	92
24421	66	2004	2005	2201	-1	196	2	92
24421	67	2007	2005	2200	2	195	3	92
24421	68	2005	2005	2201	0	196	2	92
24421	69	2005	2004	2200	1	196	2	92
24421	70	2005	2005	2201	0	196	2	92
24421	71	2001	2000	2197	1	197	3	92
24421	72	2005	2005	2199	0	194	2	92
24421	73	2005	2005	2199	0	194	2	92
24421	74	2005	2005	2199	0	194	2	92
24421	75	2007	2006	2203	1	197	3	92
24421	76	2005	2005	2201	0	196	2	92
24421	77	2005	2004	2200	1	196	2	92
24421	78	2005	2005	2199	0	194	2	92
24421	79	2001	2000	2195	1	195	3	92
24421	80	2005	2005	2201	0	196	2	92
24421	81	2005	2005	2199	0	194	2	92
24421	82	2005	2005	2199	0	194	2	92
24421	83	2007	2006	2201	1	195	3	92
24421	84	2005	2005	2199	0	194	2	92
24421	85	2005	2005	2199	0	194	2	92
24421	86	2005	2005	2199	0	194	2	92
24421	87	2000	2000	2197	0	197	3	92
24421	88	2005	2005	2201	0	196	2	92
24421	89	2005	2005	2201	0	196	2	92
24421	90	2005	2005	2201	0	196	2	92
24421	91	2007	2005	2203	2	198	3	92
24421	92	2005	2004	2200	1	196	2	92
24421	93	2005	2005	2199	0	194	2	92
24421	94	2005	2005	2199	0	194	2	92
24421	95	2001	1999	2196	2	197	3	92
24421	96	2005	2005	2201	0	196	2	92
24421	97	2005	2005	2201	0	196	2	92
24421	98	2005	2006	2200	-1	194	2	92
24421	99	2005	2005	2199	0	194	2	92
24421	100	2005	2005	2201	0	196	2	92
24421	101	2004	2005	2201	-1	196	2	92
24421	102	2005	2005	2201	0	196	2	92
24421	103	1999	1999	2193	0	194	2	92
24421	104	2007	2006	2203	1	197	3	92
24421	105	2005	2005	2201	0	196	2	92
24421	106	2005	2005	2201	0	196	2	92
24421	107	2005	2005	2201	0	196	2	92
24421	108	2007	2006	2203	1	197	3	92
24421	109	2005	2005	2199	0	194	2	92
24421	110	2005	2005	2201	0	196	2	92
24421	111	1999	1999	2193	0	194	2	92
24421	112	2007	2006	2201	1	195	3	92
24421	113	2005	2005	2201	0	196	2	92
24421	114	2004	2005	2201	-1	196	2	92
24421	115	2005	2005	2199	0	194	2	92
24421	116	2007	2006	2201	1	195	3	92
24421	117	2005	2005	2199	0	194	2	92
24421	118	2004	2005	2201	-1	196	2	92
24421	119	2000	1999	2193	1	194	2	92
24421	120	2007	2006	2203	1	197	3	92
24421	121	2005	2005	2201	0	196	2	92
24421	122	2005	2004	2198	1	194	2	92
24421	123	2005	2005	2201	0	196	2	92
24421	124	2007	2005	2200	2	195	3	92
24421	125	2005	2005	2199	0	194	2	92
24421	126	2005	2005	2199	0	194	2	92
24421	127	2000	2000	2194	0	194	2	92
24421	128	2007	2006	2203	1	197	3	92
24421	129	2005	2005	2201	0	196	2	92
24421	130	2005	2005	2199	0	194	2	92
24421	131	2005	2005	2199	0	194	2	92
24421	132	2007	2006	2201	1	195	3	92
24421	133	2005	2005	2199	0	194	2	92
24421	134	2005	2005	2201	0	196	2	92
24421	135	1999	1999	2193	0	194	2	92
24421	136	2005	2005	2201	0	196	2	92
24421	137	2005	2005	2201	0	196	2	92
24421	138	2005	2005	2199	0	194	2	92
24421	139	2005	2005	2201	0	196	2	92
24421	140	2005	2004	2200	1	196	2	92
24421	141	2005	2005	2201	0	196	2	92
24421	142	2005	2005	2199	0	194	2	92
24421	143	2000	2000	2196	0	196	2	92
24421	144	2006	2005	2201	1	196	2	92
24421	145	2007	2006	2203	1	197	3	92
24421	146	2005	2005	2201	0	196	2	92
24421	147	2005	2005	2201	0	196	2	92
24421	148	2005	2004	2202	1	198	2	92
24421	149	2007	2006	2201	1	195	3	92
24421	150	2004	2005	2201	-1	196	2	92
24421	151	2000	1999	2195	1	196	2	92
24421	152	2005	2005	2201	0	196	2	92
24421	153	2007	2006	2201	1	195	3	92
24421	154	2005	2005	2199	0	194	2	92
24421	155	2005	2004	2201	1	197	2	92
24421	156	2005	2005	2199	0	194	2	92
24421	157	2007	2006	2201	1	195	3	92
24421	158	2005	2005	2199	0	194	2	92
24421	159	1999	2000	2194	-1	194	2	92
24421	160	2005	2005	2199	0	194	2	92
24421	161	2007	2006	2201	1	195	3	92
24421	162	2005	2005	2201	0	196	2	92
24421	163	2005	2005	2199	0	194	2	92
24421	164	2004	2005	2201	-1	196	2	92
24421	165	2007	2006	2201	1	195	3	92
24421	166	2005	2005	2199	0	194	2	92
24421	167	1999	1999	2195	0	196	2	92
24421	168	2005	2005	2199	0	194	2	92
24421	169	2005	2005	2202	0	197	3	92
24421	170	2005	2005	2199	0	194	2	92
24421	171	2005	2005	2199	0	194	2	92
24421	172	2005	2005	2199	0	194	2	92
24421	173	2005	2005	2199	0	194	2	92
24421	174	2005	2005	2201	0	196	2	92
24421	175	1999	1999	2195	0	196	2	92
24421	176	2005	2005	2199	0	194	2	92
24421	177	2005	2005	2199	0	194	2	92
24421	178	2007	2006	2201	1	195	3	92
24421	179	2005	2005	2201	0	196	2	92
24421	180	2005	2005	2199	0	194	2	92
24421	181	2005	2004	2200	1	196	2	92
24421	182	2007	2006	2203	1	197	3	92
24421	183	1999	1999	2193	0	194	2	92
24421	184	2005	2005	2199	0	194	2	92
24421	185	2005	2005	2199	0	194	2	92
24421	186	2007	2006	2201	1	195	3	92
24421	187	2005	2005	2199	0	194	2	92
24421	188	2005	2005	2201	0	196	2	92
24421	189	2005	2005	2201	0	196	2	92
24421	190	2007	2006	2201	1	195	3	92
24421	191	1999	1999	2195	0	196	2	92
24421	192	2005	2005	2199	0	194	2	92
24421	193	2005	2004	2202	1	198	2	92
24421	194	2007	2006	2201	1	195	3	92
24421	195	2005	2005	2199	0	194	2	92
24421	196	2005	2005	2199	0	194	2	92
24421	197	2005	2005	2200	0	195	2	92
24421	198	2007	2006	2201	1	195	3	92
24421	199	1999	1999	2193	0	194	2	92
24421	200	2005	2004	2202	1	198	2	92
24421	201	2005	2005	2201	0	196	2	92
24421	202	2007	2006	2201	1	195	3	92
24421	203	2005	2004	2200	1	196	2	92
24421	204	2005	2005	2199	0	194	2	92
24421	205	2004	2005	2201	-1	196	2	92
24421	206	2005	2005	2201	0	196	2	92
24421	207	2000	2000	2194	0	194	2	92
24421	208	2005	2005	2199	0	194	2	92
24421	209	2005	2005	2201	0	196	2	92
24421	210	2005	2005	2201	0	196	2	92
24421	211	2005	2005	2199	0	194	2	92
24421	212	2005	2005	2199	0	194	2	92
24421	213	2005	2005	2201	0	196	2	92
24421	214	2005	2005	2199	0	194	2	92
24421	215	2001	2000	2197	1	197	3	92
24421	216	2005	2004	2202	1	198	2	92
24421	217	2005	2005	2199	0	194	2	92
24421	218	2005	2005	2201	0	196	2	92
24421	219	2007	2006	2201	1	195	3	92
24421	220	2005	2005	2201	0	196	2	92
24421	221	2005	2005	2199	0	194	2	92
24421	222	2005	2005	2199	0	194	2	92
24421	223	2001	2000	2195	1	195	3	92
24421	224	2005	2005	2199	0	194	2	92
24421	225	2005	2005	2201	0	196	2	92
24421	226	2005	2005	2199	0	194	2	92
24421	227	2007	2006	2201	1	195	3	92
24421	228	2005	2005	2201	0	196	2	92
24421	229	2005	2005	2199	0	194	2	92
24421	230	2005	2004	2198	1	194	2	92
24421	231	2002	2000	2197	2	197	3	92
24421	232	2005	2005	2199	0	194	2	92
24421	233	2005	2005	2199	0	194	2	92
24421	234	2005	2005	2199	0	194	2	92
24421	235	2007	2006	2203	1	197	3	92
24421	236	2006	2005	2201	1	196	2	92
24421	237	2005	2005	2199	0	194	2	92
24421	238	2005	2004	2198	1	194	2	92
24421	239	2002	2000	2197	2	197	3	92
24421	240	2005	2005	2199	0	194	2	92
24421	241	2005	2004	2201	1	197	2	92
24421	242	2005	2005	2199	0	194	2	92
24421	243	2006	2006	2203	0	197	3	92
24421	244	2005	2004	2201	1	197	2	92
24421	245	2005	2005	2201	0	196	2	92
24421	246	2005	2005	2199	0	194	2	92
24421	247	2000	2000	2194	0	194	2	92
24421	248	2005	2005	2199	0	194	2	92
24421	249	2005	2005	2199	0	194	2	92
24421	250	2005	2005	2199	0	194	2	92
24421	251	2005	2005	2199	0	194	2	92
24421	252	2007	2006	2203	1	197	3	92
24421	253	2005	2005	2199	0	194	2	92
24421	254	2005	2005	2201	0	196	2	92
24421	255	1999	1999	2194	0	195	2	92
24421	256	2007	2005	2202	2	197	3	92
24421	257	2005	2005	2201	0	196	2	92
24421	258	2004	2005	2201	-1	196	2	92
24421	259	2005	2005	2199	0	194	2	92
24421	260	2007	2006	2201	1	195	3	92
24421	261	2005	2006	2200	-1	194	2	92
24421	262	2005	2005	2201	0	196	2	92
24421	263	2000	1999	2195	1	196	2	92
24421	264	2006	2006	2203	0	197	3	92
24421	265	2005	2005	2201	0	196	2	92
24421	266	2004	2005	2201	-1	196	2	92
24421	267	2005	2005	2201	0	196	2	92
24421	268	2007	2006	2201	1	195	3	92
24421	269	2005	2005	2199	0	194	2	92
24421	270	2005	2005	2201	0	196	2	92
24421	271	1999	1999	2195	0	196	2	92
24421	272	2006	2006	2203	0	197	3	92
24421	273	2005	2005	2201	0	196	2	92
24421	274	2005	2005	2201	0	196	2	92
24421	275	2005	2005	2200	0	195	2	92
24421	276	2007	2006	2203	1	197	3	92
24421	277	2005	2005	2199	0	194	2	92
24421	278	2005	2005	2199	0	194	2	92
24421	279	1999	1999	2195	0	196	2	92
24421	280	2005	2005	2202	0	197	3	92
24421	281	2005	2005	2199	0	194	2	92
24421	282	2005	2005	2199	0	194	2	92
24421	283	2005	2005	2201	0	196	2	92
24421	284	2005	2004	2202	1	198	2	92
24421	285	2005	2005	2199	0	194	2	92
24421	286	2005	2005	2199	0	194	2	92
24421	287	1999	1998	2192	1	194	2	92
24421	288	2005	2005	2199	0	194	2	92
24421	289	2007	2005	2200	2	195	3	92
24421	290	2005	2005	2199	0	194	2	92
24421	291	2005	2005	2199	0	194	2	92
24421	292	2005	2004	2198	1	194	2	92
24421	293	2006	2006	2203	0	197	3	92
24421	294	2005	2005	2199	0	194	2	92
24421	295	1999	1999	2193	0	194	2	92
24421	296	2005	2005	2199	0	194	2	92
24421	297	2007	2006	2201	1	195	3	92
24421	298	2005	2005	2199	0	194	2	92
24421	299	2005	2005	2199	0	194	2	92
24421	300	2005	2005	2199	0	194	2	92
24421	301	2007	2006	2203	1	197	3	92
24421	302	2005	2005	2199	0	194	2	92
24421	303	1999	1999	2193	0	194	2	92
24421	304	2005	2005	2199	0	194	2	92
24421	305	2007	2006	2203	1	197	3	92
24421	306	2005	2005	2201	0	196	2	92
24421	307	2005	2005	2199	0	194	2	92
24421	308	2004	2005	2201	-1	196	2	92
24421	309	2007	2006	2203	1	197	3	92
24421	310	2005	2005	2199	0	194	2	92
24421	311	1999	1999	2193	0	194	2	92
24421	312	2005	2005	2199	0	194	2	92
24421	313	2005	2005	2200	0	195	2	92
24421	314	2005	2005	2199	0	194	2	92
24421	315	2004	2005	2201	-1	196	2	92
24421	316	2005	2005	2199	0	194	2	92
24421	317	2005	2005	2199	0	194	2	92
24421	318	2007	2005	2200	2	195	3	92
24421	319	2000	2000	2194	0	194	2	92
24421	320	2006	2005	2201	1	196	2	92
24421	321	2005	2005	2199	0	194	2	92
24421	322	2007	2006	2201	1	195	3	92
24421	323	2005	2005	2199	0	194	2	92
24421	324	2004	2005	2201	-1	196	2	92
24421	325	2005	2005	2199	0	194	2	92
24421	326	2007	2006	2201	1	195	3	92
24421	327	1999	2000	2194	-1	194	2	92
24421	328	2005	2005	2199	0	194	2	92
24421	329	2005	2005	2201	0	196	2	92
24421	330	2007	2006	2201	1	195	3	92
24421	331	2005	2005	2199	0	194	2	92
24421	332	2005	2005	2201	0	196	2	92
24421	333	2006	2005	2201	1	196	2	92
24421	334	2007	2006	2201	1	195	3	92
24421	335	2000	2000	2194	0	194	2	92
24421	336	2005	2005	2201	0	196	2	92
24421	337	2004	2005	2201	-1	196	2	92
24421	338	2007	2006	2201	1	195	3	92
24421	339	2005	2005	2201	0	196	2	92
24421	340	2005	2005	2201	0	196	2	92
24421	341	2005	2005	2201	0	196	2	92
24421	342	2007	2006	2201	1	195	3	92
24421	343	2000	2000	2194	0	194	2	92
24421	344	2004	2005	2201	-1	196	2	92
24421	345	2004	2005	2201	-1	196	2	92
24421	346	2005	2005	2200	0	195	2	92
24421	347	2005	2005	2199	0	194	2	92
24421	348	2005	2005	2199	0	194	2	92
24421	349	2005	2005	2199	0	194	2	92
24421	350	2005	2005	2199	0	194	2	92
24421	351	2000	2001	2195	-1	194	2	92
24421	352	2005	2005	2199	0	194	2	92
24421	353	2005	2004	2200	1	196	2	92
24421	354	2005	2005	2199	0	194	2	92
24421	355	2007	2006	2201	1	195	3	92
24421	356	2005	2005	2201	0	196	2	92
24421	357	2005	2005	2201	0	196	2	92
24421	358	2005	2005	2199	0	194	2	92
24421	359	2001	2000	2195	1	195	3	92
24421	360	2005	2006	2200	-1	194	2	92
24421	361	2005	2005	2199	0	194	2	92
24421	362	2005	2005	2199	0	194	2	92
24421	363	2007	2005	2200	2	195	3	92
24421	364	2004	2005	2201	-1	196	2	92
24421	365	2005	2005	2199	0	194	2	92
24421	366	2005	2005	2199	0	194	2	92
24421	367	2001	1999	2196	2	197	3	92
24421	368	2005	2004	2198	1	194	2	92
24421	369	2005	2005	2201	0	196	2	92
24421	370	2005	2005	2199	0	194	2	92
24421	371	2007	2006	2201	1	195	3	92
24421	372	2005	2005	2199	0	194	2	92
24421	373	2005	2005	2199	0	194	2	92
24421	374	2005	2005	2199	0	194	2	92
24421	375	2001	2000	2195	1	195	3	92
24421	376	2005	2005	2199	0	194	2	92
24421	377	2005	2005	2199	0	194	2	92
24421	378	2005	2005	2199	0	194	2	92
24421	379	2006	2006	2203	0	197	3	92
24421	380	2005	2005	2199	0	194	2	92
24421	381	2005	2005	2199	0	194	2	92
24421	382	2005	2005	2201	0	196	2	92
24421	383	2001	2000	2195	1	195	3	92
24421	384	2005	2005	2199	0	194	2	92
24421	385	2005	2005	2201	0	196	2	92
24421	386	2005	2005	2199	0	194	2	92
24421	387	2007	2006	2203	1	197	3	92
24421	388	2005	2005	2201	0	196	2	92
24421	389	2005	2004	2198	1	194	2	92
24421	390	2005	2005	2199	0	194	2	92
24421	391	1999	1998	2197	1	199	3	92
24421	392	2005	2005	2199	0	194	2	92
24421	393	2005	2005	2201	0	196	2	92
24421	394	2005	2005	2199	0	194	2	92
24421	395	2005	2005	2199	0	194	2	92
24421	396	2005	2005	2199	0	194	2	92
24421	397	2005	2005	2201	0	196	2	92
24421	398	2005	2005	2199	0	194	2	92
24421	399	1999	1999	2193	0	194	2	92
24421	400	2007	2006	2201	1	195	3	92
24421	401	2005	2004	2198	1	194	2	92
24421	402	2005	2005	2201	0	196	2	92
24421	403	2005	2004	2201	1	197	2	92
24421	404	2007	2006	2201	1	195	3	92
24421	405	2005	2005	2199	0	194	2	92
24421	406	2005	2005	2199	0	194	2	92
24421	407	1999	1999	2193	0	194	2	92
24421	408	2007	2006	2201	1	195	3	92
24421	409	2005	2005	2199	0	194	2	92
24421	410	2005	2005	2199	0	194	2	92
24421	411	2005	2005	2200	0	195	2	92
24421	412	2007	2006	2201	1	195	3	92
24421	413	2005	2005	2199	0	194	2	92
24421	414	2005	2005	2201	0	196	2	92
24421	415	2000	1999	2195	1	196	2	92
24421	416	2007	2006	2201	1	195	3	92
24421	417	2005	2005	2199	0	194	2	92
24421	418	2005	2005	2201	0	196	2	92
24421	419	2005	2005	2199	0	194	2	92
24421	420	2007	2006	2203	1	197	3	92
24421	421	2005	2006	2200	-1	194	2	92
24421	422	2005	2005	2199	0	194	2	92
24421	423	1999	2000	2194	-1	194	2	92
24421	424	2007	2005	2200	2	195	3	92
24421	425	2005	2005	2199	0	194	2	92
24421	426	2005	2005	2199	0	194	2	92
24421	427	2004	2005	2201	-1	196	2	92
24421	428	2007	2006	2201	1	195	3	92
24421	429	2005	2005	2199	0	194	2	92
24421	430	2005	2006	2200	-1	194	2	92
24421	431	2000	2000	2194	0	194	2	92
24421	432	2005	2005	2199	0	194	2	92
24421	433	2005	2005	2201	0	196	2	92
24421	434	2005	2005	2199	0	194	2	92
24421	435	2005	2005	2199	0	194	2	92
24421	436	2005	2005	2199	0	194	2	92
24421	437	2008	2006	2203	2	197	3	92
24421	438	2005	2005	2199	0	194	2	92
24421	439	2000	2001	2195	-1	194	2	92
24421	440	2005	2005	2199	0	194	2	92
24421	441	2007	2006	2201	1	195	3	92
24421	442	2005	2005	2201	0	196	2	92
24421	443	2005	2004	2202	1	198	2	92
24421	444	2005	2005	2199	0	194	2	92
24421	445	2007	2005	2200	2	195	3	92
24421	446	2005	2005	2201	0	196	2	92
24421	447	1999	1999	2195	0	196	2	92
24421	448	2004	2005	2201	-1	196	2	92
24421	449	2007	2006	2201	1	195	3	92
24421	450	2005	2005	2199	0	194	2	92
24421	451	2005	2005	2201	0	196	2	92
24421	452	2005	2005	2199	0	194	2	92
24421	453	2007	2005	2200	2	195	3	92
24421	454	2005	2005	2199	0	194	2	92
24421	455	2000	2000	2196	0	196	2	92
24421	456	2004	2005	2201	-1	196	2	92
24421	457	2007	2006	2201	1	195	3	92
24421	458	2005	2005	2201	0	196	2	92
24421	459	2005	2005	2199	0	194	2	92
24421	460	2005	2005	2201	0	196	2	92
24421	461	2007	2006	2201	1	195	3	92
24421	462	2002	2002	2196	0	194	2	92
24421	463	2004	2004	2198	0	194	2	92
24421	464	2005	2005	2199	0	194	2	92
24421	465	2005	2005	2199	0	194	2	92
24421	466	2005	2005	2199	0	194	2	92
24421	467	2005	2005	2201	0	196	2	92
24421	468	2005	2005	2199	0	194	2	92
24421	469	2005	2005	2201	0	196	2	92
24421	470	2001	2000	2197	1	197	3	92
24421	471	2005	2006	2200	-1	194	2	92
24421	472	2005	2005	2199	0	194	2	92
24421	473	2005	2005	2201	0	196	2	92
24421	474	2007	2005	2204	2	199	3	92
24421	475	2005	2005	2199	0	194	2	92
24421	476	2005	2004	2200	1	196	2	92
24421	477	2005	2005	2199	0	194	2	92
24421	478	2002	2001	2196	1	195	3	92
24421	479	2005	2005	2201	0	196	2	92
24421	480	2005	2005	2199	0	194	2	92
24421	481	2005	2005	2201	0	196	2	92
24421	482	2007	2006	2201	1	195	3	92
24421	483	2005	2005	2199	0	194	2	92
24421	484	2005	2005	2201	0	196	2	92
24421	485	2002	2003	2197	-1	194	2	92
24421	486	2006	2004	2201	2	197	3	92
24421	487	2005	2005	2199	0	194	2	92
24421	488	2005	2005	2201	0	196	2	92
24421	489	2005	2005	2199	0	194	2	92
24421	490	2007	2006	2203	1	197	3	92
24421	491	2005	2005	2199	0	194	2	92
24421	492	2005	2005	2201	0	196	2	92
24421	493	2000	2000	2194	0	194	2	92
24421	494	2007	2005	2200	2	195	3	92
24421	495	2005	2005	2200	0	195	2	92
24421	496	2005	2005	2199	0	194	2	92
24421	497	2005	2005	2199	0	194	2	92
24421	498	2005	2005	2202	0	197	3	92
24421	499	2005	2005	2199	0	194	2	92
24421	500	2005	2005	2199	0	194	2	92
24421	501	2000	2000	2194	0	194	2	92
24421	502	2005	2005	2199	0	194	2	92
24421	503	2005	2005	2201	0	196	2	92
24421	504	2005	2005	2199	0	194	2	92
24421	505	2004	2005	2201	-1	196	2	92
24421	506	2005	2005	2199	0	194	2	92
24421	507	2007	2006	2203	1	197	3	92
24421	508	2004	2004	2198	0	194	2	92
24421	509	2002	2003	2199	-1	196	2	92
24421	510	2005	2005	2199	0	194	2	92
24421	511	2007	2005	2204	2	199	3	92
24421	512	2005	2005	2199	0	194	2	92
24421	513	2005	2005	2199	0	194	2	92
24421	514	2005	2005	2201	0	196	2	92
24421	515	2007	2005	2202	2	197	3	92
24421	516	2001	2000	2196	1	196	2	92
24421	517	2005	2005	2201	0	196	2	92
24421	518	2005	2005	2201	0	196	2	92
24421	519	2007	2006	2201	1	195	3	92
24421	520	2005	2005	2199	0	194	2	92
24421	521	2005	2005	2199	0	194	2	92
24421	522	2004	2005	2201	-1	196	2	92
24421	523	2007	2005	2202	2	197	3	92
24421	524	1999	1999	2193	0	194	2	92
24421	525	2005	2005	2200	0	195	2	92
24421	526	2005	2005	2199	0	194	2	92
24421	527	2007	2005	2202	2	197	3	92
24421	528	2005	2005	2199	0	194	2	92
24421	529	2005	2005	2200	0	195	2	92
24421	530	2005	2005	2199	0	194	2	92
24421	531	2006	2005	2200	1	195	3	92
24421	532	2002	2003	2197	-1	194	2	92
24421	533	2005	2004	2200	1	196	2	92
24421	534	2005	2005	2201	0	196	2	92
24421	535	2007	2005	2202	2	197	3	92
24421	536	2005	2004	2200	1	196	2	92
24421	537	2005	2005	2200	0	195	2	92
24421	538	2005	2005	2199	0	194	2	92
24421	539	2001	2002	2196	-1	194	2	92
24421	540	2004	2005	2199	-1	194	2	92
24421	541	2005	2005	2199	0	194	2	92
24421	542	2005	2005	2201	0	196	2	92
24421	543	2005	2005	2199	0	194	2	92
24421	544	2007	2005	2202	2	197	3	92
24421	545	2006	2005	2201	1	196	2	92
24421	546	2005	2005	2199	0	194	2	92
24421	547	1999	1999	2195	0	196	2	92
24421	548	2007	2006	2201	1	195	3	92
24421	549	2005	2004	2199	1	195	2	92
24421	550	2005	2005	2199	0	194	2	92
24421	551	2005	2005	2201	0	196	2	92
24421	552	2007	2006	2201	1	195	3	92
24421	553	2005	2005	2199	0	194	2	92
24421	554	2005	2005	2199	0	194	2	92
24421	555	2001	2000	2196	1	196	2	92
24421	556	2007	2005	2202	2	197	3	92
24421	557	2006	2005	2201	1	196	2	92
24421	558	2005	2005	2199	0	194	2	92
24421	559	2005	2005	2199	0	194	2	92
24421	560	2007	2005	2202	2	197	3	92
24421	561	2005	2005	2199	0	194	2	92
24421	562	2002	2002	2196	0	194	2	92
24421	563	2004	2004	2198	0	194	2	92
24421	564	2007	2006	2201	1	195	3	92
24421	565	2005	2005	2199	0	194	2	92
24421	566	2004	2005	2201	-1	196	2	92
24421	567	2005	2005	2199	0	194	2	92
24421	568	2007	2006	2203	1	197	3	92
24421	569	2005	2005	2201	0	196	2	92
24421	570	1999	1999	2193	0	194	2	92
24421	571	2005	2004	2202	1	198	2	92
24421	572	2007	2006	2203	1	197	3	92
24421	573	2005	2005	2199	0	194	2	92
24421	574	2005	2005	2201	0	196	2	92
24421	575	2005	2005	2199	0	194	2	92
24421	576	2005	2005	2199	0	194	2	92
24421	577	2005	2005	2199	0	194	2	92
24421	578	2002	2001	2197	1	196	2	92
24421	579	2005	2005	2201	0	196	2	92
24421	580	2005	2005	2199	0	194	2	92
24421	581	2007	2005	2202	2	197	3	92
24421	582	2006	2005	2201	1	196	2	92
24421	583	2005	2005	2199	0	194	2	92
24421	584	2005	2005	2199	0	194	2	92
24421	585	2005	2004	2199	1	195	3	92
24421	586	2003	2003	2199	0	196	2	92
24421	587	2005	2005	2201	0	196	2	92
24421	588	2005	2005	2201	0	196	2	92
24421	589	2007	2006	2201	1	195	3	92
24421	590	2005	2005	2199	0	194	2	92
24421	591	2005	2004	2200	1	196	2	92
24421	592	2005	2005	2199	0	194	2	92
24421	593	2002	2000	2197	2	197	3	92
24421	594	2005	2005	2199	0	194	2	92
24421	595	2005	2005	2199	0	194	2	92
24421	596	2005	2004	2200	1	196	2	92
24421	597	2007	2006	2201	1	195	3	92
24421	598	2005	2005	2199	0	194	2	92
24421	599	2005	2005	2199	0	194	2	92
24421	600	2005	2005	2199	0	194	2	92
24421	601	2001	2000	2196	1	196	3	92
24421	602	2005	2005	2199	0	194	2	92
24421	603	2005	2005	2201	0	196	2	92
24421	604	2005	2005	2199	0	194	2	92
24421	605	2007	2006	2201	1	195	3	92
24421	606	2005	2005	2199	0	194	2	92
24421	607	2005	2005	2201	0	196	2	92
24421	608	2003	2003	2199	0	196	2	92
24421	609	2004	2003	2200	1	197	3	92
24421	610	2005	2005	2199	0	194	2	92
24421	611	2005	2005	2201	0	196	2	92
24421	612	2005	2004	2198	1	194	2	92
24421	613	2005	2005	2199	0	194	2	92
24421	614	2005	2005	2201	0	196	2	92
24421	615	2005	2005	2201	0	196	2	92
24421	616	2001	2000	2194	1	194	2	92
24421	617	2005	2005	2199	0	194	2	92
24421	618	2007	2006	2203	1	197	3	92
24421	619	2005	2005	2199	0	194	2	92
24421	620	2005	2005	2199	0	194	2	92
24421	621	2005	2005	2201	0	196	2	92
24421	622	2007	2006	2201	1	195	3	92
24421	623	2005	2005	2201	0	196	2	92
24421	624	1999	1999	2193	0	194	2	92
24421	625	2005	2005	2199	0	194	2	92
24421	626	2007	2006	2203	1	197	3	92
24421	627	2005	2005	2199	0	194	2	92
24421	628	2005	2005	2199	0	194	2	92
24421	629	2004	2005	2201	-1	196	2	92
24421	630	2007	2006	2201	1	195	3	92
24421	631	2004	2005	2199	-1	194	2	92
24421	632	2001	2001	2197	0	196	2	92
24421	633	2005	2005	2201	0	196	2	92
24421	634	2007	2006	2203	1	197	3	92
24421	635	2005	2005	2199	0	194	2	92
24421	636	2005	2004	2200	1	196	2	92
24421	637	2005	2005	2199	0	194	2	92
24421	638	2007	2006	2201	1	195	3	92
24421	639	2003	2002	2198	1	196	2	92
24421	640	2003	2003	2197	0	194	2	92
24421	641	2005	2005	2199	0	194	2	92
24421	642	2007	2005	2200	2	195	3	92
24421	643	2005	2005	2199	0	194	2	92
24421	644	2005	2005	2199	0	194	2	92
24421	645	2005	2005	2201	0	196	2	92
24421	646	2007	2006	2201	1	195	3	92
24421	647	2000	2000	2194	0	194	2	92
24421	648	2005	2005	2199	0	194	2	92
24421	649	2004	2005	2201	-1	196	2	92
24421	650	2005	2005	2199	0	194	2	92
24421	651	2005	2005	2201	0	196	2	92
24421	652	2005	2005	2199	0	194	2	92
24421	653	2005	2005	2199	0	194	2	92
24421	654	2005	2005	2199	0	194	2	92
24421	655	2000	2001	2195	-1	194	2	92
24421	656	2005	2005	2201	0	196	2	92
24421	657	2005	2005	2199	0	194	2	92
24421	658	2005	2005	2199	0	194	2	92
24421	659	2006	2006	2203	0	197	3	92
24421	660	2005	2005	2201	0	196	2	92
24421	661	2005	2005	2201	0	196	2	92
24421	662	2003	2003	2197	0	194	2	92
24421	663	2005	2004	2199	1	195	3	92
24421	664	2005	2005	2199	0	194	2	92
24421	665	2005	2004	2202	1	198	2	92
24421	666	2005	2005	2199	0	194	2	92
24421	667	2007	2006	2201	1	195	3	92
24421	668	2005	2005	2199	0	194	2	92
24421	669	2005	2005	2199	0	194	2	92
24421	670	1999	2000	2194	-1	194	2	92
24421	671	2007	2006	2201	1	195	3	92
24421	672	2004	2005	2201	-1	196	2	92
24421	673	2005	2005	2201	0	196	2	92
24421	674	2005	2005	2201	0	196	2	92
24421	675	2007	2006	2201	1	195	3	92
24421	676	2005	2005	2199	0	194	2	92
24421	677	2005	2005	2201	0	196	2	92
24421	678	2000	2000	2194	0	194	2	92
24421	679	2007	2006	2203	1	197	3	92
24421	680	2005	2006	2200	-1	194	2	92
24421	681	2005	2005	2199	0	194	2	92
24421	682	2005	2005	2199	0	194	2	92
24421	683	2007	2005	2200	2	195	3	92
24421	684	2005	2005	2201	0	196	2	92
24421	685	2003	2003	2199	0	196	2	92
24421	686	2003	2003	2199	0	196	2	92
24421	687	2007	2006	2201	1	195	3	92
24421	688	2005	2005	2200	0	195	2	92
24421	689	2005	2005	2200	0	195	2	92
24421	690	2004	2005	2201	-1	196	2	92
24421	691	2005	2005	2199	0	194	2	92
24421	692	2005	2004	2200	1	196	2	92
24421	693	2001	2001	2195	0	194	2	92
24421	694	2005	2005	2199	0	194	2	92
24421	695	2005	2005	2199	0	194	2	92
24421	696	2005	2005	2201	0	196	2	92
24421	697	2005	2005	2201	0	196	2	92
24421	698	2005	2005	2199	0	194	2	92
24421	699	2005	2005	2201	0	196	2	92
24421	700	2007	2006	2201	1	195	3	92
24421	701	2000	1999	2195	1	196	2	92
24421	702	2005	2005	2201	0	196	2	92
24421	703	2005	2005	2199	0	194	2	92
24421	704	2006	2006	2203	0	197	3	92
24421	705	2005	2005	2201	0	196	2	92
24421	706	2005	2005	2199	0	194	2	92
24421	707	2005	2005	2201	0	196	2	92
24421	708	2006	2006	2203	0	197	3	92
24421	709	2001	2002	2196	-1	194	2	92
24421	710	2005	2004	2201	1	197	2	92
24421	711	2005	2005	2201	0	196	2	92
24421	712	2007	2006	2201	1	195	3	92
24421	713	2005	2005	2201	0	196	2	92
24421	714	2005	2005	2199	0	194	2	92
24421	715	2005	2005	2199	0	194	2	92
24421	716	2004	2004	2199	0	195	3	92
24421	717	2004	2003	2199	1	196	2	92
24421	718	2005	2005	2201	0	196	2	92
24421	719	2005	2005	2199	0	194	2	92
24421	720	2007	2006	2203	1	197	3	92
24421	721	2005	2005	2199	0	194	2	92
24421	722	2005	2005	2201	0	196	2	92
24421	723	2004	2005	2201	-1	196	2	92
24421	724	2002	2001	2196	1	195	3	92
24421	725	2005	2004	2198	1	194	2	92
24421	726	2004	2005	2201	-1	196	2	92
24421	727	2005	2005	2199	0	194	2	92
24421	728	2005	2005	2201	0	196	2	92
24421	729	2005	2005	2201	0	196	2	92
24421	730	2005	2005	2199	0	194	2	92
24421	731	2005	2004	2200	1	196	2	92
24421	732	1999	1999	2193	0	194	2	92
24421	733	2007	2006	2203	1	197	3	92
24421	734	2005	2005	2201	0	196	2	92
24421	735	2005	2005	2201	0	196	2	92
24421	736	2005	2005	2201	0	196	2	92
24421	737	2007	2006	2201	1	195	3	92
24421	738	2005	2004	2200	1	196	2	92
24421	739	2004	2004	2198	0	194	2	92
24421	740	2002	2002	2196	0	194	2	92
24421	741	2007	2006	2201	1	195	3	92
24421	742	2005	2005	2201	0	196	2	92
24421	743	2005	2005	2199	0	194	2	92
24421	744	2005	2004	2201	1	197	2	92
24421	745	2007	2006	2201	1	195	3	92
24421	746	2005	2005	2199	0	194	2	92
24421	747	2001	2002	2196	-1	194	2	92
24421	748	2005	2004	2200	1	196	2	92
24421	749	2007	2005	2201	2	196	3	92
24421	750	2005	2005	2201	0	196	2	92
24421	751	2005	2005	2199	0	194	2	92
24421	752	2005	2005	2199	0	194	2	92
24421	753	2007	2006	2203	1	197	3	92
24421	754	2005	2005	2199	0	194	2	92
24421	755	1999	1999	2195	0	196	2	92
24421	756	2006	2005	2201	1	196	2	92
24421	757	2007	2006	2201	1	195	3	92
24421	758	2005	2004	2200	1	196	2	92
24421	759	2005	2005	2201	0	196	2	92
24421	760	2005	2005	2199	0	194	2	92
24421	761	2005	2005	2201	0	196	2	92
24421	762	2005	2005	2199	0	194	2	92
24421	763	1999	1999	2193	0	194	2	92
24421	764	2005	2005	2199	0	194	2	92
24421	765	2005	2005	2199	0	194	2	92
24421	766	2007	2006	2201	1	195	3	92
24421	767	2005	2005	2201	0	196	2	92
24421	768	2005	2004	2200	1	196	2	92
24421	769	2005	2005	2199	0	194	2	92
24421	770	2007	2006	2203	1	197	3	92
24421	771	2001	2001	2195	0	194	2	92
24421	772	2005	2005	2199	0	194	2	92
24421	773	2005	2005	2201	0	196	2	92
24421	774	2007	2006	2201	1	195	3	92
24421	775	2005	2004	2200	1	196	2	92
24421	776	2005	2005	2199	0	194	2	92
24421	777	2004	2005	2201	-1	196	2	92
24421	778	2005	2004	2201	1	197	3	92
24421	779	2002	2002	2198	0	196	2	92
24421	780	2005	2004	2198	1	194	2	92
24421	781	2005	2005	2199	0	194	2	92
24421	782	2007	2006	2201	1	195	3	92
24421	783	2005	2005	2201	0	196	2	92
24421	784	2005	2005	2199	0	194	2	92
24421	785	2005	2005	2201	0	196	2	92
24421	786	2003	2002	2197	1	195	3	92
24421	787	2005	2005	2199	0	194	2	92
24421	788	2005	2005	2201	0	196	2	92
24421	789	2005	2004	2202	1	198	2	92
24421	790	2007	2006	2201	1	195	3	92
24421	791	2005	2005	2199	0	194	2	92
24421	792	2005	2005	2199	0	194	2	92
24421	793	2005	2005	2201	0	196	2	92
24421	794	1999	1999	2195	0	196	2	92
24421	795	2005	2005	2199	0	194	2	92
24421	796	2005	2005	2201	0	196	2	92
24421	797	2005	2005	2201	0	196	2	92
24421	798	2005	2005	2199	0	194	2	92
24421	799	2005	2005	2199	0	194	2	92
24421	800	2005	2005	2199	0	194	2	92
24421	801	2004	2004	2200	0	196	2	92
24421	802	2001	2001	2195	0	194	2	92
24421	803	2007	2006	2201	1	195	3	92
24421	804	2005	2006	2200	-1	194	2	92
24421	805	2005	2005	2199	0	194	2	92
24421	806	2005	2005	2199	0	194	2	92
24421	807	2007	2006	2201	1	195	3	92
24421	808	2005	2005	2201	0	196	2	92
24421	809	2001	2001	2197	0	196	2	92
24421	810	2004	2004	2198	0	194	2	92
24421	811	2007	2006	2201	1	195	3	92
24421	812	2005	2005	2199	0	194	2	92
24421	813	2005	2005	2199	0	194	2	92
24421	814	2005	2004	2202	1	198	2	92
24421	815	2007	2006	2201	1	195	3	92
24421	816	2005	2004	2202	1	198	2	92
24421	817	2000	1999	2195	1	196	2	92
24421	818	2005	2005	2199	0	194	2	92
24421	819	2007	2006	2201	1	195	3	92
24421	820	2005	2005	2201	0	196	2	92
24421	821	2005	2005	2199	0	194	2	92
24421	822	2005	2004	2200	1	196	2	92
24421	823	2007	2006	2201	1	195	3	92
24421	824	2005	2005	2201	0	196	2	92
24421	825	2000	2000	2194	0	194	2	92
24421	826	2005	2005	2199	0	194	2	92
24421	827	2007	2006	2201	1	195	3	92
24421	828	2005	2005	2199	0	194	2	92
24421	829	2005	2005	2199	0	194	2	92
24421	830	2005	2005	2199	0	194	2	92
24421	831	2005	2006	2203	-1	197	3	92
24421	832	2003	2004	2198	-1	194	2	92
24421	833	2003	2003	2197	0	194	2	92
24421	834	2005	2005	2199	0	194	2	92
24421	835	2004	2005	2201	-1	196	2	92
24421	836	2005	2005	2199	0	194	2	92
24421	837	2005	2005	2199	0	194	2	92
24421	838	2005	2005	2199	0	194	2	92
24421	839	2005	2005	2201	0	196	2	92
24421	840	2004	2003	2198	1	195	3	92
24421	841	2005	2004	2200	1	196	2	92
24421	842	2005	2005	2199	0	194	2	92
24421	843	2005	2004	2201	1	197	2	92
24421	844	2007	2006	2203	1	197	3	92
24421	845	2005	2005	2199	0	194	2	92
24421	846	2005	2005	2201	0	196	2	92
24421	847	2005	2005	2199	0	194	2	92
24421	848	2001	2000	2195	1	195	3	92
24421	849	2005	2004	2200	1	196	2	92
24421	850	2005	2005	2200	0	195	2	92
24421	851	2005	2005	2199	0	194	2	92
24421	852	2007	2006	2203	1	197	3	92
24421	853	2005	2005	2199	0	194	2	92
24421	854	2005	2005	2201	0	196	2	92
24421	855	2005	2005	2199	0	194	2	92
24421	856	2001	2001	2198	0	197	3	92
24421	857	2005	2005	2201	0	196	2	92
24421	858	2005	2006	2200	-1	194	2	92
24421	859	2005	2005	2199	0	194	2	92
24421	860	2007	2006	2201	1	195	3	92
24421	861	2005	2005	2199	0	194	2	92
24421	862	2005	2005	2199	0	194	2	92
24421	863	2003	2004	2198	-1	194	2	92
24421	864	2004	2003	2200	1	197	3	92
24421	865	2005	2005	2199	0	194	2	92
24421	866	2004	2005	2201	-1	196	2	92
24421	867	2005	2004	2200	1	196	2	92
24421	868	2007	2006	2201	1	195	3	92
24421	869	2005	2005	2199	0	194	2	92
24421	870	2005	2005	2201	0	196	2	92
24421	871	2001	2001	2195	0	194	2	92
24421	872	2005	2005	2199	0	194	2	92
24421	873	2005	2005	2201	0	196	2	92
24421	874	2005	2005	2199	0	194	2	92
24421	875	2005	2005	2199	0	194	2	92
24421	876	2005	2004	2200	1	196	2	92
24421	877	2007	2006	2203	1	197	3	92
24421	878	2005	2005	2199	0	194	2	92
24421	879	1999	1999	2195	0	196	2	92
24421	880	2005	2005	2199	0	194	2	92
24421	881	2007	2006	2201	1	195	3	92
24421	882	2005	2005	2201	0	196	2	92
24421	883	2005	2004	2200	1	196	2	92
24421	884	2005	2005	2199	0	194	2	92
24421	885	2007	2006	2203	1	197	3	92
24421	886	2005	2005	2199	0	194	2	92
24421	887	1999	1999	2193	0	194	2	92
24421	888	2005	2005	2201	0	196	2	92
24421	889	2007	2006	2201	1	195	3	92
24421	890	2005	2004	2200	1	196	2	92
24421	891	2005	2005	2201	0	196	2	92
24421	892	2005	2005	2201	0	196	2	92
24421	893	2007	2006	2201	1	195	3	92
24421	894	2003	2003	2197	0	194	2	92
24421	895	2003	2003	2199	0	196	2	92
24421	896	2005	2005	2199	0	194	2	92
24421	897	2007	2006	2201	1	195	3	92
24421	898	2005	2005	2199	0	194	2	92
24421	899	2005	2005	2199	0	194	2	92
24421	900	2005	2005	2200	0	195	2	92
24421	901	2007	2006	2201	1	195	3	92
24421	902	2001	2001	2197	0	196	2	92
24421	903	2005	2005	2199	0	194	2	92
24421	904	2005	2004	2198	1	194	2	92
24421	905	2007	2006	2203	1	197	3	92
24421	906	2005	2005	2201	0	196	2	92
24421	907	2005	2005	2201	0	196	2	92
24421	908	2005	2005	2201	0	196	2	92
24421	909	2005	2005	2199	0	194	2	92
24421	910	2001	1999	2195	2	196	2	92
24421	911	2005	2005	2201	0	196	2	92
24421	912	2005	2005	2199	0	194	2	92
24421	913	2005	2005	2201	0	196	2	92
24421	914	2006	2006	2203	0	197	3	92
24421	915	2005	2005	2199	0	194	2	92
24421	916	2005	2005	2199	0	194	2	92
24421	917	2005	2004	2201	1	197	2	92
24421	918	2002	2001	2196	1	195	3	92
24421	919	2005	2005	2201	0	196	2	92
24421	920	2005	2005	2199	0	194	2	92
24421	921	2005	2005	2199	0	194	2	92
24421	922	2007	2006	2201	1	195	3	92
24421	923	2005	2005	2199	0	194	2	92
24421	924	2005	2004	2199	1	195	2	92
24421	925	2004	2004	2198	0	194	2	92
24421	926	2004	2003	2198	1	195	3	92
24421	927	2005	2005	2199	0	194	2	92
24421	928	2005	2005	2200	0	195	2	92
24421	929	2005	2005	2201	0	196	2	92
24421	930	2007	2005	2200	2	195	3	92
24421	931	2005	2005	2201	0	196	2	92
24421	932	2005	2005	2201	0	196	2	92
24421	933	2001	2001	2197	0	196	2	92
24421	934	2007	2006	2201	1	195	3	92
24421	935	2005	2005	2199	0	194	2	92
24421	936	2005	2005	2201	0	196	2	92
24421	937	2005	2004	2202	1	198	2	92
24421	938	2007	2006	2203	1	197	3	92
24421	939	2005	2005	2199	0	194	2	92
24421	940	2005	2005	2201	0	196	2	92
24421	941	1999	1999	2193	0	194	2	92
24421	942	2007	2006	2203	1	197	3	92
24421	943	2005	2005	2199	0	194	2	92
24421	944	2004	2005	2201	-1	196	2	92
24421	945	2005	2005	2199	0	194	2	92
24421	946	2005	2005	2201	0	196	2	92
24421	947	2005	2005	2201	0	196	2	92
24421	948	2005	2005	2199	0	194	2	92
24421	949	1999	1999	2195	0	196	2	92
24421	950	2005	2005	2199	0	194	2	92
24421	951	2005	2005	2202	0	197	3	92
24421	952	2005	2005	2199	0	194	2	92
24421	953	2005	2005	2199	0	194	2	92
24421	954	2005	2005	2201	0	196	2	92
24421	955	2007	2006	2201	1	195	3	92
24421	956	2003	2003	2199	0	196	2	92
24421	957	2003	2003	2197	0	194	2	92
24421	958	2005	2005	2199	0	194	2	92
24421	959	2006	2006	2203	0	197	3	92
24421	960	2005	2005	2201	0	196	2	92
24421	961	2005	2005	2199	0	194	2	92
24421	962	2005	2005	2199	0	194	2	92
24421	963	2007	2006	2201	1	195	3	92
24421	964	2001	2001	2197	0	196	2	92
24421	965	2004	2004	2200	0	196	2	92
24421	966	2005	2005	2199	0	194	2	92
24421	967	2007	2006	2201	1	195	3	92
24421	968	2005	2005	2201	0	196	2	92
24421	969	2005	2005	2199	0	194	2	92
24421	970	2004	2005	2201	-1	196	2	92
24421	971	2006	2006	2203	0	197	3	92
24421	972	1999	1999	2194	0	195	2	92
24421	973	2005	2005	2201	0	196	2	92
24421	974	2005	2005	2201	0	196	2	92
24421	975	2007	2006	2201	1	195	3	92
24421	976	2005	2005	2201	0	196	2	92
24421	977	2005	2004	2200	1	196	2	92
24421	978	2005	2005	2201	0	196	2	92
24421	979	2007	2005	2202	2	197	3	92
24421	980	2001	2001	2195	0	194	2	92
24421	981	2005	2005	2201	0	196	2	92
24421	982	2005	2005	2201	0	196	2	92
24421	983	2007	2006	2201	1	195	3	92
24421	984	2005	2005	2199	0	194	2	92
24421	985	2004	2005	2201	-1	196	2	92
24421	986	2005	2005	2199	0	194	2	92
24421	987	2003	2003	2200	0	197	3	92
24421	988	2003	2003	2197	0	194	2	92
24421	989	2004	2005	2201	-1	196	2	92
24421	990	2005	2005	2201	0	196	2	92
24421	991	2005	2005	2199	0	194	2	92
24421	992	2005	2005	2199	0	194	2	92
24421	993	2005	2005	2199	0	194	2	92
24421	994	2005	2005	2201	0	196	2	92
24421	995	2000	2000	2196	0	196	2	92
24421	996	2007	2006	2202	1	196	3	92
24421	997	2005	2005	2201	0	196	2	92
24421	998	2005	2005	2199	0	194	2	92
24421	999	2005	2005	2201	0	196	2	92
24421	1000	2006	2006	2203	0	197	3	92
