RUNID	ITERNUM	METIME	PRTIME	TPRTIME	DIFF	TDIFF	NRPROCS	NPROCS
24441	1	4010	4009	4205	1	196	2	92
24441	2	4011	4010	4205	1	195	3	92
24441	3	4005	4004	4200	1	196	2	92
24441	4	4011	4010	4206	1	196	3	92
24441	5	4009	4009	4205	0	196	2	92
24441	6	4011	4010	4207	1	197	3	92
24441	7	4010	4009	4205	1	196	2	92
24441	8	4005	4005	4199	0	194	2	92
24441	9	4011	4010	4207	1	197	3	92
24441	10	4010	4010	4204	0	194	2	92
24441	11	4011	4011	4206	0	195	3	92
24441	12	4004	4003	4199	1	196	2	92
24441	13	4011	4011	4206	0	195	3	92
24441	14	4009	4009	4205	0	196	2	92
24441	15	4011	4010	4207	1	197	3	92
24441	16	4003	4003	4199	0	196	2	92
24441	17	4010	4009	4205	1	196	2	92
24441	18	4011	4010	4207	1	197	3	92
24441	19	4009	4009	4203	0	194	2	92
24441	20	4009	4008	4205	1	197	3	92
24441	21	4008	4007	4203	1	196	2	92
24441	22	4011	4010	4207	1	197	3	92
24441	23	4009	4009	4206	0	197	2	92
24441	24	4009	4009	4207	0	198	2	92
24441	25	4003	4004	4198	-1	194	2	92
24441	26	4010	4009	4205	1	196	2	92
24441	27	4011	4011	4206	0	195	3	92
24441	28	4010	4009	4203	1	194	2	92
24441	29	4006	4005	4200	1	195	3	92
24441	30	4010	4010	4204	0	194	2	92
24441	31	4012	4011	4206	1	195	3	92
24441	32	4009	4009	4203	0	194	2	92
24441	33	4005	4005	4201	0	196	2	92
24441	34	4011	4010	4207	1	197	3	92
24441	35	4009	4009	4205	0	196	2	92
24441	36	4012	4010	4207	2	197	3	92
24441	37	4009	4010	4204	-1	194	2	92
24441	38	4006	4005	4202	1	197	3	92
24441	39	4010	4010	4204	0	194	2	92
24441	40	4012	4010	4207	2	197	3	92
24441	41	4010	4009	4205	1	196	2	92
24441	42	4004	4004	4198	0	194	2	92
24441	43	4011	4011	4206	0	195	3	92
24441	44	4009	4009	4205	0	196	2	92
24441	45	4011	4010	4205	1	195	3	92
24441	46	4004	4003	4199	1	196	2	92
24441	47	4011	4010	4207	1	197	3	92
24441	48	4009	4010	4204	-1	194	2	92
24441	49	4011	4011	4206	0	195	3	92
24441	50	4008	4008	4202	0	194	2	92
24441	51	4007	4007	4201	0	194	2	92
24441	52	4012	4011	4206	1	195	3	92
24441	53	4010	4010	4204	0	194	2	92
24441	54	4011	4010	4205	1	195	3	92
24441	55	4004	4004	4198	0	194	2	92
24441	56	4011	4010	4207	1	197	3	92
24441	57	4010	4009	4205	1	196	2	92
24441	58	4011	4010	4208	1	198	3	92
24441	59	4003	4004	4198	-1	194	2	92
24441	60	4010	4009	4205	1	196	2	92
24441	61	4012	4011	4206	1	195	3	92
24441	62	4009	4009	4203	0	194	2	92
24441	63	4007	4006	4203	1	197	3	92
24441	64	4009	4009	4205	0	196	2	92
24441	65	4011	4010	4207	1	197	3	92
24441	66	4009	4010	4204	-1	194	2	92
24441	67	4009	4010	4204	-1	194	2	92
24441	68	4005	4005	4202	0	197	3	92
24441	69	4010	4010	4204	0	194	2	92
24441	70	4012	4011	4208	1	197	3	92
24441	71	4009	4010	4204	-1	194	2	92
24441	72	4006	4005	4200	1	195	3	92
24441	73	4009	4009	4203	0	194	2	92
24441	74	4011	4010	4207	1	197	3	92
24441	75	4009	4009	4205	0	196	2	92
24441	76	4004	4004	4200	0	196	2	92
24441	77	4011	4010	4207	1	197	3	92
24441	78	4010	4010	4204	0	194	2	92
24441	79	4011	4011	4206	0	195	3	92
24441	80	4010	4010	4204	0	194	2	92
24441	81	4006	4005	4200	1	195	3	92
24441	82	4009	4009	4205	0	196	2	92
24441	83	4009	4009	4205	0	196	2	92
24441	84	4009	4009	4205	0	196	2	92
24441	85	4004	4004	4198	0	194	2	92
24441	86	4011	4010	4207	1	197	3	92
24441	87	4009	4009	4204	0	195	2	92
24441	88	4012	4011	4206	1	195	3	92
24441	89	4004	4003	4199	1	196	2	92
24441	90	4012	4011	4206	1	195	3	92
24441	91	4009	4010	4206	-1	196	2	92
24441	92	4010	4010	4204	0	194	2	92
24441	93	4011	4010	4205	1	195	3	92
24441	94	4006	4006	4200	0	194	2	92
24441	95	4011	4010	4205	1	195	3	92
24441	96	4009	4010	4204	-1	194	2	92
24441	97	4011	4010	4207	1	197	3	92
24441	98	4003	4003	4199	0	196	2	92
24441	99	4011	4010	4207	1	197	3	92
24441	100	4009	4010	4204	-1	194	2	92
24441	101	4009	4009	4205	0	196	2	92
24441	102	4005	4004	4201	1	197	3	92
24441	103	4009	4010	4204	-1	194	2	92
24441	104	4012	4010	4207	2	197	3	92
24441	105	4010	4010	4204	0	194	2	92
24441	106	4010	4009	4204	1	195	3	92
24441	107	4006	4007	4203	-1	196	2	92
24441	108	4009	4009	4203	0	194	2	92
24441	109	4009	4009	4203	0	194	2	92
24441	110	4009	4010	4204	-1	194	2	92
24441	111	4006	4005	4200	1	195	3	92
24441	112	4009	4009	4205	0	196	2	92
24441	113	4011	4010	4206	1	196	3	92
24441	114	4009	4009	4205	0	196	2	92
24441	115	4006	4005	4200	1	195	3	92
24441	116	4009	4010	4204	-1	194	2	92
24441	117	4009	4010	4204	-1	194	2	92
24441	118	4011	4010	4205	1	195	3	92
24441	119	4006	4006	4200	0	194	2	92
24441	120	4011	4009	4206	2	197	3	92
24441	121	4009	4010	4204	-1	194	2	92
24441	122	4011	4010	4207	1	197	3	92
24441	123	4009	4009	4203	0	194	2	92
24441	124	4006	4005	4200	1	195	3	92
24441	125	4009	4009	4205	0	196	2	92
24441	126	4009	4009	4205	0	196	2	92
24441	127	4012	4011	4206	1	195	3	92
24441	128	4004	4003	4199	1	196	2	92
24441	129	4012	4010	4207	2	197	3	92
24441	130	4009	4009	4204	0	195	2	92
24441	131	4011	4011	4206	0	195	3	92
24441	132	4004	4004	4200	0	196	2	92
24441	133	4012	4011	4206	1	195	3	92
24441	134	4009	4009	4205	0	196	2	92
24441	135	4010	4009	4205	1	196	2	92
24441	136	4011	4011	4206	0	195	3	92
24441	137	4006	4005	4201	1	196	2	92
24441	138	4011	4011	4206	0	195	3	92
24441	139	4009	4009	4203	0	194	2	92
24441	140	4012	4010	4207	2	197	3	92
24441	141	4004	4004	4198	0	194	2	92
24441	142	4010	4009	4207	1	198	2	92
24441	143	4009	4009	4203	0	194	2	92
24441	144	4009	4010	4204	-1	194	2	92
24441	145	4005	4004	4201	1	197	3	92
24441	146	4009	4009	4205	0	196	2	92
24441	147	4011	4011	4206	0	195	3	92
24441	148	4010	4010	4204	0	194	2	92
24441	149	4009	4008	4203	1	195	3	92
24441	150	4007	4007	4201	0	194	2	92
24441	151	4010	4010	4204	0	194	2	92
24441	152	4010	4009	4206	1	197	3	92
24441	153	4009	4009	4205	0	196	2	92
24441	154	4006	4005	4200	1	195	3	92
24441	155	4010	4010	4204	0	194	2	92
24441	156	4012	4011	4206	1	195	3	92
24441	157	4009	4009	4205	0	196	2	92
24441	158	4006	4005	4200	1	195	3	92
24441	159	4009	4010	4204	-1	194	2	92
24441	160	4010	4010	4204	0	194	2	92
24441	161	4012	4010	4205	2	195	3	92
24441	162	4007	4007	4201	0	194	2	92
24441	163	4010	4008	4205	2	197	3	92
24441	164	4010	4009	4205	1	196	2	92
24441	165	4012	4011	4206	1	195	3	92
24441	166	4009	4009	4203	0	194	2	92
24441	167	4003	4003	4202	0	199	2	92
24441	168	4009	4009	4205	0	196	2	92
24441	169	4010	4009	4205	1	196	2	92
24441	170	4012	4011	4206	1	195	3	92
24441	171	4003	4005	4199	-2	194	2	92
24441	172	4011	4010	4205	1	195	3	92
24441	173	4009	4009	4205	0	196	2	92
24441	174	4011	4010	4205	1	195	3	92
24441	175	4006	4006	4200	0	194	2	92
24441	176	4008	4009	4203	-1	194	2	92
24441	177	4010	4010	4204	0	194	2	92
24441	178	4010	4010	4204	0	194	2	92
24441	179	4011	4010	4207	1	197	3	92
24441	180	4004	4004	4199	0	195	2	92
24441	181	4011	4011	4206	0	195	3	92
24441	182	4010	4009	4203	1	194	2	92
24441	183	4012	4011	4206	1	195	3	92
24441	184	4003	4003	4199	0	196	2	92
24441	185	4010	4009	4205	1	196	2	92
24441	186	4011	4010	4206	1	196	3	92
24441	187	4009	4009	4204	0	195	2	92
24441	188	4006	4006	4201	0	195	3	92
24441	189	4009	4010	4204	-1	194	2	92
24441	190	4011	4011	4206	0	195	3	92
24441	191	4009	4009	4205	0	196	2	92
24441	192	4011	4010	4205	1	195	3	92
24441	193	4005	4005	4199	0	194	2	92
24441	194	4010	4009	4205	1	196	2	92
24441	195	4011	4011	4206	0	195	3	92
24441	196	4009	4009	4205	0	196	2	92
24441	197	4006	4005	4200	1	195	3	92
24441	198	4010	4010	4204	0	194	2	92
24441	199	4012	4010	4207	2	197	3	92
24441	200	4009	4009	4203	0	194	2	92
24441	201	4003	4003	4199	0	196	2	92
24441	202	4009	4009	4207	0	198	2	92
24441	203	4010	4009	4205	1	196	2	92
24441	204	4011	4011	4206	0	195	3	92
24441	205	4010	4009	4205	1	196	2	92
24441	206	4007	4006	4203	1	197	3	92
24441	207	4010	4009	4205	1	196	2	92
24441	208	4012	4011	4206	1	195	3	92
24441	209	4010	4009	4205	1	196	2	92
24441	210	4003	4004	4198	-1	194	2	92
24441	211	4011	4011	4206	0	195	3	92
24441	212	4010	4010	4204	0	194	2	92
24441	213	4012	4010	4207	2	197	3	92
24441	214	4003	4004	4200	-1	196	2	92
24441	215	4011	4010	4205	1	195	3	92
24441	216	4009	4010	4206	-1	196	2	92
24441	217	4011	4010	4205	1	195	3	92
24441	218	4009	4009	4203	0	194	2	92
24441	219	4006	4006	4200	0	194	2	92
24441	220	4012	4010	4207	2	197	3	92
24441	221	4009	4009	4203	0	194	2	92
24441	222	4011	4011	4206	0	195	3	92
24441	223	4003	4003	4199	0	196	2	92
24441	224	4012	4010	4207	2	197	3	92
24441	225	4009	4009	4203	0	194	2	92
24441	226	4009	4009	4209	0	200	3	92
24441	227	4003	4003	4197	0	194	2	92
24441	228	4009	4010	4204	-1	194	2	92
24441	229	4011	4010	4207	1	197	3	92
24441	230	4009	4009	4204	0	195	2	92
24441	231	4009	4009	4204	0	195	3	92
24441	232	4007	4007	4203	0	196	2	92
24441	233	4011	4011	4206	0	195	3	92
24441	234	4009	4010	4204	-1	194	2	92
24441	235	4009	4009	4205	0	196	2	92
24441	236	4003	4003	4200	0	197	3	92
24441	237	4010	4010	4204	0	194	2	92
24441	238	4012	4010	4207	2	197	3	92
24441	239	4010	4010	4204	0	194	2	92
24441	240	4005	4004	4201	1	197	3	92
24441	241	4009	4010	4204	-1	194	2	92
24441	242	4011	4010	4205	1	195	3	92
24441	243	4010	4010	4204	0	194	2	92
24441	244	4006	4007	4203	-1	196	2	92
24441	245	4010	4009	4204	1	195	3	92
24441	246	4010	4010	4204	0	194	2	92
24441	247	4011	4011	4206	0	195	3	92
24441	248	4010	4009	4205	1	196	2	92
24441	249	4005	4005	4200	0	195	3	92
24441	250	4009	4009	4205	0	196	2	92
24441	251	4012	4010	4207	2	197	3	92
24441	252	4009	4009	4205	0	196	2	92
24441	253	4003	4003	4198	0	195	2	92
24441	254	4011	4010	4207	1	197	3	92
24441	255	4010	4009	4205	1	196	2	92
24441	256	4012	4010	4207	2	197	3	92
24441	257	4006	4006	4200	0	194	2	92
24441	258	4011	4011	4206	0	195	3	92
24441	259	4010	4009	4205	1	196	2	92
24441	260	4012	4011	4206	1	195	3	92
24441	261	4009	4009	4203	0	194	2	92
24441	262	4003	4003	4198	0	195	2	92
24441	263	4012	4010	4207	2	197	3	92
24441	264	4010	4010	4204	0	194	2	92
24441	265	4012	4010	4207	2	197	3	92
24441	266	4004	4004	4198	0	194	2	92
24441	267	4012	4011	4206	1	195	3	92
24441	268	4009	4010	4204	-1	194	2	92
24441	269	4009	4009	4205	0	196	2	92
24441	270	4007	4006	4201	1	195	3	92
24441	271	4009	4010	4206	-1	196	2	92
24441	272	4011	4011	4206	0	195	3	92
24441	273	4009	4009	4203	0	194	2	92
24441	274	4012	4011	4206	1	195	3	92
24441	275	4004	4003	4199	1	196	2	92
24441	276	4011	4011	4206	0	195	3	92
24441	277	4009	4009	4205	0	196	2	92
24441	278	4009	4009	4205	0	196	2	92
24441	279	4006	4004	4201	2	197	3	92
24441	280	4009	4010	4204	-1	194	2	92
24441	281	4011	4010	4207	1	197	3	92
24441	282	4010	4010	4204	0	194	2	92
24441	283	4007	4006	4203	1	197	3	92
24441	284	4009	4010	4204	-1	194	2	92
24441	285	4009	4009	4207	0	198	2	92
24441	286	4009	4010	4204	-1	194	2	92
24441	287	4009	4009	4204	0	195	2	92
24441	288	4006	4004	4199	2	195	3	92
24441	289	4010	4010	4204	0	194	2	92
24441	290	4012	4011	4206	1	195	3	92
24441	291	4010	4010	4204	0	194	2	92
24441	292	4006	4004	4201	2	197	3	92
24441	293	4010	4010	4204	0	194	2	92
24441	294	4010	4010	4204	0	194	2	92
24441	295	4009	4010	4205	-1	195	3	92
24441	296	4005	4005	4199	0	194	2	92
24441	297	4011	4010	4207	1	197	3	92
24441	298	4009	4010	4204	-1	194	2	92
24441	299	4012	4010	4207	2	197	3	92
24441	300	4009	4009	4203	0	194	2	92
24441	301	4007	4005	4202	2	197	3	92
24441	302	4010	4010	4204	0	194	2	92
24441	303	4010	4010	4204	0	194	2	92
24441	304	4011	4010	4207	1	197	3	92
24441	305	4004	4004	4198	0	194	2	92
24441	306	4012	4010	4207	2	197	3	92
24441	307	4009	4009	4203	0	194	2	92
24441	308	4011	4011	4206	0	195	3	92
24441	309	4004	4004	4198	0	194	2	92
24441	310	4011	4011	4206	0	195	3	92
24441	311	4009	4010	4204	-1	194	2	92
24441	312	4009	4009	4203	0	194	2	92
24441	313	4011	4010	4207	1	197	3	92
24441	314	4005	4005	4199	0	194	2	92
24441	315	4012	4010	4207	2	197	3	92
24441	316	4010	4009	4205	1	196	2	92
24441	317	4012	4010	4207	2	197	3	92
24441	318	4003	4004	4198	-1	194	2	92
24441	319	4009	4010	4206	-1	196	2	92
24441	320	4009	4009	4203	0	194	2	92
24441	321	4009	4010	4204	-1	194	2	92
24441	322	4005	4004	4201	1	197	3	92
24441	323	4009	4010	4204	-1	194	2	92
24441	324	4011	4010	4207	1	197	3	92
24441	325	4009	4009	4203	0	194	2	92
24441	326	4011	4010	4205	1	195	3	92
24441	327	4006	4006	4200	0	194	2	92
24441	328	4009	4009	4205	0	196	2	92
24441	329	4009	4009	4205	0	196	2	92
24441	330	4010	4010	4204	0	194	2	92
24441	331	4006	4004	4199	2	195	3	92
24441	332	4010	4009	4205	1	196	2	92
24441	333	4011	4010	4207	1	197	3	92
24441	334	4010	4010	4204	0	194	2	92
24441	335	4006	4004	4201	2	197	3	92
24441	336	4009	4010	4204	-1	194	2	92
24441	337	4009	4010	4204	-1	194	2	92
24441	338	4011	4011	4206	0	195	3	92
24441	339	4008	4009	4203	-1	194	2	92
24441	340	4008	4007	4202	1	195	3	92
24441	341	4009	4010	4206	-1	196	2	92
24441	342	4011	4010	4207	1	197	3	92
24441	343	4010	4010	4204	0	194	2	92
24441	344	4005	4005	4200	0	195	3	92
24441	345	4009	4010	4204	-1	194	2	92
24441	346	4010	4010	4204	0	194	2	92
24441	347	4011	4011	4206	0	195	3	92
24441	348	4003	4003	4199	0	196	2	92
24441	349	4011	4010	4205	1	195	3	92
24441	350	4009	4010	4204	-1	194	2	92
24441	351	4011	4010	4207	1	197	3	92
24441	352	4009	4009	4203	0	194	2	92
24441	353	4006	4007	4201	-1	194	2	92
24441	354	4009	4009	4205	0	196	2	92
24441	355	4010	4009	4205	1	196	2	92
24441	356	4011	4010	4205	1	195	3	92
24441	357	4003	4003	4197	0	194	2	92
24441	358	4011	4010	4207	1	197	3	92
24441	359	4009	4009	4204	0	195	2	92
24441	360	4012	4011	4206	1	195	3	92
24441	361	4003	4003	4200	0	197	2	92
24441	362	4009	4010	4204	-1	194	2	92
24441	363	4011	4010	4207	1	197	3	92
24441	364	4010	4010	4204	0	194	2	92
24441	365	4011	4010	4205	1	195	3	92
24441	366	4006	4006	4200	0	194	2	92
24441	367	4012	4010	4205	2	195	3	92
24441	368	4010	4009	4203	1	194	2	92
24441	369	4011	4010	4207	1	197	3	92
24441	370	4003	4003	4199	0	196	2	92
24441	371	4010	4009	4205	1	196	2	92
24441	372	4012	4010	4207	2	197	3	92
24441	373	4009	4009	4203	0	194	2	92
24441	374	4005	4005	4202	0	197	3	92
24441	375	4009	4009	4205	0	196	2	92
24441	376	4012	4011	4206	1	195	3	92
24441	377	4010	4010	4204	0	194	2	92
24441	378	4010	4010	4204	0	194	2	92
24441	379	4005	4005	4199	0	194	2	92
24441	380	4010	4009	4205	1	196	2	92
24441	381	4012	4011	4206	1	195	3	92
24441	382	4009	4009	4205	0	196	2	92
24441	383	4005	4005	4200	0	195	3	92
24441	384	4009	4009	4205	0	196	2	92
24441	385	4012	4010	4205	2	195	3	92
24441	386	4010	4009	4205	1	196	2	92
24441	387	4005	4005	4199	0	194	2	92
24441	388	4011	4010	4205	1	195	3	92
24441	389	4010	4010	4204	0	194	2	92
24441	390	4011	4010	4205	1	195	3	92
24441	391	4008	4008	4204	0	196	2	92
24441	392	4008	4007	4206	1	199	3	92
24441	393	4010	4009	4205	1	196	2	92
24441	394	4012	4010	4207	2	197	3	92
24441	395	4009	4009	4205	0	196	2	92
24441	396	4004	4004	4198	0	194	2	92
24441	397	4011	4010	4207	1	197	3	92
24441	398	4009	4009	4205	0	196	2	92
24441	399	4011	4010	4207	1	197	3	92
24441	400	4003	4004	4198	-1	194	2	92
24441	401	4011	4011	4206	0	195	3	92
24441	402	4009	4009	4205	0	196	2	92
24441	403	4010	4010	4204	0	194	2	92
24441	404	4004	4003	4197	1	194	2	92
24441	405	4010	4010	4204	0	194	2	92
24441	406	4012	4010	4207	2	197	3	92
24441	407	4010	4009	4205	1	196	2	92
24441	408	4008	4007	4202	1	195	3	92
24441	409	4009	4009	4205	0	196	2	92
24441	410	4012	4010	4207	2	197	3	92
24441	411	4009	4009	4205	0	196	2	92
24441	412	4010	4010	4204	0	194	2	92
24441	413	4007	4005	4202	2	197	3	92
24441	414	4010	4010	4204	0	194	2	92
24441	415	4012	4010	4207	2	197	3	92
24441	416	4010	4010	4204	0	194	2	92
24441	417	4005	4005	4200	0	195	3	92
24441	418	4010	4010	4204	0	194	2	92
24441	419	4011	4010	4207	1	197	3	92
24441	420	4010	4009	4203	1	194	2	92
24441	421	4004	4003	4199	1	196	2	92
24441	422	4012	4010	4207	2	197	3	92
24441	423	4010	4010	4204	0	194	2	92
24441	424	4012	4011	4206	1	195	3	92
24441	425	4005	4005	4201	0	196	2	92
24441	426	4011	4011	4206	0	195	3	92
24441	427	4009	4009	4205	0	196	2	92
24441	428	4010	4010	4204	0	194	2	92
24441	429	4009	4009	4205	0	196	2	92
24441	430	4005	4005	4199	0	194	2	92
24441	431	4012	4010	4207	2	197	3	92
24441	432	4010	4010	4204	0	194	2	92
24441	433	4011	4010	4207	1	197	3	92
24441	434	4004	4004	4198	0	194	2	92
24441	435	4011	4011	4206	0	195	3	92
24441	436	4009	4009	4205	0	196	2	92
24441	437	4010	4010	4204	0	194	2	92
24441	438	4005	4004	4199	1	195	3	92
24441	439	4010	4010	4204	0	194	2	92
24441	440	4012	4010	4207	2	197	3	92
24441	441	4009	4009	4203	0	194	2	92
24441	442	4006	4005	4200	1	195	3	92
24441	443	4009	4010	4204	-1	194	2	92
24441	444	4011	4010	4207	1	197	3	92
24441	445	4009	4010	4204	-1	194	2	92
24441	446	4007	4006	4200	1	194	2	92
24441	447	4010	4009	4204	1	195	3	92
24441	448	4009	4010	4206	-1	196	2	92
24441	449	4012	4010	4207	2	197	3	92
24441	450	4010	4010	4204	0	194	2	92
24441	451	4005	4004	4201	1	197	3	92
24441	452	4010	4010	4204	0	194	2	92
24441	453	4009	4010	4207	-1	197	3	92
24441	454	4010	4010	4204	0	194	2	92
24441	455	4004	4004	4198	0	194	2	92
24441	456	4011	4010	4207	1	197	3	92
24441	457	4009	4009	4205	0	196	2	92
24441	458	4012	4011	4206	1	195	3	92
24441	459	4003	4003	4198	0	195	2	92
24441	460	4011	4011	4206	0	195	3	92
24441	461	4010	4010	4204	0	194	2	92
24441	462	4009	4009	4205	0	196	2	92
24441	463	4008	4007	4202	1	195	3	92
24441	464	4008	4008	4202	0	194	2	92
24441	465	4012	4010	4207	2	197	3	92
24441	466	4010	4009	4205	1	196	2	92
24441	467	4012	4011	4206	1	195	3	92
24441	468	4004	4004	4200	0	196	2	92
24441	469	4012	4011	4206	1	195	3	92
24441	470	4009	4009	4203	0	194	2	92
24441	471	4009	4009	4205	0	196	2	92
24441	472	4006	4004	4201	2	197	3	92
24441	473	4010	4010	4204	0	194	2	92
24441	474	4012	4010	4205	2	195	3	92
24441	475	4010	4010	4204	0	194	2	92
24441	476	4006	4005	4200	1	195	3	92
24441	477	4009	4009	4205	0	196	2	92
24441	478	4012	4010	4207	2	197	3	92
24441	479	4010	4009	4205	1	196	2	92
24441	480	4005	4005	4199	0	194	2	92
24441	481	4011	4011	4206	0	195	3	92
24441	482	4009	4010	4204	-1	194	2	92
24441	483	4012	4011	4206	1	195	3	92
24441	484	4009	4009	4205	0	196	2	92
24441	485	4007	4006	4203	1	197	3	92
24441	486	4010	4010	4204	0	194	2	92
24441	487	4009	4009	4205	0	196	2	92
24441	488	4010	4009	4204	1	195	3	92
24441	489	4004	4004	4200	0	196	2	92
24441	490	4012	4011	4206	1	195	3	92
24441	491	4010	4009	4205	1	196	2	92
24441	492	4011	4010	4205	1	195	3	92
24441	493	4003	4003	4197	0	194	2	92
24441	494	4011	4010	4207	1	197	3	92
24441	495	4010	4010	4204	0	194	2	92
24441	496	4009	4010	4204	-1	194	2	92
24441	497	4007	4006	4201	1	195	3	92
24441	498	4009	4009	4205	0	196	2	92
24441	499	4011	4011	4206	0	195	3	92
24441	500	4009	4010	4206	-1	196	2	92
24441	501	4011	4010	4205	1	195	3	92
24441	502	4006	4006	4200	0	194	2	92
24441	503	4011	4010	4207	1	197	3	92
24441	504	4010	4010	4204	0	194	2	92
24441	505	4010	4009	4205	1	196	2	92
24441	506	4005	4004	4201	1	197	3	92
24441	507	4010	4010	4204	0	194	2	92
24441	508	4012	4011	4206	1	195	3	92
24441	509	4010	4010	4204	0	194	2	92
24441	510	4006	4005	4200	1	195	3	92
24441	511	4010	4009	4205	1	196	2	92
24441	512	4010	4010	4204	0	194	2	92
24441	513	4011	4011	4206	0	195	3	92
24441	514	4004	4004	4198	0	194	2	92
24441	515	4012	4011	4206	1	195	3	92
24441	516	4010	4010	4204	0	194	2	92
24441	517	4012	4010	4207	2	197	3	92
24441	518	4008	4008	4202	0	194	2	92
24441	519	4008	4007	4204	1	197	3	92
24441	520	4010	4010	4204	0	194	2	92
24441	521	4010	4010	4204	0	194	2	92
24441	522	4011	4010	4205	1	195	3	92
24441	523	4004	4004	4200	0	196	2	92
24441	524	4011	4010	4207	1	197	3	92
24441	525	4009	4010	4204	-1	194	2	92
24441	526	4011	4010	4207	1	197	3	92
24441	527	4004	4003	4197	1	194	2	92
24441	528	4011	4010	4207	1	197	3	92
24441	529	4010	4010	4204	0	194	2	92
24441	530	4010	4010	4204	0	194	2	92
24441	531	4005	4004	4203	1	199	3	92
24441	532	4015	4011	4210	4	199	3	92
24441	533	4011	4010	4207	1	197	3	92
24441	534	4010	4009	4203	1	194	2	92
24441	535	4007	4006	4203	1	197	3	92
24441	536	4009	4009	4203	0	194	2	92
24441	537	4012	4010	4207	2	197	3	92
24441	538	4009	4010	4204	-1	194	2	92
24441	539	4011	4010	4205	1	195	3	92
24441	540	4006	4005	4200	1	195	3	92
24441	541	4009	4010	4204	-1	194	2	92
24441	542	4011	4011	4206	0	195	3	92
24441	543	4009	4009	4205	0	196	2	92
24441	544	4006	4005	4200	1	195	3	92
24441	545	4009	4010	4204	-1	194	2	92
24441	546	4009	4009	4205	0	196	2	92
24441	547	4009	4010	4204	-1	194	2	92
24441	548	4003	4004	4198	-1	194	2	92
24441	549	4011	4010	4207	1	197	3	92
24441	550	4014	4011	4210	3	199	3	92
24441	551	4011	4010	4207	1	197	3	92
24441	552	4005	4005	4199	0	194	2	92
24441	553	4015	4012	4209	3	197	4	92
24441	554	4010	4010	4204	0	194	2	92
24441	555	4010	4010	4204	0	194	2	92
24441	556	4009	4009	4203	0	194	2	92
24441	557	4006	4006	4200	0	194	2	92
24441	558	4011	4011	4206	0	195	3	92
24441	559	4010	4010	4204	0	194	2	92
24441	560	4012	4011	4206	1	195	3	92
24441	561	4003	4003	4199	0	196	2	92
24441	562	4011	4010	4207	1	197	3	92
24441	563	4009	4009	4205	0	196	2	92
24441	564	4010	4009	4203	1	194	2	92
24441	565	4005	4005	4200	0	195	3	92
24441	566	4009	4010	4204	-1	194	2	92
24441	567	4012	4010	4207	2	197	3	92
24441	568	4009	4009	4205	0	196	2	92
24441	569	4006	4005	4200	1	195	3	92
24441	570	4009	4010	4204	-1	194	2	92
24441	571	4011	4010	4207	1	197	3	92
24441	572	4010	4010	4204	0	194	2	92
24441	573	4007	4007	4203	0	196	2	92
24441	574	4010	4009	4204	1	195	3	92
24441	575	4009	4009	4205	0	196	2	92
24441	576	4011	4010	4205	1	195	3	92
24441	577	4010	4010	4204	0	194	2	92
24441	578	4005	4005	4202	0	197	3	92
24441	579	4009	4009	4203	0	194	2	92
24441	580	4009	4009	4205	0	196	2	92
24441	581	4010	4010	4205	0	195	2	92
24441	582	4004	4004	4198	0	194	2	92
24441	583	4012	4010	4207	2	197	3	92
24441	584	4009	4009	4205	0	196	2	92
24441	585	4012	4011	4206	1	195	3	92
24441	586	4003	4003	4197	0	194	2	92
24441	587	4012	4010	4207	2	197	3	92
24441	588	4009	4009	4205	0	196	2	92
24441	589	4009	4010	4204	-1	194	2	92
24441	590	4008	4006	4203	2	197	3	92
24441	591	4009	4009	4203	0	194	2	92
24441	592	4011	4010	4205	1	195	3	92
24441	593	4009	4010	4204	-1	194	2	92
24441	594	4011	4011	4206	0	195	3	92
24441	595	4004	4004	4199	0	195	2	92
24441	596	4012	4011	4206	1	195	3	92
24441	597	4010	4010	4204	0	194	2	92
24441	598	4009	4010	4204	-1	194	2	92
24441	599	4005	4005	4200	0	195	3	92
24441	600	4009	4010	4204	-1	194	2	92
24441	601	4012	4010	4207	2	197	3	92
24441	602	4010	4009	4205	1	196	2	92
24441	603	4006	4005	4200	1	195	3	92
24441	604	4010	4010	4204	0	194	2	92
24441	605	4010	4010	4204	0	194	2	92
24441	606	4009	4009	4205	0	196	2	92
24441	607	4005	4005	4199	0	194	2	92
24441	608	4012	4010	4207	2	197	3	92
24441	609	4010	4009	4205	1	196	2	92
24441	610	4012	4011	4206	1	195	3	92
24441	611	4008	4008	4202	0	194	2	92
24441	612	4008	4007	4204	1	197	3	92
24441	613	4010	4009	4205	1	196	2	92
24441	614	4009	4009	4203	0	194	2	92
24441	615	4009	4009	4206	0	197	3	92
24441	616	4004	4003	4199	1	196	2	92
24441	617	4011	4011	4206	0	195	3	92
24441	618	4010	4010	4204	0	194	2	92
24441	619	4011	4010	4205	1	195	3	92
24441	620	4004	4003	4199	1	196	2	92
24441	621	4011	4011	4206	0	195	3	92
24441	622	4009	4009	4203	0	194	2	92
24441	623	4010	4010	4204	0	194	2	92
24441	624	4006	4005	4202	1	197	3	92
24441	625	4010	4010	4204	0	194	2	92
24441	626	4011	4010	4206	1	196	3	92
24441	627	4010	4009	4205	1	196	2	92
24441	628	4010	4009	4204	1	195	3	92
24441	629	4008	4007	4201	1	194	2	92
24441	630	4011	4010	4205	1	195	3	92
24441	631	4009	4009	4205	0	196	2	92
24441	632	4009	4009	4205	0	196	2	92
24441	633	4006	4004	4201	2	197	3	92
24441	634	4009	4009	4203	0	194	2	92
24441	635	4012	4011	4206	1	195	3	92
24441	636	4009	4009	4205	0	196	2	92
24441	637	4006	4004	4201	2	197	3	92
24441	638	4010	4010	4204	0	194	2	92
24441	639	4009	4009	4206	0	197	3	92
24441	640	4010	4009	4205	1	196	2	92
24441	641	4004	4003	4199	1	196	2	92
24441	642	4011	4010	4207	1	197	3	92
24441	643	4009	4009	4203	0	194	2	92
24441	644	4011	4010	4205	1	195	3	92
24441	645	4006	4006	4200	0	194	2	92
24441	646	4011	4010	4205	1	195	3	92
24441	647	4009	4009	4205	0	196	2	92
24441	648	4010	4010	4204	0	194	2	92
24441	649	4012	4010	4207	2	197	3	92
24441	650	4005	4005	4199	0	194	2	92
24441	651	4011	4010	4205	1	195	3	92
24441	652	4009	4010	4204	-1	194	2	92
24441	653	4011	4010	4205	1	195	3	92
24441	654	4004	4003	4197	1	194	2	92
24441	655	4012	4010	4205	2	195	3	92
24441	656	4009	4010	4204	-1	194	2	92
24441	657	4010	4010	4204	0	194	2	92
24441	658	4006	4005	4200	1	195	3	92
24441	659	4010	4010	4204	0	194	2	92
24441	660	4012	4010	4207	2	197	3	92
24441	661	4010	4010	4204	0	194	2	92
24441	662	4007	4006	4201	1	195	3	92
24441	663	4009	4010	4204	-1	194	2	92
24441	664	4012	4011	4206	1	195	3	92
24441	665	4009	4009	4203	0	194	2	92
24441	666	4009	4008	4204	1	196	2	92
24441	667	4007	4007	4202	0	195	3	92
24441	668	4009	4009	4203	0	194	2	92
24441	669	4011	4010	4205	1	195	3	92
24441	670	4009	4009	4205	0	196	2	92
24441	671	4006	4005	4200	1	195	3	92
24441	672	4010	4009	4205	1	196	2	92
24441	673	4010	4009	4205	1	196	2	92
24441	674	4010	4009	4205	1	196	2	92
24441	675	4003	4003	4197	0	194	2	92
24441	676	4011	4010	4207	1	197	3	92
24441	677	4010	4009	4205	1	196	2	92
24441	678	4012	4011	4206	1	195	3	92
24441	679	4005	4004	4200	1	196	2	92
24441	680	4012	4010	4207	2	197	3	92
24441	681	4010	4009	4205	1	196	2	92
24441	682	4010	4010	4204	0	194	2	92
24441	683	4011	4011	4206	0	195	3	92
24441	684	4005	4005	4201	0	196	2	92
24441	685	4011	4010	4206	1	196	3	92
24441	686	4009	4009	4207	0	198	2	92
24441	687	4011	4010	4205	1	195	3	92
24441	688	4003	4003	4199	0	196	2	92
24441	689	4011	4010	4207	1	197	3	92
24441	690	4009	4010	4204	-1	194	2	92
24441	691	4010	4009	4205	1	196	2	92
24441	692	4006	4004	4203	2	199	3	92
24441	693	4010	4009	4205	1	196	2	92
24441	694	4011	4011	4206	0	195	3	92
24441	695	4009	4009	4205	0	196	2	92
24441	696	4006	4006	4201	0	195	3	92
24441	697	4010	4009	4205	1	196	2	92
24441	698	4010	4009	4205	1	196	2	92
24441	699	4009	4009	4203	0	194	2	92
24441	700	4009	4009	4203	0	194	2	92
24441	701	4007	4007	4202	0	195	3	92
24441	702	4010	4010	4204	0	194	2	92
24441	703	4012	4011	4206	1	195	3	92
24441	704	4009	4009	4205	0	196	2	92
24441	705	4005	4005	4202	0	197	3	92
24441	706	4010	4010	4204	0	194	2	92
24441	707	4009	4009	4205	0	196	2	92
24441	708	4011	4010	4205	1	195	3	92
24441	709	4003	4003	4197	0	194	2	92
24441	710	4012	4011	4206	1	195	3	92
24441	711	4009	4009	4205	0	196	2	92
24441	712	4011	4010	4205	1	195	3	92
24441	713	4003	4004	4199	-1	195	2	92
24441	714	4011	4011	4206	0	195	3	92
24441	715	4009	4009	4205	0	196	2	92
24441	716	4009	4009	4203	0	194	2	92
24441	717	4010	4009	4206	1	197	3	92
24441	718	4006	4007	4203	-1	196	2	92
24441	719	4012	4011	4206	1	195	3	92
24441	720	4009	4009	4205	0	196	2	92
24441	721	4012	4011	4206	1	195	3	92
24441	722	4003	4003	4199	0	196	2	92
24441	723	4012	4010	4207	2	197	3	92
24441	724	4009	4010	4204	-1	194	2	92
24441	725	4010	4009	4205	1	196	2	92
24441	726	4006	4004	4201	2	197	3	92
24441	727	4009	4010	4204	-1	194	2	92
24441	728	4011	4010	4207	1	197	3	92
24441	729	4009	4009	4205	0	196	2	92
24441	730	4006	4005	4200	1	195	3	92
24441	731	4010	4010	4204	0	194	2	92
24441	732	4010	4010	4204	0	194	2	92
24441	733	4010	4009	4205	1	196	2	92
24441	734	4008	4008	4202	0	194	2	92
24441	735	4009	4008	4203	1	195	3	92
24441	736	4009	4009	4205	0	196	2	92
24441	737	4012	4011	4206	1	195	3	92
24441	738	4009	4009	4203	0	194	2	92
24441	739	4005	4004	4201	1	197	3	92
24441	740	4010	4010	4204	0	194	2	92
24441	741	4010	4010	4204	0	194	2	92
24441	742	4012	4011	4206	1	195	3	92
24441	743	4003	4004	4198	-1	194	2	92
24441	744	4012	4010	4207	2	197	3	92
24441	745	4009	4009	4205	0	196	2	92
24441	746	4012	4009	4207	3	198	4	92
24441	747	4004	4004	4198	0	194	2	92
24441	748	4011	4011	4206	0	195	3	92
24441	749	4010	4010	4204	0	194	2	92
24441	750	4009	4009	4205	0	196	2	92
24441	751	4010	4009	4206	1	197	3	92
24441	752	4007	4007	4201	0	194	2	92
24441	753	4011	4010	4207	1	197	3	92
24441	754	4010	4009	4205	1	196	2	92
24441	755	4012	4010	4207	2	197	3	92
24441	756	4004	4003	4199	1	196	2	92
24441	757	4009	4009	4205	0	196	2	92
24441	758	4010	4010	4204	0	194	2	92
24441	759	4009	4010	4204	-1	194	2	92
24441	760	4006	4005	4200	1	195	3	92
24441	761	4010	4009	4205	1	196	2	92
24441	762	4011	4011	4206	0	195	3	92
24441	763	4010	4009	4205	1	196	2	92
24441	764	4006	4005	4200	1	195	3	92
24441	765	4010	4010	4204	0	194	2	92
24441	766	4009	4010	4204	-1	194	2	92
24441	767	4011	4011	4206	0	195	3	92
24441	768	4008	4008	4202	0	194	2	92
24441	769	4007	4007	4202	0	195	3	92
24441	770	4010	4010	4204	0	194	2	92
24441	771	4012	4010	4207	2	197	3	92
24441	772	4009	4010	4204	-1	194	2	92
24441	773	4006	4004	4201	2	197	3	92
24441	774	4009	4010	4204	-1	194	2	92
24441	775	4010	4009	4205	1	196	2	92
24441	776	4012	4011	4206	1	195	3	92
24441	777	4003	4004	4198	-1	194	2	92
24441	778	4011	4010	4205	1	195	3	92
24441	779	4009	4009	4203	0	194	2	92
24441	780	4011	4010	4207	1	197	3	92
24441	781	4005	4005	4199	0	194	2	92
24441	782	4010	4009	4205	1	196	2	92
24441	783	4010	4010	4204	0	194	2	92
24441	784	4009	4009	4203	0	194	2	92
24441	785	4011	4010	4205	1	195	3	92
24441	786	4005	4005	4199	0	194	2	92
24441	787	4012	4010	4207	2	197	3	92
24441	788	4010	4009	4205	1	196	2	92
24441	789	4011	4010	4207	1	197	3	92
24441	790	4004	4003	4199	1	196	2	92
24441	791	4009	4009	4205	0	196	2	92
24441	792	4011	4010	4206	1	196	3	92
24441	793	4009	4009	4205	0	196	2	92
24441	794	4006	4005	4200	1	195	3	92
24441	795	4009	4009	4204	0	195	2	92
24441	796	4012	4011	4206	1	195	3	92
24441	797	4009	4009	4205	0	196	2	92
24441	798	4009	4008	4203	1	195	3	92
24441	799	4008	4008	4204	0	196	2	92
24441	800	4009	4009	4205	0	196	2	92
24441	801	4011	4010	4208	1	198	3	92
24441	802	4010	4010	4204	0	194	2	92
24441	803	4005	4004	4201	1	197	3	92
24441	804	4010	4009	4205	1	196	2	92
24441	805	4012	4011	4206	1	195	3	92
24441	806	4010	4010	4204	0	194	2	92
24441	807	4003	4003	4199	0	196	2	92
24441	808	4010	4009	4203	1	194	2	92
24441	809	4009	4010	4204	-1	194	2	92
24441	810	4011	4010	4207	1	197	3	92
24441	811	4004	4003	4199	1	196	2	92
24441	812	4012	4011	4206	1	195	3	92
24441	813	4009	4009	4205	0	196	2	92
24441	814	4011	4011	4206	0	195	3	92
24441	815	4008	4008	4204	0	196	2	92
24441	816	4006	4007	4201	-1	194	2	92
24441	817	4011	4010	4205	1	195	3	92
24441	818	4010	4010	4204	0	194	2	92
24441	819	4011	4010	4208	1	198	3	92
24441	820	4004	4004	4198	0	194	2	92
24441	821	4012	4010	4205	2	195	3	92
24441	822	4009	4010	4204	-1	194	2	92
24441	823	4011	4011	4206	0	195	3	92
24441	824	4003	4003	4197	0	194	2	92
24441	825	4009	4010	4204	-1	194	2	92
24441	826	4011	4011	4206	0	195	3	92
24441	827	4009	4010	4204	-1	194	2	92
24441	828	4008	4007	4204	1	197	3	92
24441	829	4009	4009	4203	0	194	2	92
24441	830	4011	4010	4205	1	195	3	92
24441	831	4009	4009	4205	0	196	2	92
24441	832	4010	4009	4205	1	196	2	92
24441	833	4004	4004	4198	0	194	2	92
24441	834	4009	4009	4205	0	196	2	92
24441	835	4012	4010	4207	2	197	3	92
24441	836	4010	4010	4204	0	194	2	92
24441	837	4006	4005	4200	1	195	3	92
24441	838	4009	4009	4205	0	196	2	92
24441	839	4011	4010	4205	1	195	3	92
24441	840	4009	4009	4203	0	194	2	92
24441	841	4004	4004	4198	0	194	2	92
24441	842	4011	4010	4208	1	198	3	92
24441	843	4010	4010	4204	0	194	2	92
24441	844	4011	4011	4206	0	195	3	92
24441	845	4009	4009	4203	0	194	2	92
24441	846	4008	4007	4202	1	195	3	92
24441	847	4009	4009	4205	0	196	2	92
24441	848	4011	4010	4207	1	197	3	92
24441	849	4010	4010	4204	0	194	2	92
24441	850	4004	4004	4198	0	194	2	92
24441	851	4012	4011	4206	1	195	3	92
24441	852	4009	4009	4206	0	197	2	92
24441	853	4012	4011	4206	1	195	3	92
24441	854	4004	4003	4199	1	196	2	92
24441	855	4011	4010	4207	1	197	3	92
24441	856	4010	4009	4205	1	196	2	92
24441	857	4011	4010	4206	1	196	3	92
24441	858	4006	4007	4201	-1	194	2	92
24441	859	4008	4008	4204	0	196	2	92
24441	860	4011	4010	4207	1	197	3	92
24441	861	4010	4009	4205	1	196	2	92
24441	862	4011	4011	4206	0	195	3	92
24441	863	4004	4004	4198	0	194	2	92
24441	864	4011	4010	4207	1	197	3	92
24441	865	4009	4009	4205	0	196	2	92
24441	866	4010	4010	4204	0	194	2	92
24441	867	4006	4004	4201	2	197	3	92
24441	868	4009	4009	4205	0	196	2	92
24441	869	4012	4010	4207	2	197	3	92
24441	870	4010	4009	4205	1	196	2	92
24441	871	4006	4005	4200	1	195	3	92
24441	872	4009	4010	4204	-1	194	2	92
24441	873	4011	4011	4206	0	195	3	92
24441	874	4009	4009	4205	0	196	2	92
24441	875	4009	4008	4204	1	196	2	92
24441	876	4008	4007	4202	1	195	3	92
24441	877	4010	4010	4204	0	194	2	92
24441	878	4012	4011	4206	1	195	3	92
24441	879	4009	4009	4205	0	196	2	92
24441	880	4005	4005	4200	0	195	3	92
24441	881	4009	4010	4204	-1	194	2	92
24441	882	4012	4011	4206	1	195	3	92
24441	883	4010	4009	4205	1	196	2	92
24441	884	4003	4004	4200	-1	196	2	92
24441	885	4012	4011	4206	1	195	3	92
24441	886	4009	4010	4204	-1	194	2	92
24441	887	4011	4010	4205	1	195	3	92
24441	888	4006	4006	4200	0	194	2	92
24441	889	4010	4009	4206	1	197	3	92
24441	890	4010	4010	4204	0	194	2	92
24441	891	4010	4009	4205	1	196	2	92
24441	892	4009	4010	4204	-1	194	2	92
24441	893	4004	4004	4198	0	194	2	92
24441	894	4011	4011	4206	0	195	3	92
24441	895	4010	4009	4205	1	196	2	92
24441	896	4012	4011	4206	1	195	3	92
24441	897	4004	4004	4198	0	194	2	92
24441	898	4011	4010	4205	1	195	3	92
24441	899	4010	4010	4204	0	194	2	92
24441	900	4009	4010	4204	-1	194	2	92
24441	901	4006	4005	4200	1	195	3	92
24441	902	4010	4009	4205	1	196	2	92
24441	903	4012	4010	4207	2	197	3	92
24441	904	4010	4009	4205	1	196	2	92
24441	905	4010	4010	4205	0	195	3	92
24441	906	4006	4005	4201	1	196	2	92
24441	907	4012	4010	4207	2	197	3	92
24441	908	4009	4010	4204	-1	194	2	92
24441	909	4010	4009	4205	1	196	2	92
24441	910	4006	4005	4200	1	195	3	92
24441	911	4009	4009	4203	0	194	2	92
24441	912	4011	4010	4205	1	195	3	92
24441	913	4009	4009	4204	0	195	2	92
24441	914	4006	4004	4199	2	195	3	92
24441	915	4010	4009	4205	1	196	2	92
24441	916	4010	4010	4204	0	194	2	92
24441	917	4010	4010	4204	0	194	2	92
24441	918	4007	4006	4200	1	194	2	92
24441	919	4010	4009	4204	1	195	3	92
24441	920	4010	4009	4205	1	196	2	92
24441	921	4011	4010	4205	1	195	3	92
24441	922	4009	4009	4205	0	196	2	92
24441	923	4005	4005	4200	0	195	3	92
24441	924	4009	4009	4205	0	196	2	92
24441	925	4010	4009	4205	1	196	2	92
24441	926	4012	4011	4206	1	195	3	92
24441	927	4003	4003	4197	0	194	2	92
24441	928	4012	4011	4206	1	195	3	92
24441	929	4009	4009	4205	0	196	2	92
24441	930	4011	4010	4205	1	195	3	92
24441	931	4004	4004	4198	0	194	2	92
24441	932	4012	4011	4206	1	195	3	92
24441	933	4009	4010	4204	-1	194	2	92
24441	934	4009	4010	4204	-1	194	2	92
24441	935	4012	4010	4207	2	197	3	92
24441	936	4005	4005	4199	0	194	2	92
24441	937	4012	4011	4206	1	195	3	92
24441	938	4009	4009	4204	0	195	2	92
24441	939	4012	4011	4206	1	195	3	92
24441	940	4004	4004	4198	0	194	2	92
24441	941	4010	4009	4208	1	199	3	92
24441	942	4009	4010	4204	-1	194	2	92
24441	943	4009	4009	4203	0	194	2	92
24441	944	4005	4004	4201	1	197	3	92
24441	945	4009	4010	4204	-1	194	2	92
24441	946	4011	4011	4206	0	195	3	92
24441	947	4010	4010	4204	0	194	2	92
24441	948	4009	4008	4205	1	197	3	92
24441	949	4007	4007	4203	0	196	2	92
24441	950	4010	4010	4204	0	194	2	92
24441	951	4010	4009	4206	1	197	3	92
24441	952	4010	4009	4205	1	196	2	92
24441	953	4006	4005	4200	1	195	3	92
24441	954	4009	4010	4204	-1	194	2	92
24441	955	4011	4010	4207	1	197	3	92
24441	956	4009	4009	4203	0	194	2	92
24441	957	4006	4005	4200	1	195	3	92
24441	958	4010	4010	4204	0	194	2	92
24441	959	4010	4009	4205	1	196	2	92
24441	960	4012	4010	4207	2	197	3	92
24441	961	4006	4006	4200	0	194	2	92
24441	962	4011	4010	4205	1	195	3	92
24441	963	4010	4009	4205	1	196	2	92
24441	964	4012	4011	4206	1	195	3	92
24441	965	4010	4010	4204	0	194	2	92
24441	966	4006	4005	4202	1	197	3	92
24441	967	4009	4009	4204	0	195	2	92
24441	968	4009	4009	4205	0	196	2	92
24441	969	4011	4010	4205	1	195	3	92
24441	970	4004	4003	4199	1	196	2	92
24441	971	4011	4010	4205	1	195	3	92
24441	972	4009	4009	4205	0	196	2	92
24441	973	4011	4010	4205	1	195	3	92
24441	974	4004	4004	4198	0	194	2	92
24441	975	4010	4009	4205	1	196	2	92
24441	976	4009	4010	4204	-1	194	2	92
24441	977	4010	4010	4204	0	194	2	92
24441	978	4011	4010	4207	1	197	3	92
24441	979	4006	4006	4200	0	194	2	92
24441	980	4012	4010	4205	2	195	3	92
24441	981	4010	4009	4205	1	196	2	92
24441	982	4012	4010	4205	2	195	3	92
24441	983	4003	4004	4198	-1	194	2	92
24441	984	4009	4010	4204	-1	194	2	92
24441	985	4011	4011	4206	0	195	3	92
24441	986	4010	4010	4204	0	194	2	92
24441	987	4005	4004	4201	1	197	3	92
24441	988	4009	4010	4204	-1	194	2	92
24441	989	4011	4011	4206	0	195	3	92
24441	990	4009	4010	4204	-1	194	2	92
24441	991	4009	4008	4203	1	195	3	92
24441	992	4008	4008	4204	0	196	2	92
24441	993	4009	4010	4204	-1	194	2	92
24441	994	4012	4010	4207	2	197	3	92
24441	995	4009	4009	4204	0	195	2	92
24441	996	4006	4004	4201	2	197	3	92
24441	997	4009	4009	4203	0	194	2	92
24441	998	4011	4010	4207	1	197	3	92
24441	999	4009	4009	4204	0	195	2	92
24441	1000	4004	4004	4198	0	194	2	92
