RUNID	ITERNUM	METIME	PRTIME	TPRTIME	DIFF	TDIFF	NRPROCS	NPROCS
24521	1	64138	64130	64335	8	205	7	93
24521	2	64144	64137	64339	7	202	5	93
24521	3	64139	64131	64337	8	206	6	93
24521	4	64143	64135	64342	8	207	6	93
24521	5	64137	64131	64334	6	203	6	93
24521	6	64143	64137	64341	6	204	7	93
24521	7	64142	64136	64339	6	203	6	93
24521	8	64143	64134	64341	9	207	6	93
24521	9	64142	64137	64339	5	202	5	93
24521	10	64139	64131	64336	8	205	7	93
24521	11	64143	64137	64340	6	203	6	93
24521	12	64139	64131	64338	8	207	7	93
24521	13	64143	64137	64342	6	205	6	93
24521	14	64140	64133	64336	7	203	5	93
24521	15	64143	64138	64340	5	202	5	93
24521	16	64145	64138	64341	7	203	5	93
24521	17	64137	64131	64334	6	203	6	93
24521	18	64146	64137	64343	9	206	6	93
24521	19	64137	64131	64335	6	204	5	93
24521	20	64146	64137	64343	9	206	7	93
24521	21	64143	64134	64339	9	205	7	93
24521	22	64138	64130	64334	8	204	7	93
24521	23	64142	64135	64338	7	203	5	93
24521	24	64137	64130	64334	7	204	5	93
24521	25	64149	64141	64346	8	205	5	93
24521	26	64143	64136	64339	7	203	6	93
24521	27	64143	64135	64340	8	205	5	93
24521	28	64142	64134	64338	8	204	6	93
24521	29	64138	64131	64335	7	204	6	93
24521	30	64143	64136	64341	7	205	6	94
24521	31	64145	64138	64341	7	203	5	93
24521	32	64136	64130	64334	6	204	6	93
24521	33	64145	64137	64341	8	204	6	93
24521	34	64143	64137	64339	6	202	5	93
24521	35	64138	64129	64336	9	207	7	93
24521	36	64143	64136	64339	7	203	6	93
24521	37	64143	64136	64339	7	203	6	93
24521	38	64137	64130	64334	7	204	5	93
24521	39	64143	64136	64339	7	203	6	93
24521	40	64143	64137	64342	6	205	5	93
24521	41	64140	64134	64338	6	204	7	93
24521	42	64145	64136	64340	9	204	6	93
24521	43	64138	64132	64334	6	202	5	93
24521	44	64144	64136	64341	8	205	6	93
24521	45	64143	64136	64341	7	205	6	93
24521	46	64148	64138	64346	10	208	6	93
24521	47	64155	64129	64353	26	224	7	93
24521	48	64145	64137	64340	8	203	5	93
24521	49	64143	64136	64341	7	205	6	93
24521	50	64139	64132	64335	7	203	5	93
24521	51	64142	64135	64339	7	204	5	93
24521	52	64142	64135	64338	7	203	6	93
24521	53	64136	64130	64334	6	204	7	93
24521	54	64142	64135	64341	7	206	7	93
24521	55	64145	64138	64341	7	203	5	93
24521	56	64138	64130	64336	8	206	7	93
24521	57	64144	64136	64342	8	206	6	93
24521	58	64143	64136	64340	7	204	7	93
24521	59	64143	64136	64341	7	205	6	93
24521	60	64138	64133	64338	5	205	6	93
24521	61	64145	64138	64343	7	205	5	93
24521	62	64143	64136	64339	7	203	6	93
24521	63	64139	64130	64333	9	203	5	93
24521	64	64142	64136	64340	6	204	5	93
24521	65	64144	64136	64340	8	204	6	93
24521	66	64136	64129	64333	7	204	7	93
24521	67	64143	64136	64339	7	203	6	93
24521	68	64142	64135	64339	7	204	7	93
24521	69	64137	64129	64335	8	206	6	93
24521	70	64145	64137	64342	8	205	5	93
24521	71	64143	64137	64339	6	202	5	93
24521	72	64138	64131	64334	7	203	5	93
24521	73	64142	64135	64340	7	205	6	93
24521	74	64144	64136	64341	8	205	7	93
24521	75	64137	64130	64333	7	203	6	93
24521	76	64143	64135	64341	8	206	6	93
24521	77	64141	64136	64339	5	203	6	93
24521	78	64142	64134	64340	8	206	6	93
24521	79	64142	64135	64338	7	203	6	93
24521	80	64139	64131	64335	8	204	6	93
24521	81	64140	64134	64337	6	203	6	93
24521	82	64141	64133	64338	8	205	6	93
24521	83	64141	64134	64337	7	203	6	93
24521	84	64141	64134	64339	7	205	6	93
24521	85	64143	64133	64340	10	207	6	93
24521	86	64134	64128	64334	6	206	7	93
24521	87	64143	64135	64340	8	205	5	93
24521	88	64141	64134	64338	7	204	7	93
24521	89	64142	64136	64339	6	203	5	93
24521	90	64142	64134	64339	8	205	6	93
24521	91	64136	64128	64333	8	205	7	93
24521	92	64141	64134	64337	7	203	6	93
24521	93	64144	64136	64342	8	206	6	93
24521	94	64142	64136	64338	6	202	5	93
24521	95	64144	64137	64340	7	203	5	93
24521	96	64135	64127	64332	8	205	6	93
24521	97	64142	64134	64340	8	206	6	93
24521	98	64141	64135	64337	6	202	5	93
24521	99	64141	64136	64339	5	203	6	93
24521	100	64140	64134	64339	6	205	5	93
24521	101	64138	64131	64338	7	207	6	93
24521	102	64144	64138	64342	6	204	6	93
24521	103	64142	64135	64338	7	203	6	93
24521	104	64144	64136	64340	8	204	6	93
24521	105	64135	64129	64335	6	206	7	93
24521	106	64143	64135	64339	8	204	6	93
24521	107	64141	64136	64338	5	202	5	93
24521	108	64143	64135	64339	8	204	6	93
24521	109	64146	64139	64342	7	203	6	93
24521	110	64142	64135	64338	7	203	5	93
24521	111	64137	64131	64335	6	204	5	93
24521	112	64143	64135	64339	8	204	6	93
24521	113	64141	64134	64337	7	203	6	93
24521	114	64141	64135	64337	6	202	5	93
24521	115	64141	64134	64337	7	203	6	93
24521	116	64139	64131	64335	8	204	6	93
24521	117	64141	64133	64338	8	205	7	93
24521	118	64142	64136	64340	6	204	5	93
24521	119	64144	64136	64340	8	204	6	93
24521	120	64141	64134	64338	7	204	6	93
24521	121	64142	64133	64338	9	205	7	93
24521	122	64135	64129	64331	6	202	5	93
24521	123	64143	64134	64340	9	206	6	93
24521	124	64141	64132	64338	9	206	6	93
24521	125	64144	64135	64341	9	206	6	93
24521	126	64141	64134	64338	7	204	5	93
24521	127	64143	64135	64341	8	206	6	93
24521	128	64138	64133	64335	5	202	5	93
24521	129	64140	64133	64337	7	204	6	93
24521	130	64142	64136	64338	6	202	5	93
24521	131	64140	64135	64337	5	202	5	93
24521	132	64141	64134	64338	7	204	7	93
24521	133	64142	64134	64338	8	204	7	93
24521	134	64143	64136	64339	7	203	5	93
24521	135	64136	64128	64332	8	204	7	93
24521	136	64146	64138	64343	8	205	7	93
24521	137	64142	64133	64337	9	204	6	93
24521	138	64143	64137	64340	6	203	5	93
24521	139	64142	64135	64338	7	203	6	93
24521	140	64138	64130	64335	8	205	6	93
24521	141	64141	64134	64336	7	202	5	93
24521	142	64142	64133	64339	9	206	7	93
24521	143	64141	64135	64337	6	202	5	93
24521	144	64142	64134	64338	8	204	6	93
24521	145	64141	64134	64337	7	203	6	93
24521	146	64135	64129	64331	6	202	5	93
24521	147	64141	64133	64338	8	205	6	93
24521	148	64141	64134	64337	7	203	5	93
24521	149	64141	64135	64337	6	202	5	93
24521	150	64141	64133	64339	8	206	6	93
24521	151	64136	64128	64334	8	206	6	93
24521	152	64142	64136	64338	6	202	5	93
24521	153	64143	64136	64340	7	204	6	93
24521	154	64141	64134	64337	7	203	6	93
24521	155	64143	64135	64341	8	206	6	93
24521	156	64141	64132	64337	9	205	7	93
24521	157	64137	64129	64334	8	205	6	93
24521	158	64140	64135	64339	5	204	5	93
24521	159	64142	64134	64338	8	204	6	93
24521	160	64141	64135	64339	6	204	5	93
24521	161	64143	64135	64339	8	204	6	93
24521	162	64141	64134	64337	7	203	6	93
24521	163	64141	64134	64340	7	206	6	93
24521	164	64136	64128	64332	8	204	6	93
24521	165	64141	64133	64336	8	203	6	93
24521	166	64143	64133	64340	10	207	6	93
24521	167	64141	64133	64336	8	203	6	93
24521	168	64143	64137	64340	6	203	5	93
24521	169	64141	64133	64336	8	203	6	93
24521	170	64143	64133	64340	10	207	6	93
24521	171	64139	64131	64337	8	206	7	93
24521	172	64142	64136	64339	6	203	5	93
24521	173	64141	64133	64339	8	206	7	93
24521	174	64144	64135	64343	9	208	7	93
24521	175	64142	64135	64337	7	202	5	93
24521	176	64142	64135	64340	7	205	5	93
24521	177	64140	64133	64337	7	204	7	93
24521	178	64135	64130	64332	5	202	5	93
24521	179	64140	64133	64336	7	203	6	93
24521	180	64141	64136	64338	5	202	5	93
24521	181	64142	64135	64339	7	204	6	93
24521	182	64141	64135	64337	6	202	5	93
24521	183	64143	64135	64340	8	205	6	93
24521	184	64136	64131	64333	5	202	5	93
24521	185	64143	64136	64339	7	203	5	93
24521	186	64140	64135	64339	5	204	6	93
24521	187	64144	64137	64340	7	203	5	93
24521	188	64142	64135	64339	7	204	5	93
24521	189	64143	64134	64338	9	204	6	93
24521	190	64136	64129	64332	7	203	6	93
24521	191	64142	64136	64341	6	205	5	94
24521	192	64145	64139	64341	6	202	5	93
24521	193	64142	64135	64339	7	204	6	93
24521	194	64141	64134	64337	7	203	6	93
24521	195	64142	64134	64339	8	205	6	93
24521	196	64137	64130	64333	7	203	6	93
24521	197	64142	64134	64338	8	204	7	93
24521	198	64157	64137	64353	20	216	6	93
24521	199	64141	64133	64338	8	205	6	93
24521	200	64143	64137	64340	6	203	5	93
24521	201	64135	64129	64331	6	202	5	93
24521	202	64143	64135	64339	8	204	6	93
24521	203	64142	64134	64339	8	205	6	93
24521	204	64143	64134	64339	9	205	6	93
24521	205	64142	64134	64339	8	205	6	93
24521	206	64143	64135	64339	8	204	6	93
24521	207	64141	64135	64337	6	202	5	93
24521	208	64144	64135	64341	9	206	6	93
24521	209	64141	64133	64339	8	206	7	93
24521	210	64138	64129	64336	9	207	6	93
24521	211	64141	64135	64337	6	202	5	93
24521	212	64140	64133	64338	7	205	6	93
24521	213	64140	64133	64338	7	205	6	93
24521	214	64140	64134	64337	6	203	6	93
24521	215	64143	64135	64339	8	204	6	93
24521	216	64141	64135	64338	6	203	5	93
24521	217	64144	64135	64341	9	206	7	93
24521	218	64140	64132	64338	8	206	6	93
24521	219	64137	64128	64333	9	205	6	93
24521	220	64140	64134	64336	6	202	5	93
24521	221	64142	64135	64341	7	206	6	93
24521	222	64140	64134	64338	6	204	5	93
24521	223	64143	64134	64340	9	206	6	94
24521	224	64141	64136	64340	5	204	5	93
24521	225	64142	64133	64339	9	206	7	93
24521	226	64141	64133	64338	8	205	6	93
24521	227	64141	64133	64337	8	204	6	93
24521	228	64141	64136	64338	5	202	5	93
24521	229	64144	64136	64341	8	205	5	93
24521	230	64141	64134	64338	7	204	6	93
24521	231	64141	64136	64338	5	202	5	93
24521	232	64142	64135	64340	7	205	5	93
24521	233	64142	64134	64338	8	204	6	93
24521	234	64138	64131	64334	7	203	5	93
24521	235	64141	64135	64337	6	202	5	93
24521	236	64144	64136	64341	8	205	5	93
24521	237	64140	64133	64337	7	204	6	93
24521	238	64143	64135	64340	8	205	5	93
24521	239	64141	64135	64337	6	202	5	93
24521	240	64138	64131	64334	7	203	5	93
24521	241	64141	64133	64337	8	204	7	93
24521	242	64142	64136	64339	6	203	5	93
24521	243	64142	64134	64339	8	205	6	93
24521	244	64143	64135	64339	8	204	6	93
24521	245	64140	64134	64338	6	204	7	93
24521	246	64143	64135	64341	8	206	6	93
24521	247	64137	64129	64333	8	204	6	93
24521	248	64143	64135	64340	8	205	6	93
24521	249	64142	64133	64338	9	205	6	93
24521	250	64141	64135	64337	6	202	5	93
24521	251	64141	64134	64342	7	208	7	93
24521	252	64140	64134	64336	6	202	5	93
24521	253	64142	64133	64340	9	207	6	93
24521	254	64142	64136	64337	6	201	6	93
24521	255	64143	64134	64342	9	208	6	94
24521	256	64141	64135	64337	6	202	5	93
24521	257	64143	64137	64341	6	204	6	93
24521	258	64135	64128	64333	7	205	6	93
24521	259	64143	64134	64340	9	206	6	93
24521	260	64141	64134	64337	7	203	6	93
24521	261	64144	64136	64340	8	204	6	93
24521	262	64142	64135	64337	7	202	5	93
24521	263	64137	64128	64333	9	205	6	93
24521	264	64141	64134	64337	7	203	5	93
24521	265	64141	64134	64337	7	203	6	93
24521	266	64142	64136	64338	6	202	5	93
24521	267	64140	64134	64338	6	204	6	93
24521	268	64135	64129	64334	6	205	5	93
24521	269	64141	64134	64337	7	203	6	93
24521	270	64143	64134	64340	9	206	7	93
24521	271	64140	64134	64340	6	206	7	93
24521	272	64143	64136	64339	7	203	5	93
24521	273	64135	64128	64333	7	205	6	93
24521	274	64143	64136	64339	7	203	5	93
24521	275	64141	64134	64339	7	205	6	93
24521	276	64144	64137	64340	7	203	5	93
24521	277	64142	64135	64342	7	207	7	93
24521	278	64136	64129	64332	7	203	5	93
24521	279	64141	64134	64339	7	205	6	93
24521	280	64141	64135	64339	6	204	5	93
24521	281	64143	64135	64342	8	207	7	93
24521	282	64140	64133	64337	7	204	5	93
24521	283	64142	64133	64339	9	206	6	93
24521	284	64142	64136	64338	6	202	5	93
24521	285	64143	64135	64342	8	207	7	93
24521	286	64137	64130	64332	7	202	5	93
24521	287	64144	64137	64345	7	208	6	94
24521	288	64141	64134	64339	7	205	6	93
24521	289	64144	64137	64341	7	204	6	93
24521	290	64136	64130	64332	6	202	5	93
24521	291	64144	64135	64340	9	205	6	93
24521	292	64141	64134	64339	7	205	6	93
24521	293	64135	64129	64333	6	204	5	93
24521	294	64141	64134	64340	7	206	6	93
24521	295	64142	64135	64338	7	203	6	93
24521	296	64144	64136	64340	8	204	6	93
24521	297	64136	64129	64333	7	204	5	93
24521	298	64143	64135	64341	8	206	7	93
24521	299	64143	64134	64338	9	204	6	93
24521	300	64144	64135	64341	9	206	7	93
24521	301	64136	64128	64333	8	205	6	93
24521	302	64143	64135	64340	8	205	7	93
24521	303	64143	64136	64340	7	204	7	93
24521	304	64141	64132	64338	9	206	6	93
24521	305	64140	64132	64338	8	206	7	93
24521	306	64142	64134	64340	8	206	7	93
24521	307	64142	64136	64338	6	202	5	93
24521	308	64137	64130	64334	7	204	5	93
24521	309	64143	64136	64339	7	203	5	93
24521	310	64142	64134	64338	8	204	6	93
24521	311	64144	64137	64340	7	203	5	93
24521	312	64137	64129	64334	8	205	6	93
24521	313	64146	64138	64345	8	207	7	93
24521	314	64142	64136	64338	6	202	5	93
24521	315	64139	64130	64336	9	206	6	93
24521	316	64142	64137	64341	5	204	5	93
24521	317	64143	64135	64342	8	207	7	93
24521	318	64137	64129	64334	8	205	7	93
24521	319	64144	64136	64344	8	208	6	94
24521	320	64143	64136	64341	7	205	6	93
24521	321	64139	64133	64337	6	204	5	93
24521	322	64141	64134	64339	7	205	6	93
24521	323	64142	64136	64338	6	202	5	93
24521	324	64144	64136	64341	8	205	7	93
24521	325	64138	64130	64334	8	204	7	93
24521	326	64145	64137	64341	8	204	6	93
24521	327	64141	64134	64340	7	206	6	93
24521	328	64139	64131	64337	8	206	6	93
24521	329	64142	64136	64338	6	202	5	93
24521	330	64145	64138	64341	7	203	5	93
24521	331	64136	64130	64333	6	203	6	93
24521	332	64143	64136	64341	7	205	5	93
24521	333	64142	64136	64338	6	202	5	93
24521	334	64136	64129	64332	7	203	6	93
24521	335	64143	64136	64340	7	204	6	93
24521	336	64142	64135	64340	7	205	7	93
24521	337	64138	64131	64334	7	203	5	93
24521	338	64141	64135	64339	6	204	5	93
24521	339	64143	64135	64342	8	207	7	93
24521	340	64138	64131	64336	7	205	6	93
24521	341	64144	64136	64340	8	204	6	93
24521	342	64143	64136	64338	7	202	5	93
24521	343	64145	64138	64341	7	203	5	93
24521	344	64137	64131	64333	6	202	5	93
24521	345	64145	64138	64341	7	203	5	93
24521	346	64143	64137	64339	6	202	5	93
24521	347	64137	64130	64334	7	204	7	93
24521	348	64142	64136	64339	6	203	6	93
24521	349	64142	64134	64338	8	204	6	93
24521	350	64137	64130	64335	7	205	5	93
24521	351	64141	64135	64342	6	207	6	94
24521	352	64145	64138	64341	7	203	5	93
24521	353	64137	64131	64334	6	203	6	93
24521	354	64144	64136	64342	8	206	6	93
24521	355	64142	64135	64338	7	203	6	93
24521	356	64145	64138	64341	7	203	5	93
24521	357	64136	64131	64334	5	203	6	93
24521	358	64144	64137	64340	7	203	5	93
24521	359	64147	64137	64343	10	206	6	93
24521	360	64136	64130	64333	6	203	6	93
24521	361	64143	64135	64340	8	205	6	93
24521	362	64142	64136	64338	6	202	5	93
24521	363	64138	64130	64334	8	204	6	93
24521	364	64143	64136	64339	7	203	6	93
24521	365	64144	64136	64340	8	204	6	93
24521	366	64142	64136	64338	6	202	5	93
24521	367	64140	64133	64338	7	205	5	93
24521	368	64143	64136	64338	7	202	5	93
24521	369	64145	64137	64341	8	204	6	93
24521	370	64136	64129	64335	7	206	7	93
24521	371	64145	64137	64342	8	205	5	93
24521	372	64142	64135	64340	7	205	6	93
24521	373	64136	64130	64336	6	206	5	93
24521	374	64142	64134	64340	8	206	7	93
24521	375	64141	64136	64341	5	205	6	93
24521	376	64138	64131	64334	7	203	5	93
24521	377	64143	64137	64339	6	202	5	93
24521	378	64143	64136	64343	7	207	7	93
24521	379	64143	64135	64338	8	203	6	93
24521	380	64140	64132	64338	8	206	6	93
24521	381	64142	64136	64339	6	203	6	93
24521	382	64145	64136	64343	9	207	7	93
24521	383	64136	64129	64336	7	207	7	94
24521	384	64144	64136	64342	8	206	6	93
24521	385	64142	64137	64341	5	204	5	93
24521	386	64136	64129	64332	7	203	6	93
24521	387	64143	64136	64339	7	203	6	93
24521	388	64142	64135	64338	7	203	6	93
24521	389	64144	64136	64341	8	205	6	93
24521	390	64137	64130	64334	7	204	5	93
24521	391	64144	64136	64341	8	205	7	93
24521	392	64142	64136	64339	6	203	6	93
24521	393	64137	64129	64335	8	206	7	93
24521	394	64142	64136	64341	6	205	5	93
24521	395	64145	64137	64341	8	204	6	93
24521	396	64142	64134	64339	8	205	6	93
24521	397	64141	64134	64339	7	205	5	93
24521	398	64142	64135	64338	7	203	6	93
24521	399	64142	64136	64338	6	202	5	93
24521	400	64136	64129	64334	7	205	5	93
24521	401	64142	64136	64338	6	202	5	93
24521	402	64144	64136	64340	8	204	6	93
24521	403	64137	64130	64334	7	204	5	93
24521	404	64144	64136	64341	8	205	5	93
24521	405	64142	64135	64340	7	205	6	93
24521	406	64138	64130	64334	8	204	6	93
24521	407	64141	64135	64339	6	204	7	93
24521	408	64144	64136	64340	8	204	6	93
24521	409	64140	64132	64337	8	205	6	93
24521	410	64144	64136	64340	8	204	6	93
24521	411	64143	64136	64340	7	204	5	93
24521	412	64142	64135	64338	7	203	6	93
24521	413	64138	64129	64336	9	207	7	93
24521	414	64143	64136	64339	7	203	6	93
24521	415	64145	64137	64343	8	206	6	94
24521	416	64137	64130	64334	7	204	5	93
24521	417	64145	64137	64342	8	205	7	93
24521	418	64142	64135	64338	7	203	6	93
24521	419	64139	64128	64337	11	209	8	93
24521	420	64142	64135	64339	7	204	5	93
24521	421	64144	64137	64340	7	203	5	93
24521	422	64143	64136	64340	7	204	7	93
24521	423	64137	64130	64336	7	206	6	93
24521	424	64144	64137	64341	7	204	7	93
24521	425	64142	64134	64338	8	204	7	93
24521	426	64136	64128	64332	8	204	6	93
24521	427	64142	64136	64338	6	202	5	93
24521	428	64145	64137	64343	8	206	6	93
24521	429	64137	64131	64333	6	202	5	93
24521	430	64144	64136	64340	8	204	6	93
24521	431	64142	64137	64339	5	202	5	93
24521	432	64138	64130	64334	8	204	6	93
24521	433	64142	64135	64339	7	204	7	93
24521	434	64144	64137	64340	7	203	5	93
24521	435	64139	64132	64335	7	203	6	93
24521	436	64143	64134	64340	9	206	6	93
24521	437	64143	64136	64342	7	206	7	93
24521	438	64145	64137	64340	8	203	5	93
24521	439	64136	64129	64335	7	206	7	93
24521	440	64142	64136	64340	6	204	7	93
24521	441	64144	64136	64342	8	206	6	93
24521	442	64137	64129	64332	8	203	6	93
24521	443	64143	64135	64342	8	207	7	93
24521	444	64142	64135	64338	7	203	6	93
24521	445	64140	64133	64337	7	204	6	93
24521	446	64141	64134	64337	7	203	6	93
24521	447	64145	64138	64343	7	205	5	94
24521	448	64143	64136	64339	7	203	6	93
24521	449	64137	64130	64335	7	205	5	93
24521	450	64142	64134	64338	8	204	6	93
24521	451	64142	64136	64341	6	205	5	93
24521	452	64136	64127	64333	9	206	6	93
24521	453	64142	64136	64340	6	204	5	93
24521	454	64145	64137	64341	8	204	6	93
24521	455	64141	64135	64339	6	204	5	93
24521	456	64138	64129	64334	9	205	6	93
24521	457	64142	64136	64340	6	204	5	93
24521	458	64143	64136	64340	7	204	6	93
24521	459	64136	64129	64332	7	203	6	93
24521	460	64144	64134	64341	10	207	6	93
24521	461	64141	64135	64340	6	205	6	93
24521	462	64144	64134	64340	10	206	6	93
24521	463	64136	64129	64334	7	205	6	93
24521	464	64141	64136	64341	5	205	5	93
24521	465	64142	64134	64339	8	205	6	93
24521	466	64136	64130	64332	6	202	5	93
24521	467	64144	64136	64340	8	204	6	93
24521	468	64142	64134	64338	8	204	7	93
24521	469	64144	64135	64340	9	205	6	93
24521	470	64139	64131	64336	8	205	6	93
24521	471	64145	64137	64340	8	203	5	93
24521	472	64143	64137	64339	6	202	5	93
24521	473	64137	64130	64334	7	204	6	93
24521	474	64142	64133	64339	9	206	6	93
24521	475	64144	64135	64339	9	204	6	93
24521	476	64141	64134	64340	7	206	6	93
24521	477	64138	64129	64335	9	206	6	93
24521	478	64141	64134	64340	7	206	7	93
24521	479	64141	64136	64342	5	206	5	94
24521	480	64141	64134	64337	7	203	5	93
24521	481	64140	64134	64336	6	202	5	93
24521	482	64143	64134	64340	9	206	7	93
24521	483	64142	64136	64338	6	202	5	93
24521	484	64137	64130	64334	7	204	6	93
24521	485	64142	64136	64338	6	202	5	93
24521	486	64144	64136	64340	8	204	6	93
24521	487	64141	64135	64339	6	204	5	93
24521	488	64137	64128	64333	9	205	6	93
24521	489	64142	64135	64339	7	204	5	93
24521	490	64142	64134	64339	8	205	6	93
24521	491	64138	64131	64334	7	203	6	93
24521	492	64140	64134	64338	6	204	7	93
24521	493	64144	64137	64340	7	203	5	93
24521	494	64142	64134	64338	8	204	6	93
24521	495	64138	64130	64334	8	204	6	93
24521	496	64142	64134	64339	8	205	6	93
24521	497	64145	64136	64342	9	206	6	93
24521	498	64141	64135	64340	6	205	6	93
24521	499	64137	64129	64335	8	206	6	93
24521	500	64141	64135	64338	6	203	6	93
24521	501	64144	64135	64340	9	205	6	93
24521	502	64141	64135	64339	6	204	5	93
24521	503	64139	64133	64336	6	203	5	93
24521	504	64141	64134	64338	7	204	6	93
24521	505	64142	64137	64339	5	202	5	93
24521	506	64145	64138	64341	7	203	5	93
24521	507	64136	64130	64334	6	204	6	93
24521	508	64144	64135	64343	9	208	7	93
24521	509	64142	64134	64338	8	204	6	93
24521	510	64143	64133	64339	10	206	7	93
24521	511	64136	64129	64335	7	206	5	94
24521	512	64143	64136	64339	7	203	5	93
24521	513	64140	64132	64339	8	207	7	93
24521	514	64144	64135	64339	9	204	6	93
24521	515	64136	64128	64334	8	206	6	93
24521	516	64141	64134	64338	7	204	7	93
24521	517	64144	64135	64341	9	206	6	93
24521	518	64142	64135	64338	7	203	6	93
24521	519	64137	64130	64333	7	203	5	93
24521	520	64142	64134	64339	8	205	6	93
24521	521	64142	64136	64340	6	204	5	93
24521	522	64141	64135	64337	6	202	5	93
24521	523	64137	64128	64336	9	208	7	93
24521	524	64141	64134	64340	7	206	7	93
24521	525	64144	64136	64342	8	206	6	93
24521	526	64142	64135	64338	7	203	6	93
24521	527	64137	64130	64336	7	206	6	93
24521	528	64141	64135	64337	6	202	5	93
24521	529	64142	64136	64340	6	204	5	93
24521	530	64142	64136	64338	6	202	5	93
24521	531	64135	64129	64331	6	202	5	93
24521	532	64144	64137	64340	7	203	5	93
24521	533	64142	64135	64337	7	202	5	93
24521	534	64142	64135	64341	7	206	6	93
24521	535	64135	64128	64333	7	205	6	93
24521	536	64144	64135	64340	9	205	6	93
24521	537	64141	64135	64337	6	202	5	93
24521	538	64143	64135	64342	8	207	7	93
24521	539	64142	64134	64339	8	205	6	93
24521	540	64139	64129	64334	10	205	6	93
24521	541	64140	64134	64339	6	205	6	93
24521	542	64142	64134	64342	8	208	6	93
24521	543	64141	64135	64337	6	202	5	93
24521	544	64137	64130	64335	7	205	6	93
24521	545	64144	64136	64340	8	204	6	93
24521	546	64141	64134	64338	7	204	5	93
24521	547	64144	64135	64342	9	207	7	93
24521	548	64141	64133	64339	8	206	6	93
24521	549	64137	64129	64333	8	204	6	93
24521	550	64142	64134	64339	8	205	6	93
24521	551	64142	64134	64342	8	208	7	93
24521	552	64141	64134	64339	7	205	6	93
24521	553	64143	64136	64341	7	205	5	93
24521	554	64135	64129	64331	6	202	5	93
24521	555	64141	64133	64336	8	203	6	93
24521	556	64141	64134	64340	7	206	7	93
24521	557	64141	64134	64339	7	205	6	93
24521	558	64143	64136	64339	7	203	5	93
24521	559	64136	64128	64334	8	206	7	93
24521	560	64144	64134	64341	10	207	6	93
24521	561	64140	64134	64340	6	206	7	93
24521	562	64144	64136	64340	8	204	6	93
24521	563	64142	64134	64340	8	206	6	93
24521	564	64140	64134	64339	6	205	5	93
24521	565	64139	64132	64337	7	205	6	93
24521	566	64143	64135	64340	8	205	5	93
24521	567	64141	64133	64337	8	204	6	93
24521	568	64141	64134	64337	7	203	6	93
24521	569	64143	64134	64340	9	206	6	93
24521	570	64136	64130	64334	6	204	5	93
24521	571	64143	64136	64340	7	204	5	93
24521	572	64141	64134	64340	7	206	6	93
24521	573	64144	64137	64340	7	203	5	93
24521	574	64140	64134	64339	6	205	6	93
24521	575	64137	64130	64335	7	205	5	93
24521	576	64141	64133	64339	8	206	6	93
24521	577	64144	64137	64340	7	203	5	93
24521	578	64141	64134	64338	7	204	5	93
24521	579	64141	64135	64338	6	203	6	93
24521	580	64134	64128	64332	6	204	6	93
24521	581	64142	64135	64339	7	204	5	93
24521	582	64144	64136	64342	8	206	6	93
24521	583	64141	64135	64339	6	204	5	93
24521	584	64143	64136	64342	7	206	6	93
24521	585	64134	64129	64334	5	205	6	93
24521	586	64143	64136	64340	7	204	6	93
24521	587	64142	64135	64338	7	203	6	93
24521	588	64143	64135	64339	8	204	6	93
24521	589	64142	64136	64338	6	202	5	93
24521	590	64137	64129	64333	8	204	6	93
24521	591	64141	64134	64339	7	205	6	93
24521	592	64141	64135	64338	6	203	6	93
24521	593	64144	64137	64340	7	203	5	93
24521	594	64141	64135	64338	6	203	6	93
24521	595	64137	64130	64336	7	206	6	93
24521	596	64140	64134	64338	6	204	7	93
24521	597	64143	64136	64341	7	205	5	93
24521	598	64141	64136	64341	5	205	6	93
24521	599	64143	64135	64339	8	204	6	93
24521	600	64137	64130	64333	7	203	6	93
24521	601	64143	64137	64341	6	204	6	93
24521	602	64141	64135	64337	6	202	5	93
24521	603	64141	64133	64337	8	204	7	93
24521	604	64141	64133	64341	8	208	7	93
24521	605	64135	64128	64331	7	203	6	93
24521	606	64143	64136	64340	7	204	6	93
24521	607	64142	64135	64338	7	203	6	93
24521	608	64143	64135	64339	8	204	6	93
24521	609	64141	64135	64339	6	204	5	93
24521	610	64137	64130	64334	7	204	6	93
24521	611	64140	64134	64338	6	204	5	93
24521	612	64144	64133	64341	11	208	7	93
24521	613	64141	64134	64339	7	205	6	93
24521	614	64142	64136	64338	6	202	5	93
24521	615	64135	64127	64330	8	203	6	93
24521	616	64142	64134	64338	8	204	6	93
24521	617	64142	64135	64341	7	206	6	93
24521	618	64141	64134	64337	7	203	6	93
24521	619	64143	64136	64339	7	203	5	93
24521	620	64136	64129	64333	7	204	5	93
24521	621	64143	64135	64341	8	206	6	93
24521	622	64141	64134	64339	7	205	6	93
24521	623	64144	64136	64340	8	204	6	93
24521	624	64141	64135	64337	6	202	5	93
24521	625	64137	64129	64333	8	204	6	93
24521	626	64141	64135	64337	6	202	5	93
24521	627	64141	64133	64338	8	205	6	93
24521	628	64143	64136	64339	7	203	5	93
24521	629	64142	64135	64338	7	203	6	93
24521	630	64138	64129	64333	9	204	6	93
24521	631	64140	64134	64337	6	203	6	93
24521	632	64143	64135	64339	8	204	6	93
24521	633	64141	64134	64337	7	203	6	93
24521	634	64143	64135	64339	8	204	6	93
24521	635	64136	64129	64332	7	203	6	93
24521	636	64143	64135	64339	8	204	6	93
24521	637	64145	64136	64343	9	207	7	93
24521	638	64141	64135	64337	6	202	5	93
24521	639	64140	64131	64335	9	204	6	93
24521	640	64141	64135	64337	6	202	5	93
24521	641	64143	64134	64340	9	206	6	93
24521	642	64142	64134	64339	8	205	6	93
24521	643	64143	64134	64340	9	206	6	93
24521	644	64134	64128	64331	6	203	6	93
24521	645	64143	64136	64340	7	204	6	93
24521	646	64143	64135	64338	8	203	6	93
24521	647	64143	64136	64341	7	205	5	93
24521	648	64140	64133	64338	7	205	6	93
24521	649	64141	64132	64338	9	206	7	93
24521	650	64142	64134	64337	8	203	6	93
24521	651	64142	64136	64338	6	202	5	93
24521	652	64143	64135	64340	8	205	6	93
24521	653	64137	64130	64333	7	203	6	93
24521	654	64144	64137	64340	7	203	5	93
24521	655	64141	64134	64339	7	205	6	93
24521	656	64143	64137	64340	6	203	5	93
24521	657	64136	64129	64333	7	204	7	93
24521	658	64144	64136	64340	8	204	6	93
24521	659	64142	64136	64338	6	202	5	93
24521	660	64141	64134	64340	7	206	7	93
24521	661	64136	64128	64334	8	206	6	93
24521	662	64141	64133	64340	8	207	7	93
24521	663	64143	64136	64341	7	205	7	93
24521	664	64142	64135	64340	7	205	6	93
24521	665	64138	64129	64335	9	206	7	93
24521	666	64142	64136	64340	6	204	5	93
24521	667	64145	64137	64341	8	204	6	93
24521	668	64141	64134	64337	7	203	6	93
24521	669	64140	64132	64338	8	206	6	93
24521	670	64141	64134	64339	7	205	6	93
24521	671	64145	64136	64341	9	205	6	93
24521	672	64136	64130	64332	6	202	5	93
24521	673	64142	64136	64338	6	202	5	93
24521	674	64144	64136	64341	8	205	5	93
24521	675	64143	64136	64340	7	204	7	93
24521	676	64138	64131	64337	7	206	6	93
24521	677	64141	64136	64338	5	202	5	93
24521	678	64144	64136	64341	8	205	5	93
24521	679	64137	64130	64335	7	205	6	93
24521	680	64144	64136	64340	8	204	6	93
24521	681	64143	64135	64339	8	204	6	93
24521	682	64143	64137	64342	6	205	5	93
24521	683	64136	64129	64334	7	205	6	93
24521	684	64142	64136	64342	6	206	6	93
24521	685	64143	64136	64340	7	204	6	93
24521	686	64135	64129	64334	6	205	5	93
24521	687	64145	64137	64341	8	204	6	93
24521	688	64142	64136	64338	6	202	5	93
24521	689	64144	64135	64342	9	207	7	93
24521	690	64140	64133	64337	7	204	5	93
24521	691	64145	64138	64341	7	203	7	93
24521	692	64143	64135	64338	8	203	6	93
24521	693	64141	64133	64337	8	204	6	93
24521	694	64143	64135	64340	8	205	6	93
24521	695	64144	64137	64340	7	203	5	93
24521	696	64137	64131	64334	6	203	6	93
24521	697	64174	64148	64369	26	221	10	104
24521	698	64144	64137	64342	7	205	5	93
24521	699	64143	64134	64340	9	206	6	93
24521	700	64139	64129	64334	10	205	6	93
24521	701	64142	64135	64338	7	203	6	93
24521	702	64145	64137	64343	8	206	6	93
24521	703	64135	64128	64335	7	207	8	93
24521	704	64144	64137	64340	7	203	5	93
24521	705	64142	64136	64340	6	204	5	93
24521	706	64137	64130	64336	7	206	5	93
24521	707	64143	64136	64339	7	203	6	93
24521	708	64142	64136	64338	6	202	5	93
24521	709	64143	64135	64339	8	204	6	93
24521	710	64136	64130	64332	6	202	5	93
24521	711	64145	64137	64343	8	206	6	93
24521	712	64143	64135	64339	8	204	6	93
24521	713	64139	64130	64335	9	205	6	93
24521	714	64143	64137	64341	6	204	5	93
24521	715	64149	64138	64348	11	210	7	93
24521	716	64141	64134	64337	7	203	6	93
24521	717	64142	64134	64338	8	204	6	93
24521	718	64142	64135	64338	7	203	6	93
24521	719	64157	64138	64354	19	216	7	93
24521	720	64136	64128	64331	8	203	6	93
24521	721	64143	64136	64340	7	204	5	93
24521	722	64143	64136	64342	7	206	6	93
24521	723	64141	64134	64340	7	206	5	93
24521	724	64141	64133	64338	8	205	5	93
24521	725	64142	64137	64339	5	202	5	93
24521	726	64144	64134	64339	10	205	6	93
24521	727	64136	64128	64331	8	203	6	93
24521	728	64143	64135	64342	8	207	6	93
24521	729	64143	64136	64340	7	204	5	93
24521	730	64141	64132	64336	9	204	6	93
24521	731	64143	64136	64340	7	204	7	93
24521	732	64142	64135	64338	7	203	6	93
24521	733	64138	64130	64336	8	206	6	93
24521	734	64142	64136	64340	6	204	5	93
24521	735	64146	64137	64343	9	206	6	93
24521	736	64137	64130	64333	7	203	6	93
24521	737	64144	64137	64341	7	204	6	93
24521	738	64143	64136	64338	7	202	5	93
24521	739	64140	64131	64337	9	206	6	93
24521	740	64142	64135	64340	7	205	6	93
24521	741	64144	64137	64340	7	203	5	93
24521	742	64138	64133	64335	5	202	5	93
24521	743	64142	64135	64339	7	204	5	93
24521	744	64145	64138	64341	7	203	5	93
24521	745	64140	64134	64339	6	205	6	93
24521	746	64142	64135	64338	7	203	5	93
24521	747	64142	64136	64340	6	204	5	93
24521	748	64144	64137	64341	7	204	5	93
24521	749	64141	64134	64337	7	203	6	93
24521	750	64144	64136	64340	8	204	6	93
24521	751	64141	64136	64340	5	204	5	93
24521	752	64138	64129	64334	9	205	6	93
24521	753	64142	64136	64338	6	202	5	93
24521	754	64142	64135	64338	7	203	6	93
24521	755	64138	64130	64336	8	206	6	93
24521	756	64143	64136	64339	7	203	6	93
24521	757	64145	64138	64341	7	203	5	93
24521	758	64136	64128	64335	8	207	8	93
24521	759	64145	64137	64342	8	205	6	93
24521	760	64143	64136	64340	7	204	5	93
24521	761	64138	64130	64335	8	205	7	93
24521	762	64143	64134	64340	9	206	7	93
24521	763	64144	64137	64343	7	206	6	93
24521	764	64136	64129	64334	7	205	6	93
24521	765	64142	64134	64345	8	211	7	93
24521	766	64142	64136	64338	6	202	5	93
24521	767	64140	64132	64337	8	205	6	93
24521	768	64144	64137	64340	7	203	5	93
24521	769	64142	64136	64338	6	202	5	93
24521	770	64144	64138	64341	6	203	5	93
24521	771	64136	64129	64332	7	203	6	93
24521	772	64143	64136	64340	7	204	6	93
24521	773	64143	64136	64340	7	204	7	93
24521	774	64138	64130	64334	8	204	6	93
24521	775	64143	64136	64341	7	205	6	93
24521	776	64144	64136	64342	8	206	6	93
24521	777	64135	64129	64333	6	204	5	93
24521	778	64143	64136	64339	7	203	6	93
24521	779	64142	64134	64339	8	205	6	93
24521	780	64137	64131	64333	6	202	5	93
24521	781	64144	64135	64342	9	207	6	93
24521	782	64142	64136	64338	6	202	5	93
24521	783	64144	64136	64341	8	205	5	93
24521	784	64137	64127	64333	10	206	6	93
24521	785	64144	64135	64341	9	206	6	93
24521	786	64143	64134	64341	9	207	7	93
24521	787	64139	64132	64335	7	203	5	93
24521	788	64143	64137	64339	6	202	5	93
24521	789	64145	64137	64342	8	205	5	93
24521	790	64136	64129	64333	7	204	5	93
24521	791	64142	64136	64340	6	204	5	93
24521	792	64145	64137	64344	8	207	7	93
24521	793	64142	64136	64339	6	203	6	93
24521	794	64137	64130	64335	7	205	5	93
24521	795	64142	64136	64340	6	204	5	93
24521	796	64144	64136	64341	8	205	6	93
24521	797	64135	64129	64335	6	206	5	93
24521	798	64144	64136	64341	8	205	5	93
24521	799	64143	64136	64340	7	204	5	93
24521	800	64144	64135	64339	9	204	6	93
24521	801	64137	64129	64334	8	205	6	93
24521	802	64142	64135	64338	7	203	6	93
24521	803	64142	64134	64341	8	207	7	93
24521	804	64137	64131	64334	6	203	6	93
24521	805	64146	64139	64342	7	203	5	93
24521	806	64142	64135	64338	7	203	6	93
24521	807	64144	64136	64342	8	206	7	93
24521	808	64135	64128	64333	7	205	6	93
24521	809	64144	64137	64344	7	207	7	93
24521	810	64143	64136	64339	7	203	6	93
24521	811	64143	64137	64340	6	203	5	93
24521	812	64137	64132	64334	5	202	5	93
24521	813	64144	64136	64342	8	206	6	93
24521	814	64142	64136	64338	6	202	5	93
24521	815	64137	64131	64334	6	203	6	93
24521	816	64145	64136	64343	9	207	7	93
24521	817	64141	64135	64339	6	204	6	93
24521	818	64144	64137	64344	7	207	5	93
24521	819	64135	64129	64334	6	205	6	93
24521	820	64144	64137	64340	7	203	5	93
24521	821	64142	64134	64339	8	205	6	93
24521	822	64143	64137	64342	6	205	5	93
24521	823	64136	64129	64333	7	204	7	93
24521	824	64144	64137	64344	7	207	6	93
24521	825	64142	64135	64338	7	203	6	93
24521	826	64139	64131	64336	8	205	6	93
24521	827	64143	64136	64339	7	203	5	93
24521	828	64142	64134	64337	8	203	6	93
24521	829	64144	64136	64340	8	204	6	93
24521	830	64137	64130	64333	7	203	6	93
24521	831	64144	64137	64342	7	205	5	93
24521	832	64142	64135	64338	7	203	6	93
24521	833	64144	64137	64342	7	205	5	93
24521	834	64136	64128	64333	8	205	6	93
24521	835	64145	64136	64342	9	206	6	93
24521	836	64142	64135	64339	7	204	5	93
24521	837	64141	64134	64340	7	206	7	93
24521	838	64135	64128	64331	7	203	6	93
24521	839	64142	64133	64336	9	203	6	93
24521	840	64143	64137	64340	6	203	5	93
24521	841	64142	64135	64338	7	203	6	93
24521	842	64139	64131	64335	8	204	6	93
24521	843	64143	64136	64339	7	203	6	93
24521	844	64143	64136	64341	7	205	5	93
24521	845	64141	64135	64337	6	202	5	93
24521	846	64138	64130	64334	8	204	6	93
24521	847	64141	64134	64339	7	205	6	93
24521	848	64144	64135	64339	9	204	6	93
24521	849	64141	64134	64337	7	203	6	93
24521	850	64138	64131	64337	7	206	7	93
24521	851	64143	64137	64340	6	203	5	93
24521	852	64142	64136	64338	6	202	5	93
24521	853	64139	64131	64337	8	206	6	93
24521	854	64143	64134	64341	9	207	7	93
24521	855	64143	64136	64339	7	203	5	93
24521	856	64141	64136	64340	5	204	5	93
24521	857	64138	64130	64337	8	207	7	93
24521	858	64141	64136	64339	5	203	6	93
24521	859	64144	64135	64341	9	206	6	93
24521	860	64144	64138	64341	6	203	6	93
24521	861	64136	64128	64333	8	205	6	93
24521	862	64145	64136	64342	9	206	6	93
24521	863	64142	64136	64338	6	202	5	93
24521	864	64144	64136	64340	8	204	6	93
24521	865	64136	64129	64332	7	203	6	93
24521	866	64145	64138	64341	7	203	5	93
24521	867	64202	64151	64400	51	249	15	111
24521	868	64143	64135	64341	8	206	6	93
24521	869	64135	64128	64332	7	204	7	93
24521	870	64143	64135	64342	8	207	6	93
24521	871	64142	64135	64341	7	206	7	93
24521	872	64142	64134	64340	8	206	6	93
24521	873	64136	64129	64335	7	206	7	93
24521	874	64142	64135	64337	7	202	5	93
24521	875	64143	64136	64341	7	205	5	93
24521	876	64141	64135	64337	6	202	5	93
24521	877	64142	64134	64339	8	205	5	93
24521	878	64143	64136	64339	7	203	6	93
24521	879	64145	64137	64340	8	203	5	93
24521	880	64136	64128	64333	8	205	6	93
24521	881	64144	64137	64343	7	206	6	93
24521	882	64143	64136	64340	7	204	5	93
24521	883	64143	64135	64341	8	206	6	93
24521	884	64136	64130	64332	6	202	5	93
24521	885	64142	64136	64338	6	202	5	93
24521	886	64142	64135	64342	7	207	6	93
24521	887	64142	64134	64339	8	205	7	93
24521	888	64138	64130	64335	8	205	5	93
24521	889	64143	64135	64339	8	204	6	93
24521	890	64145	64138	64341	7	203	5	93
24521	891	64143	64136	64338	7	202	5	93
24521	892	64138	64130	64333	8	203	5	93
24521	893	64142	64134	64337	8	203	6	93
24521	894	64144	64137	64340	7	203	5	93
24521	895	64139	64131	64336	8	205	6	93
24521	896	64143	64134	64340	9	206	6	93
24521	897	64141	64134	64338	7	204	7	93
24521	898	64142	64135	64339	7	204	5	93
24521	899	64138	64129	64333	9	204	6	93
24521	900	64142	64134	64338	8	204	6	93
24521	901	64143	64135	64341	8	206	6	93
24521	902	64141	64135	64339	6	204	5	93
24521	903	64138	64130	64334	8	204	6	93
24521	904	64142	64132	64337	10	205	6	93
24521	905	64144	64137	64340	7	203	5	93
24521	906	64142	64135	64339	7	204	7	93
24521	907	64138	64129	64333	9	204	6	93
24521	908	64142	64135	64338	7	203	6	93
24521	909	64142	64136	64338	6	202	5	93
24521	910	64144	64137	64341	7	204	6	93
24521	911	64136	64130	64334	6	204	5	93
24521	912	64144	64137	64342	7	205	7	93
24521	913	64142	64136	64340	6	204	5	93
24521	914	64141	64133	64338	8	205	6	93
24521	915	64140	64134	64336	6	202	5	93
24521	916	64145	64138	64343	7	205	5	93
24521	917	64142	64135	64339	7	204	7	93
24521	918	64151	64133	64349	18	216	7	93
24521	919	64142	64135	64339	7	204	5	93
24521	920	64141	64135	64342	6	207	5	93
24521	921	64143	64137	64339	6	202	5	93
24521	922	64137	64128	64334	9	206	7	93
24521	923	64143	64134	64339	9	205	6	93
24521	924	64142	64136	64338	6	202	5	93
24521	925	64144	64135	64342	9	207	6	93
24521	926	64136	64128	64333	8	205	6	93
24521	927	64144	64136	64340	8	204	6	93
24521	928	64142	64134	64340	8	206	6	93
24521	929	64139	64132	64335	7	203	5	93
24521	930	64142	64135	64338	7	203	6	93
24521	931	64144	64137	64341	7	204	6	93
24521	932	64143	64135	64340	8	205	6	93
24521	933	64136	64129	64333	7	204	6	93
24521	934	64144	64135	64342	9	207	6	93
24521	935	64142	64135	64338	7	203	6	93
24521	936	64143	64137	64340	6	203	5	93
24521	937	64135	64129	64332	6	203	6	93
24521	938	64144	64136	64341	8	205	7	93
24521	939	64142	64134	64340	8	206	6	93
24521	940	64139	64132	64335	7	203	5	93
24521	941	64142	64135	64339	7	204	5	93
24521	942	64144	64138	64344	6	206	6	93
24521	943	64141	64134	64339	7	205	6	93
24521	944	64135	64129	64335	6	206	7	93
24521	945	64142	64133	64339	9	206	6	93
24521	946	64142	64135	64339	7	204	7	93
24521	947	64143	64134	64341	9	207	6	93
24521	948	64138	64131	64337	7	206	7	93
24521	949	64144	64136	64340	8	204	6	93
24521	950	64142	64133	64337	9	204	6	93
24521	951	64138	64131	64334	7	203	5	93
24521	952	64142	64136	64340	6	204	5	93
24521	953	64145	64137	64341	8	204	6	93
24521	954	64142	64134	64339	8	205	6	93
24521	955	64137	64130	64335	7	205	5	93
24521	956	64142	64134	64341	8	207	7	93
24521	957	64142	64135	64338	7	203	6	93
24521	958	64135	64129	64334	6	205	6	93
24521	959	64141	64134	64339	7	205	6	93
24521	960	64144	64136	64341	8	205	6	93
24521	961	64143	64136	64339	7	203	6	93
24521	962	64139	64130	64335	9	205	6	93
24521	963	64142	64135	64339	7	204	5	93
24521	964	64144	64137	64341	7	204	6	93
24521	965	64141	64134	64337	7	203	6	93
24521	966	64142	64133	64340	9	207	7	93
24521	967	64143	64135	64340	8	205	6	93
24521	968	64144	64137	64340	7	203	5	93
24521	969	64135	64130	64334	5	204	5	93
24521	970	64142	64135	64340	7	205	6	93
24521	971	64144	64137	64342	7	205	5	93
24521	972	64140	64135	64338	5	203	6	93
24521	973	64145	64136	64342	9	206	6	93
24521	974	64141	64135	64340	6	205	6	93
24521	975	64144	64137	64343	7	206	5	93
24521	976	64137	64130	64333	7	203	6	93
24521	977	64144	64135	64340	9	205	6	93
24521	978	64143	64136	64338	7	202	5	93
24521	979	64138	64131	64335	7	204	6	93
24521	980	64141	64135	64340	6	205	5	93
24521	981	64143	64136	64342	7	206	6	93
24521	982	64136	64129	64332	7	203	6	93
24521	983	64143	64134	64341	9	207	6	93
24521	984	64144	64136	64340	8	204	6	93
24521	985	64138	64130	64334	8	204	6	93
24521	986	64144	64136	64343	8	207	7	93
24521	987	64143	64136	64342	7	206	5	93
24521	988	64143	64136	64341	7	205	5	93
24521	989	64139	64133	64335	6	202	5	93
24521	990	64145	64138	64341	7	203	5	93
24521	991	64143	64136	64341	7	205	6	93
24521	992	64139	64129	64334	10	205	6	93
24521	993	64143	64137	64339	6	202	5	93
24521	994	64143	64136	64341	7	205	6	93
24521	995	64138	64131	64336	7	205	5	93
24521	996	64143	64137	64341	6	204	5	93
24521	997	64144	64137	64342	7	205	5	93
24521	998	64136	64129	64333	7	204	7	93
24521	999	64145	64137	64341	8	204	6	93
24521	1000	64143	64136	64340	7	204	7	93
