RUNID	ITERNUM	METIME	PRTIME	TPRTIME	DIFF	TDIFF	NRPROCS	NPROCS
24461	1	8016	8013	8209	3	196	4	92
24461	2	8020	8020	8219	0	199	3	92
24461	3	8014	8014	8208	0	194	2	92
24461	4	8022	8021	8218	1	197	3	92
24461	5	8017	8016	8213	1	197	3	92
24461	6	8021	8021	8218	0	197	3	92
24461	7	8021	8021	8218	0	197	3	92
24461	8	8016	8015	8210	1	195	3	92
24461	9	8020	8019	8214	1	195	3	92
24461	10	8016	8015	8210	1	195	3	92
24461	11	8022	8021	8216	1	195	3	92
24461	12	8016	8015	8212	1	197	3	92
24461	13	8022	8019	8219	3	200	3	92
24461	14	8019	8018	8213	1	195	3	92
24461	15	8018	8018	8215	0	197	3	92
24461	16	8022	8021	8217	1	196	4	92
24461	17	8016	8015	8210	1	195	3	92
24461	18	8022	8021	8216	1	195	3	92
24461	19	8016	8015	8210	1	195	3	92
24461	20	8022	8021	8216	1	195	3	92
24461	21	8014	8014	8208	0	194	2	92
24461	22	8020	8020	8216	0	196	2	92
24461	23	8020	8019	8214	1	195	3	92
24461	24	8020	8018	8215	2	197	3	92
24461	25	8022	8021	8216	1	195	3	92
24461	26	8016	8015	8210	1	195	3	92
24461	27	8022	8021	8216	1	195	3	92
24461	28	8014	8013	8208	1	195	3	92
24461	29	8022	8020	8218	2	198	4	92
24461	30	8016	8015	8212	1	197	3	92
24461	31	8022	8020	8216	2	196	4	92
24461	32	8021	8019	8216	2	197	3	92
24461	33	8019	8018	8213	1	195	3	92
24461	34	8020	8020	8214	0	194	2	92
24461	35	8016	8015	8212	1	197	3	92
24461	36	8021	8021	8218	0	197	3	92
24461	37	8016	8015	8212	1	197	3	92
24461	38	8022	8021	8216	1	195	3	92
24461	39	8016	8013	8212	3	199	4	92
24461	40	8020	8020	8216	0	196	2	92
24461	41	8020	8020	8214	0	194	2	92
24461	42	8019	8017	8214	2	197	3	92
24461	43	8022	8020	8218	2	198	4	92
24461	44	8016	8013	8209	3	196	4	92
24461	45	8022	8020	8216	2	196	4	92
24461	46	8016	8015	8210	1	195	3	92
24461	47	8020	8020	8214	0	194	2	92
24461	48	8015	8015	8212	0	197	3	92
24461	49	8022	8021	8218	1	197	3	92
24461	50	8022	8020	8215	2	195	3	92
24461	51	8017	8016	8214	1	198	4	92
24461	52	8022	8020	8216	2	196	4	92
24461	53	8014	8014	8208	0	194	2	92
24461	54	8022	8021	8218	1	197	3	92
24461	55	8016	8014	8211	2	197	3	92
24461	56	8022	8021	8218	1	197	3	92
24461	57	8016	8015	8210	1	195	3	92
24461	58	8022	8020	8216	2	196	4	92
24461	59	8020	8019	8216	1	197	3	92
24461	60	8015	8015	8209	0	194	2	92
24461	61	8022	8021	8216	1	195	3	92
24461	62	8016	8014	8210	2	196	4	92
24461	63	8022	8021	8216	1	195	3	92
24461	64	8016	8015	8212	1	197	3	92
24461	65	8022	8021	8216	1	195	3	92
24461	66	8014	8014	8208	0	194	2	92
24461	67	8022	8021	8216	1	195	3	92
24461	68	8022	8021	8218	1	197	3	92
24461	69	8015	8015	8212	0	197	3	92
24461	70	8022	8020	8217	2	197	3	92
24461	71	8016	8015	8212	1	197	3	92
24461	72	8020	8020	8216	0	196	2	92
24461	73	8016	8015	8212	1	197	3	92
24461	74	8022	8020	8218	2	198	3	92
24461	75	8016	8016	8211	0	195	3	92
24461	76	8022	8021	8216	1	195	3	92
24461	77	8022	8021	8216	1	195	3	92
24461	78	8014	8014	8212	0	198	2	92
24461	79	8019	8020	8216	-1	196	2	92
24461	80	8016	8014	8213	2	199	3	92
24461	81	8022	8020	8216	2	196	4	92
24461	82	8017	8014	8212	3	198	4	92
24461	83	8022	8021	8216	1	195	3	92
24461	84	8016	8016	8213	0	197	3	92
24461	85	8020	8020	8214	0	194	2	92
24461	86	8022	8021	8216	1	195	3	92
24461	87	8016	8015	8210	1	195	3	92
24461	88	8022	8020	8216	2	196	4	92
24461	89	8017	8014	8212	3	198	4	92
24461	90	8022	8020	8218	2	198	4	92
24461	91	8014	8013	8209	1	196	2	92
24461	92	8022	8021	8216	1	195	3	92
24461	93	8019	8017	8214	2	197	3	92
24461	94	8021	8020	8215	1	195	3	92
24461	95	8022	8021	8218	1	197	3	92
24461	96	8016	8015	8210	1	195	3	92
24461	97	8022	8021	8216	1	195	3	92
24461	98	8014	8012	8207	2	195	3	92
24461	99	8022	8021	8216	1	195	3	92
24461	100	8016	8015	8212	1	197	3	92
24461	101	8022	8022	8217	0	195	3	92
24461	102	8019	8019	8214	0	195	3	92
24461	103	8020	8018	8215	2	197	3	92
24461	104	8020	8019	8214	1	195	3	92
24461	105	8016	8014	8210	2	196	4	92
24461	106	8021	8021	8218	0	197	3	92
24461	107	8016	8014	8212	2	198	4	92
24461	108	8022	8021	8216	1	195	3	92
24461	109	8016	8015	8212	1	197	3	92
24461	110	8020	8020	8216	0	196	2	92
24461	111	8019	8018	8214	1	196	4	92
24461	112	8019	8017	8214	2	197	3	92
24461	113	8022	8021	8216	1	195	3	92
24461	114	8016	8014	8210	2	196	4	92
24461	115	8022	8021	8218	1	197	3	92
24461	116	8016	8015	8212	1	197	3	92
24461	117	8020	8020	8214	0	194	2	92
24461	118	8016	8015	8210	1	195	3	92
24461	119	8022	8021	8218	1	197	3	92
24461	120	8022	8021	8216	1	195	3	92
24461	121	8017	8016	8211	1	195	3	92
24461	122	8022	8021	8216	1	195	3	92
24461	123	8014	8012	8211	2	199	3	92
24461	124	8022	8021	8216	1	195	3	92
24461	125	8016	8014	8210	2	196	4	92
24461	126	8022	8021	8216	1	195	3	92
24461	127	8016	8014	8210	2	196	4	92
24461	128	8022	8020	8218	2	198	4	92
24461	129	8020	8020	8214	0	194	2	92
24461	130	8016	8015	8210	1	195	3	92
24461	131	8022	8021	8218	1	197	3	92
24461	132	8015	8015	8212	0	197	3	92
24461	133	8022	8019	8215	3	196	4	92
24461	134	8016	8014	8210	2	196	4	92
24461	135	8020	8019	8216	1	197	3	92
24461	136	8015	8014	8211	1	197	3	92
24461	137	8022	8021	8217	1	196	3	92
24461	138	8022	8021	8216	1	195	3	92
24461	139	8016	8014	8212	2	198	4	92
24461	140	8022	8020	8216	2	196	4	92
24461	141	8015	8014	8212	1	198	3	92
24461	142	8020	8020	8214	0	194	2	92
24461	143	8017	8015	8212	2	197	3	92
24461	144	8022	8021	8218	1	197	3	92
24461	145	8019	8018	8213	1	195	3	92
24461	146	8021	8020	8215	1	195	3	92
24461	147	8022	8021	8218	1	197	3	92
24461	148	8014	8013	8210	1	197	3	92
24461	149	8022	8020	8218	2	198	4	92
24461	150	8016	8015	8210	1	195	3	92
24461	151	8022	8021	8218	1	197	3	92
24461	152	8016	8014	8211	2	197	3	92
24461	153	8022	8021	8216	1	195	3	92
24461	154	8018	8018	8216	0	198	3	92
24461	155	8018	8016	8213	2	197	3	92
24461	156	8022	8020	8216	2	196	4	92
24461	157	8016	8015	8210	1	195	3	92
24461	158	8022	8021	8216	1	195	3	92
24461	159	8015	8015	8212	0	197	3	92
24461	160	8022	8021	8218	1	197	3	92
24461	161	8014	8015	8209	-1	194	2	92
24461	162	8022	8020	8216	2	196	3	92
24461	163	8021	8020	8218	1	198	4	92
24461	164	8018	8016	8213	2	197	3	92
24461	165	8022	8020	8216	2	196	4	92
24461	166	8016	8015	8212	1	197	3	92
24461	167	8020	8020	8214	0	194	2	92
24461	168	8016	8015	8210	1	195	3	92
24461	169	8022	8021	8216	1	195	3	92
24461	170	8017	8015	8210	2	195	3	92
24461	171	8022	8020	8216	2	196	4	92
24461	172	8022	8021	8216	1	195	3	92
24461	173	8016	8015	8210	1	195	3	92
24461	174	8020	8020	8214	0	194	2	92
24461	175	8016	8015	8210	1	195	3	92
24461	176	8021	8020	8218	1	198	4	92
24461	177	8016	8014	8212	2	198	4	92
24461	178	8022	8019	8218	3	199	4	92
24461	179	8016	8015	8213	1	198	4	92
24461	180	8021	8020	8216	1	196	2	92
24461	181	8022	8021	8216	1	195	3	92
24461	182	8017	8015	8239	2	224	5	93
24461	183	8022	8021	8216	1	195	3	92
24461	184	8016	8014	8209	2	195	3	92
24461	185	8021	8021	8218	0	197	3	92
24461	186	8014	8014	8208	0	194	2	92
24461	187	8020	8021	8216	-1	195	3	92
24461	188	8019	8018	8213	1	195	3	92
24461	189	8021	8021	8216	0	195	3	92
24461	190	8022	8020	8216	2	196	4	92
24461	191	8016	8015	8210	1	195	3	92
24461	192	8022	8021	8216	1	195	3	92
24461	193	8014	8014	8208	0	194	2	92
24461	194	8022	8021	8216	1	195	3	92
24461	195	8016	8014	8211	2	197	3	92
24461	196	8021	8021	8218	0	197	3	92
24461	197	8019	8018	8213	1	195	3	92
24461	198	8021	8019	8216	2	197	3	92
24461	199	8020	8020	8216	0	196	2	92
24461	200	8016	8015	8210	1	195	3	92
24461	201	8022	8021	8216	1	195	3	92
24461	202	8016	8015	8212	1	197	3	92
24461	203	8022	8021	8218	1	197	3	92
24461	204	8016	8014	8212	2	198	4	92
24461	205	8020	8020	8216	0	196	2	92
24461	206	8019	8018	8213	1	195	3	92
24461	207	8019	8017	8215	2	198	4	92
24461	208	8022	8021	8218	1	197	3	92
24461	209	8016	8014	8212	2	198	4	92
24461	210	8022	8021	8216	1	195	3	92
24461	211	8016	8015	8212	1	197	3	92
24461	212	8020	8020	8216	0	196	2	92
24461	213	8016	8015	8210	1	195	3	92
24461	214	8022	8020	8218	2	198	4	92
24461	215	8022	8020	8216	2	196	4	92
24461	216	8017	8014	8212	3	198	4	92
24461	217	8022	8020	8223	2	203	6	93
24461	218	8013	8013	8211	0	198	2	92
24461	219	8022	8021	8216	1	195	3	92
24461	220	8016	8015	8212	1	197	3	92
24461	221	8022	8020	8217	2	197	3	92
24461	222	8016	8015	8212	1	197	3	92
24461	223	8022	8021	8216	1	195	3	92
24461	224	8022	8020	8216	2	196	4	92
24461	225	8014	8013	8209	1	196	2	92
24461	226	8022	8021	8216	1	195	3	92
24461	227	8016	8015	8212	1	197	3	92
24461	228	8022	8021	8218	1	197	3	92
24461	229	8016	8016	8211	0	195	3	92
24461	230	8022	8021	8216	1	195	3	92
24461	231	8015	8014	8211	1	197	3	92
24461	232	8022	8020	8216	2	196	4	92
24461	233	8022	8021	8216	1	195	3	92
24461	234	8016	8015	8210	1	195	3	92
24461	235	8022	8021	8218	1	197	3	92
24461	236	8016	8014	8209	2	195	3	92
24461	237	8020	8020	8214	0	194	2	92
24461	238	8014	8014	8208	0	194	2	92
24461	239	8022	8020	8216	2	196	4	92
24461	240	8019	8018	8215	1	197	3	92
24461	241	8021	8019	8216	2	197	3	92
24461	242	8021	8021	8218	0	197	3	92
24461	243	8016	8015	8210	1	195	3	92
24461	244	8020	8020	8215	0	195	2	92
24461	245	8016	8015	8210	1	195	3	92
24461	246	8022	8020	8218	2	198	4	92
24461	247	8016	8015	8210	1	195	3	92
24461	248	8022	8021	8218	1	197	3	92
24461	249	8021	8020	8217	1	197	3	92
24461	250	8015	8016	8210	-1	194	2	92
24461	251	8022	8021	8218	1	197	3	92
24461	252	8016	8015	8215	1	200	5	93
24461	253	8022	8021	8216	1	195	3	92
24461	254	8015	8014	8210	1	196	4	92
24461	255	8022	8021	8216	1	195	3	92
24461	256	8015	8014	8210	1	196	2	92
24461	257	8020	8020	8214	0	194	2	92
24461	258	8022	8021	8216	1	195	3	92
24461	259	8016	8015	8210	1	195	3	92
24461	260	8021	8021	8218	0	197	3	92
24461	261	8016	8013	8209	3	196	4	92
24461	262	8022	8020	8216	2	196	4	92
24461	263	8014	8014	8210	0	196	2	92
24461	264	8022	8021	8216	1	195	3	92
24461	265	8021	8020	8217	1	197	3	92
24461	266	8019	8017	8214	2	197	3	92
24461	267	8022	8021	8218	1	197	3	92
24461	268	8016	8015	8210	1	195	3	92
24461	269	8020	8019	8214	1	195	3	92
24461	270	8016	8014	8210	2	196	4	92
24461	271	8022	8021	8216	1	195	3	92
24461	272	8017	8016	8211	1	195	3	92
24461	273	8022	8021	8216	1	195	3	92
24461	274	8022	8021	8216	1	195	3	92
24461	275	8014	8013	8210	1	197	3	92
24461	276	8020	8019	8216	1	197	3	92
24461	277	8016	8014	8210	2	196	4	92
24461	278	8022	8021	8216	1	195	3	92
24461	279	8016	8015	8210	1	195	3	92
24461	280	8022	8021	8216	1	195	3	92
24461	281	8021	8021	8216	0	195	3	92
24461	282	8016	8016	8210	0	194	2	92
24461	283	8022	8021	8218	1	197	3	92
24461	284	8016	8014	8210	2	196	4	92
24461	285	8022	8020	8216	2	196	4	92
24461	286	8016	8015	8210	1	195	3	92
24461	287	8022	8021	8227	1	206	5	93
24461	288	8015	8015	8209	0	194	2	92
24461	289	8022	8021	8216	1	195	3	92
24461	290	8022	8021	8216	1	195	3	92
24461	291	8015	8014	8212	1	198	4	92
24461	292	8022	8020	8219	2	199	3	92
24461	293	8016	8015	8210	1	195	3	92
24461	294	8022	8021	8216	1	195	3	92
24461	295	8014	8014	8208	0	194	2	92
24461	296	8022	8021	8216	1	195	3	92
24461	297	8021	8020	8217	1	197	3	92
24461	298	8018	8017	8212	1	195	3	92
24461	299	8022	8021	8216	1	195	3	92
24461	300	8015	8014	8212	1	198	4	92
24461	301	8021	8019	8216	2	197	3	92
24461	302	8016	8015	8210	1	195	3	92
24461	303	8022	8021	8216	1	195	3	92
24461	304	8017	8016	8211	1	195	3	92
24461	305	8022	8020	8217	2	197	4	92
24461	306	8022	8021	8216	1	195	3	92
24461	307	8015	8014	8210	1	196	2	92
24461	308	8020	8020	8214	0	194	2	92
24461	309	8015	8015	8210	0	195	3	92
24461	310	8022	8021	8218	1	197	3	92
24461	311	8016	8015	8210	1	195	3	92
24461	312	8022	8020	8216	2	196	4	92
24461	313	8022	8019	8217	3	198	4	92
24461	314	8016	8015	8211	1	196	3	92
24461	315	8022	8021	8216	1	195	3	92
24461	316	8016	8015	8210	1	195	3	92
24461	317	8022	8021	8216	1	195	3	92
24461	318	8016	8015	8212	1	197	3	92
24461	319	8022	8021	8218	1	197	3	92
24461	320	8015	8015	8209	0	194	2	92
24461	321	8022	8021	8218	1	197	3	92
24461	322	8023	8021	8218	2	197	3	92
24461	323	8016	8013	8211	3	198	4	92
24461	324	8022	8021	8216	1	195	3	92
24461	325	8016	8015	8212	1	197	3	92
24461	326	8022	8021	8216	1	195	3	92
24461	327	8014	8013	8208	1	195	3	92
24461	328	8022	8020	8218	2	198	4	92
24461	329	8022	8020	8218	2	198	4	92
24461	330	8017	8017	8214	0	197	3	92
24461	331	8021	8021	8218	0	197	3	92
24461	332	8016	8015	8210	1	195	3	92
24461	333	8020	8020	8216	0	196	2	92
24461	334	8016	8015	8212	1	197	3	92
24461	335	8022	8021	8218	1	197	3	92
24461	336	8017	8016	8211	1	195	3	92
24461	337	8022	8021	8216	1	195	3	92
24461	338	8022	8021	8218	1	197	3	92
24461	339	8014	8014	8208	0	194	2	92
24461	340	8022	8020	8218	2	198	4	92
24461	341	8016	8014	8210	2	196	4	92
24461	342	8022	8020	8216	2	196	4	92
24461	343	8016	8015	8211	1	196	4	92
24461	344	8022	8021	8216	1	195	3	92
24461	345	8022	8020	8217	2	197	3	92
24461	346	8014	8015	8209	-1	194	2	92
24461	347	8021	8021	8218	0	197	3	92
24461	348	8016	8015	8210	1	195	3	92
24461	349	8021	8021	8218	0	197	3	92
24461	350	8017	8015	8212	2	197	3	92
24461	351	8022	8021	8216	1	195	3	92
24461	352	8017	8016	8212	1	196	2	92
24461	353	8021	8020	8217	1	197	3	92
24461	354	8022	8021	8216	1	195	3	92
24461	355	8016	8016	8211	0	195	3	92
24461	356	8022	8020	8215	2	195	3	92
24461	357	8016	8014	8212	2	198	4	92
24461	358	8020	8019	8222	1	203	5	93
24461	359	8013	8014	8211	-1	197	3	92
24461	360	8022	8020	8215	2	195	3	92
24461	361	8022	8021	8216	1	195	3	92
24461	362	8017	8016	8211	1	195	3	92
24461	363	8022	8021	8218	1	197	3	92
24461	364	8016	8015	8210	1	195	3	92
24461	365	8020	8020	8214	0	194	2	92
24461	366	8016	8015	8212	1	197	3	92
24461	367	8022	8021	8216	1	195	3	92
24461	368	8019	8017	8214	2	197	3	92
24461	369	8021	8019	8215	2	196	4	92
24461	370	8021	8020	8218	1	198	4	92
24461	371	8013	8012	8209	1	197	3	92
24461	372	8022	8021	8216	1	195	3	92
24461	373	8016	8014	8210	2	196	4	92
24461	374	8023	8021	8218	2	197	3	92
24461	375	8016	8013	8211	3	198	4	92
24461	376	8022	8021	8218	1	197	3	92
24461	377	8020	8019	8215	1	196	2	92
24461	378	8013	8014	8208	-1	194	2	92
24461	379	8022	8021	8216	1	195	3	92
24461	380	8016	8014	8210	2	196	4	92
24461	381	8022	8020	8216	2	196	4	92
24461	382	8016	8015	8210	1	195	3	92
24461	383	8022	8021	8216	1	195	3	92
24461	384	8018	8018	8212	0	194	2	92
24461	385	8020	8018	8214	2	196	4	92
24461	386	8022	8021	8216	1	195	3	92
24461	387	8016	8014	8212	2	198	3	92
24461	388	8022	8020	8216	2	196	4	92
24461	389	8015	8015	8211	0	196	3	92
24461	390	8020	8020	8216	0	196	2	92
24461	391	8016	8015	8210	1	195	3	92
24461	392	8022	8021	8216	1	195	3	92
24461	393	8022	8021	8224	1	203	5	93
24461	394	8016	8015	8210	1	195	3	92
24461	395	8022	8021	8216	1	195	3	92
24461	396	8014	8013	8208	1	195	3	92
24461	397	8020	8019	8215	1	196	2	92
24461	398	8016	8015	8212	1	197	3	92
24461	399	8022	8021	8216	1	195	3	92
24461	400	8019	8017	8215	2	198	4	92
24461	401	8020	8019	8214	1	195	3	92
24461	402	8022	8021	8216	1	195	3	92
24461	403	8013	8014	8210	-1	196	2	92
24461	404	8022	8021	8216	1	195	3	92
24461	405	8016	8015	8210	1	195	3	92
24461	406	8022	8020	8217	2	197	3	92
24461	407	8016	8015	8210	1	195	3	92
24461	408	8022	8021	8218	1	197	3	92
24461	409	8020	8020	8214	0	194	2	92
24461	410	8016	8015	8212	1	197	3	92
24461	411	8022	8021	8216	1	195	3	92
24461	412	8016	8014	8212	2	198	4	92
24461	413	8022	8020	8216	2	196	4	92
24461	414	8016	8013	8209	3	196	4	92
24461	415	8020	8019	8218	1	199	3	92
24461	416	8018	8018	8212	0	194	2	92
24461	417	8020	8018	8215	2	197	3	92
24461	418	8022	8021	8217	1	196	3	92
24461	419	8016	8015	8210	1	195	3	92
24461	420	8022	8021	8216	1	195	3	92
24461	421	8016	8015	8210	1	195	3	92
24461	422	8020	8019	8216	1	197	3	92
24461	423	8016	8015	8212	1	197	3	92
24461	424	8022	8020	8216	2	196	4	92
24461	425	8022	8020	8218	2	198	4	92
24461	426	8016	8014	8210	2	196	4	92
24461	427	8022	8020	8216	2	196	4	92
24461	428	8015	8013	8221	2	208	5	93
24461	429	8022	8021	8218	1	197	3	92
24461	430	8016	8015	8210	1	195	3	92
24461	431	8022	8021	8216	1	195	3	92
24461	432	8020	8018	8214	2	196	4	92
24461	433	8019	8018	8213	1	195	3	92
24461	434	8022	8021	8216	1	195	3	92
24461	435	8014	8014	8208	0	194	2	92
24461	436	8022	8021	8216	1	195	3	92
24461	437	8016	8015	8212	1	197	3	92
24461	438	8022	8021	8218	1	197	3	92
24461	439	8016	8015	8210	1	195	3	92
24461	440	8022	8020	8216	2	196	4	92
24461	441	8020	8019	8214	1	195	3	92
24461	442	8016	8014	8210	2	196	4	92
24461	443	8022	8020	8218	2	198	4	92
24461	444	8015	8015	8212	0	197	3	92
24461	445	8022	8021	8218	1	197	3	92
24461	446	8016	8015	8210	1	195	3	92
24461	447	8019	8020	8216	-1	196	2	92
24461	448	8019	8018	8213	1	195	3	92
24461	449	8020	8018	8215	2	197	3	92
24461	450	8022	8021	8218	1	197	3	92
24461	451	8016	8015	8210	1	195	3	92
24461	452	8022	8021	8216	1	195	3	92
24461	453	8017	8015	8212	2	197	3	92
24461	454	8020	8019	8214	1	195	3	92
24461	455	8016	8015	8210	1	195	3	92
24461	456	8022	8020	8216	2	196	4	92
24461	457	8022	8020	8216	2	196	4	92
24461	458	8016	8015	8210	1	195	3	92
24461	459	8022	8021	8216	1	195	3	92
24461	460	8014	8014	8208	0	194	2	92
24461	461	8022	8019	8217	3	198	4	92
24461	462	8015	8014	8211	1	197	3	92
24461	463	8022	8020	8222	2	202	5	93
24461	464	8021	8020	8217	1	197	3	92
24461	465	8018	8017	8212	1	195	3	92
24461	466	8020	8019	8213	1	194	2	92
24461	467	8016	8014	8212	2	198	4	92
24461	468	8022	8020	8216	2	196	4	92
24461	469	8016	8014	8210	2	196	4	92
24461	470	8022	8020	8215	2	195	3	92
24461	471	8017	8016	8211	1	195	3	92
24461	472	8022	8021	8218	1	197	3	92
24461	473	8031	8020	8226	11	206	3	92
24461	474	8016	8014	8211	2	197	3	92
24461	475	8022	8021	8216	1	195	3	92
24461	476	8016	8014	8210	2	196	4	92
24461	477	8022	8021	8216	1	195	3	92
24461	478	8016	8013	8209	3	196	4	92
24461	479	8020	8021	8215	-1	194	2	92
24461	480	8022	8019	8217	3	198	4	92
24461	481	8017	8016	8213	1	197	3	92
24461	482	8022	8021	8216	1	195	3	92
24461	483	8016	8013	8211	3	198	4	92
24461	484	8022	8020	8218	2	198	4	92
24461	485	8014	8014	8208	0	194	2	92
24461	486	8020	8019	8216	1	197	3	92
24461	487	8016	8015	8210	1	195	3	92
24461	488	8022	8021	8218	1	197	3	92
24461	489	8022	8021	8218	1	197	3	92
24461	490	8016	8015	8212	1	197	3	92
24461	491	8022	8021	8218	1	197	3	92
24461	492	8014	8013	8208	1	195	3	92
24461	493	8022	8021	8216	1	195	3	92
24461	494	8016	8014	8213	2	199	3	92
24461	495	8021	8021	8218	0	197	3	92
24461	496	8021	8019	8216	2	197	3	92
24461	497	8018	8016	8214	2	198	4	92
24461	498	8020	8019	8219	1	200	5	93
24461	499	8015	8014	8210	1	196	4	92
24461	500	8022	8020	8218	2	198	4	92
24461	501	8016	8015	8210	1	195	3	92
24461	502	8022	8021	8216	1	195	3	92
24461	503	8020	8019	8214	1	195	3	92
24461	504	8018	8018	8212	0	194	2	92
24461	505	8020	8020	8216	0	196	2	92
24461	506	8016	8014	8210	2	196	4	92
24461	507	8022	8021	8216	1	195	3	92
24461	508	8016	8015	8212	1	197	3	92
24461	509	8022	8021	8216	1	195	3	92
24461	510	8017	8017	8214	0	197	3	92
24461	511	8020	8019	8215	1	196	2	92
24461	512	8022	8020	8218	2	198	4	92
24461	513	8016	8015	8210	1	195	3	92
24461	514	8022	8020	8216	2	196	4	92
24461	515	8016	8015	8210	1	195	3	92
24461	516	8021	8021	8218	0	197	3	92
24461	517	8014	8014	8210	0	196	2	92
24461	518	8022	8021	8216	1	195	3	92
24461	519	8022	8021	8218	1	197	3	92
24461	520	8016	8014	8210	2	196	4	92
24461	521	8023	8020	8218	3	198	4	92
24461	522	8016	8014	8210	2	196	4	92
24461	523	8020	8020	8214	0	194	2	92
24461	524	8013	8014	8210	-1	196	2	92
24461	525	8022	8021	8216	1	195	3	92
24461	526	8022	8020	8216	2	196	4	92
24461	527	8016	8014	8210	2	196	4	92
24461	528	8022	8020	8216	2	196	4	92
24461	529	8016	8014	8210	2	196	4	92
24461	530	8020	8020	8214	0	194	2	92
24461	531	8015	8015	8212	0	197	3	92
24461	532	8022	8021	8216	1	195	3	92
24461	533	8022	8021	8221	1	200	5	93
24461	534	8016	8015	8212	1	197	3	92
24461	535	8022	8021	8216	1	195	3	92
24461	536	8013	8014	8210	-1	196	2	92
24461	537	8022	8021	8216	1	195	3	92
24461	538	8016	8014	8211	2	197	3	92
24461	539	8022	8021	8216	1	195	3	92
24461	540	8020	8020	8217	0	197	3	92
24461	541	8019	8017	8213	2	196	4	92
24461	542	8020	8020	8214	0	194	2	92
24461	543	8014	8014	8210	0	196	2	92
24461	544	8022	8020	8217	2	197	3	92
24461	545	8016	8016	8211	0	195	3	92
24461	546	8022	8021	8216	1	195	3	92
24461	547	8018	8017	8214	1	197	3	92
24461	548	8021	8019	8215	2	196	4	92
24461	549	8019	8020	8216	-1	196	2	92
24461	550	8016	8015	8210	1	195	3	92
24461	551	8022	8021	8216	1	195	3	92
24461	552	8016	8015	8210	1	195	3	92
24461	553	8022	8021	8216	1	195	3	92
24461	554	8016	8014	8211	2	197	3	92
24461	555	8020	8020	8214	0	194	2	92
24461	556	8022	8019	8217	3	198	4	92
24461	557	8016	8015	8212	1	197	3	92
24461	558	8021	8020	8218	1	198	4	92
24461	559	8016	8014	8211	2	197	3	92
24461	560	8022	8021	8217	1	196	3	92
24461	561	8016	8014	8211	2	197	3	92
24461	562	8020	8019	8213	1	194	2	92
24461	563	8022	8021	8216	1	195	3	92
24461	564	8016	8015	8212	1	197	3	92
24461	565	8022	8021	8218	1	197	3	92
24461	566	8016	8014	8211	2	197	3	92
24461	567	8022	8021	8216	1	195	3	92
24461	568	8014	8013	8219	1	206	4	93
24461	569	8022	8021	8218	1	197	3	92
24461	570	8021	8019	8215	2	196	4	92
24461	571	8018	8016	8216	2	200	4	92
24461	572	8022	8021	8218	1	197	3	92
24461	573	8016	8014	8211	2	197	3	92
24461	574	8020	8020	8214	0	194	2	92
24461	575	8014	8014	8209	0	195	3	92
24461	576	8022	8021	8216	1	195	3	92
24461	577	8019	8018	8213	1	195	3	92
24461	578	8021	8019	8216	2	197	4	92
24461	579	8022	8021	8216	1	195	3	92
24461	580	8015	8014	8212	1	198	3	92
24461	581	8020	8019	8216	1	197	3	92
24461	582	8016	8014	8212	2	198	4	92
24461	583	8022	8020	8218	2	198	4	92
24461	584	8017	8015	8211	2	196	4	92
24461	585	8022	8021	8218	1	197	3	92
24461	586	8022	8020	8216	2	196	4	92
24461	587	8014	8014	8208	0	194	2	92
24461	588	8022	8021	8216	1	195	3	92
24461	589	8016	8015	8210	1	195	3	92
24461	590	8022	8021	8216	1	195	3	92
24461	591	8015	8015	8212	0	197	3	92
24461	592	8022	8020	8216	2	196	4	92
24461	593	8020	8019	8215	1	196	3	92
24461	594	8014	8013	8210	1	197	3	92
24461	595	8022	8021	8218	1	197	3	92
24461	596	8016	8015	8210	1	195	3	92
24461	597	8022	8020	8219	2	199	3	92
24461	598	8016	8015	8210	1	195	3	92
24461	599	8022	8021	8216	1	195	3	92
24461	600	8020	8020	8216	0	196	2	92
24461	601	8018	8015	8211	3	196	4	92
24461	602	8022	8021	8216	1	195	3	92
24461	603	8016	8015	8210	1	195	3	92
24461	604	8022	8021	8216	1	195	3	92
24461	605	8016	8015	8210	1	195	3	92
24461	606	8020	8019	8215	1	196	2	92
24461	607	8020	8019	8214	1	195	3	92
24461	608	8020	8018	8216	2	198	4	92
24461	609	8022	8020	8218	2	198	4	92
24461	610	8016	8014	8211	2	197	3	92
24461	611	8022	8021	8216	1	195	3	92
24461	612	8014	8014	8208	0	194	2	92
24461	613	8020	8019	8213	1	194	2	92
24461	614	8016	8016	8213	0	197	3	92
24461	615	8022	8022	8217	0	195	3	92
24461	616	8022	8020	8216	2	196	4	92
24461	617	8016	8014	8211	2	197	3	92
24461	618	8022	8021	8216	1	195	3	92
24461	619	8014	8015	8209	-1	194	2	92
24461	620	8022	8021	8216	1	195	3	92
24461	621	8016	8015	8210	1	195	3	92
24461	622	8022	8019	8217	3	198	4	92
24461	623	8021	8020	8218	1	198	4	92
24461	624	8016	8014	8210	2	196	4	92
24461	625	8020	8020	8215	0	195	2	92
24461	626	8016	8014	8209	2	195	3	92
24461	627	8022	8021	8216	1	195	3	92
24461	628	8016	8015	8210	1	195	3	92
24461	629	8022	8021	8218	1	197	3	92
24461	630	8020	8019	8217	1	198	4	92
24461	631	8019	8017	8216	2	199	3	92
24461	632	8020	8020	8214	0	194	2	92
24461	633	8016	8015	8210	1	195	3	92
24461	634	8022	8022	8217	0	195	3	92
24461	635	8016	8015	8210	1	195	3	92
24461	636	8022	8021	8216	1	195	3	92
24461	637	8018	8016	8212	2	196	4	92
24461	638	8019	8019	8214	0	195	3	92
24461	639	8022	8021	8216	1	195	3	92
24461	640	8016	8015	8210	1	195	3	92
24461	641	8022	8021	8216	1	195	3	92
24461	642	8016	8015	8210	1	195	3	92
24461	643	8021	8021	8218	0	197	3	92
24461	644	8014	8013	8208	1	195	3	92
24461	645	8022	8020	8217	2	197	3	92
24461	646	8022	8020	8216	2	196	4	92
24461	647	8016	8013	8211	3	198	4	92
24461	648	8022	8021	8218	1	197	3	92
24461	649	8016	8014	8212	2	198	4	92
24461	650	8022	8021	8218	1	197	3	92
24461	651	8014	8014	8210	0	196	2	92
24461	652	8022	8020	8216	2	196	4	92
24461	653	8022	8020	8216	2	196	4	92
24461	654	8016	8014	8209	2	195	4	92
24461	655	8022	8020	8217	2	197	3	92
24461	656	8016	8015	8210	1	195	3	92
24461	657	8020	8020	8216	0	196	2	92
24461	658	8016	8014	8211	2	197	3	92
24461	659	8022	8020	8217	2	197	3	92
24461	660	8020	8019	8214	1	195	3	92
24461	661	8020	8017	8215	3	198	4	92
24461	662	8022	8021	8218	1	197	3	92
24461	663	8014	8013	8211	1	198	2	92
24461	664	8020	8020	8216	0	196	2	92
24461	665	8016	8014	8209	2	195	3	92
24461	666	8022	8020	8217	2	197	3	92
24461	667	8016	8014	8210	2	196	4	92
24461	668	8021	8020	8218	1	198	4	92
24461	669	8022	8021	8216	1	195	3	92
24461	670	8014	8014	8208	0	194	2	92
24461	671	8022	8021	8216	1	195	3	92
24461	672	8016	8015	8210	1	195	3	92
24461	673	8021	8021	8218	0	197	3	92
24461	674	8016	8015	8210	1	195	3	92
24461	675	8022	8020	8217	2	197	3	92
24461	676	8020	8019	8214	1	195	3	92
24461	677	8014	8014	8210	0	196	2	92
24461	678	8023	8021	8218	2	197	3	92
24461	679	8016	8015	8212	1	197	3	92
24461	680	8022	8020	8216	2	196	4	92
24461	681	8016	8014	8212	2	198	4	92
24461	682	8022	8020	8216	2	196	4	92
24461	683	8017	8016	8213	1	197	3	92
24461	684	8020	8019	8214	1	195	3	92
24461	685	8022	8020	8218	2	198	4	92
24461	686	8016	8015	8210	1	195	3	92
24461	687	8022	8020	8216	2	196	4	92
24461	688	8016	8015	8210	1	195	3	92
24461	689	8020	8020	8216	0	196	2	92
24461	690	8014	8013	8210	1	197	3	92
24461	691	8022	8021	8218	1	197	3	92
24461	692	8022	8021	8218	1	197	3	92
24461	693	8016	8015	8212	1	197	3	92
24461	694	8022	8020	8217	2	197	3	92
24461	695	8016	8014	8212	2	198	4	92
24461	696	8019	8019	8216	0	197	3	92
24461	697	8016	8015	8212	1	197	3	92
24461	698	8022	8021	8216	1	195	3	92
24461	699	8021	8019	8214	2	195	3	92
24461	700	8019	8018	8213	1	195	3	92
24461	701	8022	8021	8216	1	195	3	92
24461	702	8013	8013	8209	0	196	2	92
24461	703	8019	8020	8216	-1	196	2	92
24461	704	8016	8015	8210	1	195	3	92
24461	705	8022	8021	8216	1	195	3	92
24461	706	8017	8015	8212	2	197	3	92
24461	707	8022	8021	8218	1	197	3	92
24461	708	8022	8021	8216	1	195	3	92
24461	709	8014	8014	8210	0	196	2	92
24461	710	8022	8020	8217	2	197	3	92
24461	711	8016	8015	8210	1	195	3	92
24461	712	8022	8021	8218	1	197	3	92
24461	713	8015	8015	8212	0	197	3	92
24461	714	8022	8021	8216	1	195	3	92
24461	715	8020	8020	8214	0	194	2	92
24461	716	8015	8015	8209	0	194	2	92
24461	717	8022	8019	8215	3	196	4	92
24461	718	8015	8014	8212	1	198	4	92
24461	719	8022	8021	8216	1	195	3	92
24461	720	8016	8013	8211	3	198	4	92
24461	721	8022	8021	8216	1	195	3	92
24461	722	8017	8017	8211	0	194	2	92
24461	723	8022	8020	8217	2	197	3	92
24461	724	8022	8021	8216	1	195	3	92
24461	725	8016	8014	8210	2	196	4	92
24461	726	8022	8019	8217	3	198	4	92
24461	727	8015	8015	8212	0	197	3	92
24461	728	8020	8020	8218	0	198	3	92
24461	729	8014	8014	8208	0	194	2	92
24461	730	8022	8021	8216	1	195	3	92
24461	731	8022	8021	8218	1	197	3	92
24461	732	8016	8013	8211	3	198	4	92
24461	733	8022	8019	8217	3	198	4	92
24461	734	8016	8015	8212	1	197	3	92
24461	735	8020	8020	8215	0	195	2	92
24461	736	8016	8015	8210	1	195	3	92
24461	737	8021	8020	8218	1	198	4	92
24461	738	8020	8019	8214	1	195	3	92
24461	739	8019	8018	8213	1	195	3	92
24461	740	8022	8021	8218	1	197	3	92
24461	741	8013	8013	8210	0	197	3	92
24461	742	8020	8020	8214	0	194	2	92
24461	743	8016	8015	8210	1	195	3	92
24461	744	8022	8021	8216	1	195	3	92
24461	745	8019	8018	8213	1	195	3	92
24461	746	8021	8020	8217	1	197	3	92
24461	747	8022	8020	8216	2	196	4	92
24461	748	8014	8013	8210	1	197	3	92
24461	749	8022	8021	8218	1	197	3	92
24461	750	8016	8014	8211	2	197	3	92
24461	751	8022	8021	8216	1	195	3	92
24461	752	8016	8015	8211	1	196	3	92
24461	753	8022	8021	8216	1	195	3	92
24461	754	8020	8019	8218	1	199	3	92
24461	755	8014	8013	8210	1	197	3	92
24461	756	8022	8022	8217	0	195	3	92
24461	757	8015	8014	8211	1	197	3	92
24461	758	8022	8020	8216	2	196	4	92
24461	759	8016	8015	8210	1	195	3	92
24461	760	8022	8021	8216	1	195	3	92
24461	761	8021	8020	8216	1	196	2	92
24461	762	8015	8014	8212	1	198	4	92
24461	763	8023	8021	8218	2	197	3	92
24461	764	8015	8014	8211	1	197	3	92
24461	765	8022	8020	8218	2	198	4	92
24461	766	8016	8014	8210	2	196	4	92
24461	767	8022	8020	8218	2	198	4	92
24461	768	8020	8020	8214	0	194	2	92
24461	769	8016	8014	8210	2	196	4	92
24461	770	8022	8021	8216	1	195	3	92
24461	771	8015	8014	8211	1	197	3	92
24461	772	8022	8021	8216	1	195	3	92
24461	773	8016	8015	8210	1	195	3	92
24461	774	8020	8020	8214	0	194	2	92
24461	775	8021	8020	8216	1	196	4	92
24461	776	8017	8017	8212	0	195	3	92
24461	777	8036	8023	8232	13	209	4	92
24461	778	8027	8016	8223	11	207	4	92
24461	779	8032	8021	8226	11	205	5	92
24461	780	8016	8014	8210	2	196	4	92
24461	781	8020	8019	8216	1	197	3	92
24461	782	8020	8019	8216	1	197	3	92
24461	783	8020	8018	8215	2	197	3	92
24461	784	8022	8021	8218	1	197	3	92
24461	785	8016	8015	8210	1	195	3	92
24461	786	8022	8020	8215	2	195	3	92
24461	787	8014	8014	8208	0	194	2	92
24461	788	8022	8021	8216	1	195	3	92
24461	789	8018	8017	8213	1	196	3	92
24461	790	8021	8020	8215	1	195	3	92
24461	791	8022	8020	8216	2	196	4	92
24461	792	8015	8014	8210	1	196	4	92
24461	793	8020	8019	8213	1	194	2	92
24461	794	8014	8014	8208	0	194	2	92
24461	795	8022	8021	8216	1	195	3	92
24461	796	8016	8014	8209	2	195	3	92
24461	797	8022	8021	8216	1	195	3	92
24461	798	8022	8020	8216	2	196	4	92
24461	799	8016	8015	8210	1	195	3	92
24461	800	8020	8020	8214	0	194	2	92
24461	801	8016	8015	8210	1	195	3	92
24461	802	8022	8020	8218	2	198	3	92
24461	803	8016	8014	8211	2	197	3	92
24461	804	8022	8020	8218	2	198	4	92
24461	805	8022	8020	8216	2	196	4	92
24461	806	8014	8014	8208	0	194	2	92
24461	807	8020	8019	8217	1	198	4	92
24461	808	8015	8015	8212	0	197	3	92
24461	809	8022	8021	8218	1	197	3	92
24461	810	8015	8015	8210	0	195	3	92
24461	811	8022	8020	8216	2	196	4	92
24461	812	8022	8020	8216	2	196	4	92
24461	813	8013	8014	8210	-1	196	2	92
24461	814	8022	8021	8216	1	195	3	92
24461	815	8016	8015	8210	1	195	3	92
24461	816	8022	8021	8216	1	195	3	92
24461	817	8016	8015	8210	1	195	3	92
24461	818	8022	8020	8216	2	196	4	92
24461	819	8019	8018	8215	1	197	3	92
24461	820	8018	8016	8212	2	196	4	92
24461	821	8022	8020	8215	2	195	3	92
24461	822	8016	8015	8210	1	195	3	92
24461	823	8022	8021	8216	1	195	3	92
24461	824	8016	8014	8211	2	197	3	92
24461	825	8021	8021	8218	0	197	3	92
24461	826	8017	8017	8211	0	194	2	92
24461	827	8020	8019	8215	1	196	3	92
24461	828	8022	8020	8216	2	196	4	92
24461	829	8015	8014	8211	1	197	3	92
24461	830	8022	8021	8216	1	195	3	92
24461	831	8016	8015	8210	1	195	3	92
24461	832	8020	8020	8216	0	196	2	92
24461	833	8015	8013	8211	2	198	4	92
24461	834	8022	8020	8216	2	196	4	92
24461	835	8022	8020	8218	2	198	4	92
24461	836	8016	8015	8210	1	195	3	92
24461	837	8022	8020	8215	2	195	3	92
24461	838	8016	8015	8210	1	195	3	92
24461	839	8020	8020	8214	0	194	2	92
24461	840	8016	8015	8210	1	195	3	92
24461	841	8023	8021	8218	2	197	3	92
24461	842	8022	8021	8216	1	195	3	92
24461	843	8016	8014	8211	2	197	3	92
24461	844	8022	8021	8216	1	195	3	92
24461	845	8013	8013	8209	0	196	2	92
24461	846	8020	8020	8214	0	194	2	92
24461	847	8016	8014	8210	2	196	4	92
24461	848	8022	8020	8216	2	196	4	92
24461	849	8021	8019	8217	2	198	4	92
24461	850	8018	8017	8214	1	197	3	92
24461	851	8022	8021	8216	1	195	3	92
24461	852	8013	8014	8210	-1	196	2	92
24461	853	8022	8020	8217	2	197	3	92
24461	854	8015	8015	8212	0	197	3	92
24461	855	8022	8021	8216	1	195	3	92
24461	856	8019	8018	8215	1	197	3	92
24461	857	8021	8019	8216	2	197	3	92
24461	858	8020	8020	8216	0	196	2	92
24461	859	8014	8014	8208	0	194	2	92
24461	860	8022	8021	8218	1	197	3	92
24461	861	8016	8015	8212	1	197	3	92
24461	862	8022	8020	8218	2	198	4	92
24461	863	8016	8014	8210	2	196	4	92
24461	864	8022	8020	8216	2	196	4	92
24461	865	8019	8019	8216	0	197	3	92
24461	866	8016	8015	8210	1	195	3	92
24461	867	8022	8021	8217	1	196	3	92
24461	868	8015	8015	8210	0	195	3	92
24461	869	8022	8021	8216	1	195	3	92
24461	870	8015	8015	8212	0	197	3	92
24461	871	8020	8020	8216	0	196	2	92
24461	872	8020	8020	8216	0	196	2	92
24461	873	8016	8015	8210	1	195	3	92
24461	874	8021	8021	8218	0	197	3	92
24461	875	8016	8015	8210	1	195	3	92
24461	876	8022	8020	8218	2	198	4	92
24461	877	8016	8014	8212	2	198	4	92
24461	878	8020	8020	8214	0	194	2	92
24461	879	8022	8020	8219	2	199	3	92
24461	880	8018	8016	8213	2	197	3	92
24461	881	8022	8021	8216	1	195	3	92
24461	882	8016	8015	8210	1	195	3	92
24461	883	8022	8021	8216	1	195	3	92
24461	884	8014	8013	8209	1	196	2	92
24461	885	8022	8021	8216	1	195	3	92
24461	886	8020	8019	8214	1	195	3	92
24461	887	8019	8019	8214	0	195	3	92
24461	888	8022	8020	8216	2	196	3	92
24461	889	8016	8015	8210	1	195	3	92
24461	890	8022	8021	8216	1	195	3	92
24461	891	8014	8014	8208	0	194	2	92
24461	892	8022	8020	8216	2	196	4	92
24461	893	8018	8017	8212	1	195	3	92
24461	894	8021	8019	8217	2	198	4	92
24461	895	8022	8021	8216	1	195	3	92
24461	896	8016	8015	8210	1	195	3	92
24461	897	8020	8020	8214	0	194	2	92
24461	898	8016	8015	8210	1	195	3	92
24461	899	8022	8021	8216	1	195	3	92
24461	900	8015	8015	8212	0	197	3	92
24461	901	8022	8021	8216	1	195	3	92
24461	902	8022	8021	8216	1	195	3	92
24461	903	8014	8013	8209	1	196	2	92
24461	904	8020	8020	8216	0	196	2	92
24461	905	8016	8014	8210	2	196	4	92
24461	906	8022	8019	8217	3	198	4	92
24461	907	8016	8013	8213	3	200	4	92
24461	908	8022	8021	8218	1	197	3	92
24461	909	8022	8021	8216	1	195	3	92
24461	910	8014	8014	8208	0	194	2	92
24461	911	8022	8021	8216	1	195	3	92
24461	912	8016	8015	8210	1	195	3	92
24461	913	8022	8022	8217	0	195	3	92
24461	914	8016	8015	8212	1	197	3	92
24461	915	8022	8021	8218	1	197	3	92
24461	916	8019	8020	8214	-1	194	2	92
24461	917	8018	8017	8212	1	195	3	92
24461	918	8022	8022	8217	0	195	3	92
24461	919	8016	8015	8210	1	195	3	92
24461	920	8022	8020	8216	2	196	4	92
24461	921	8016	8015	8210	1	195	3	92
24461	922	8022	8020	8216	2	196	4	92
24461	923	8017	8016	8213	1	197	3	92
24461	924	8019	8019	8214	0	195	3	92
24461	925	8022	8021	8216	1	195	3	92
24461	926	8016	8015	8212	1	197	3	92
24461	927	8022	8021	8216	1	195	3	92
24461	928	8016	8015	8210	1	195	3	92
24461	929	8020	8020	8216	0	196	2	92
24461	930	8017	8016	8211	1	195	3	92
24461	931	8022	8020	8215	2	195	3	92
24461	932	8022	8021	8216	1	195	3	92
24461	933	8016	8015	8212	1	197	3	92
24461	934	8022	8019	8217	3	198	4	92
24461	935	8016	8013	8209	3	196	4	92
24461	936	8020	8019	8214	1	195	3	92
24461	937	8016	8015	8210	1	195	3	92
24461	938	8022	8021	8216	1	195	3	92
24461	939	8022	8021	8218	1	197	3	92
24461	940	8017	8015	8211	2	196	3	92
24461	941	8022	8021	8216	1	195	3	92
24461	942	8014	8013	8209	1	196	2	92
24461	943	8022	8020	8215	2	195	3	92
24461	944	8016	8015	8210	1	195	3	92
24461	945	8022	8021	8217	1	196	3	92
24461	946	8019	8018	8215	1	197	3	92
24461	947	8020	8020	8217	0	197	3	92
24461	948	8022	8021	8216	1	195	3	92
24461	949	8014	8013	8208	1	195	3	92
24461	950	8022	8020	8216	2	196	4	92
24461	951	8016	8014	8210	2	196	4	92
24461	952	8022	8020	8216	2	196	4	92
24461	953	8016	8015	8210	1	195	3	92
24461	954	8022	8022	8217	0	195	3	92
24461	955	8019	8020	8216	-1	196	2	92
24461	956	8014	8014	8208	0	194	2	92
24461	957	8022	8020	8218	2	198	3	92
24461	958	8016	8015	8211	1	196	3	92
24461	959	8022	8020	8218	2	198	4	92
24461	960	8016	8015	8210	1	195	3	92
24461	961	8022	8021	8218	1	197	3	92
24461	962	8020	8020	8216	0	196	2	92
24461	963	8017	8016	8212	1	196	3	92
24461	964	8022	8021	8218	1	197	3	92
24461	965	8016	8013	8211	3	198	4	92
24461	966	8022	8020	8218	2	198	4	92
24461	967	8015	8014	8211	1	197	4	92
24461	968	8020	8020	8214	0	194	2	92
24461	969	8020	8019	8216	1	197	3	92
24461	970	8020	8019	8214	1	195	3	92
24461	971	8022	8021	8216	1	195	3	92
24461	972	8016	8014	8209	2	195	3	92
24461	973	8022	8020	8216	2	196	4	92
24461	974	8016	8014	8210	2	196	4	92
24461	975	8020	8020	8214	0	194	2	92
24461	976	8017	8016	8211	1	195	3	92
24461	977	8022	8021	8218	1	197	3	92
24461	978	8022	8021	8216	1	195	3	92
24461	979	8015	8015	8212	0	197	3	92
24461	980	8022	8020	8216	2	196	4	92
24461	981	8014	8014	8210	0	196	2	92
24461	982	8023	8021	8218	2	197	3	92
24461	983	8016	8015	8212	1	197	3	92
24461	984	8022	8021	8217	1	196	3	92
24461	985	8022	8021	8216	1	195	3	92
24461	986	8016	8015	8210	1	195	3	92
24461	987	8021	8021	8218	0	197	3	92
24461	988	8014	8014	8208	0	194	2	92
24461	989	8022	8021	8218	1	197	3	92
24461	990	8017	8016	8211	1	195	3	92
24461	991	8022	8021	8218	1	197	3	92
24461	992	8021	8021	8218	0	197	3	92
24461	993	8015	8014	8211	1	197	3	92
24461	994	8020	8020	8214	0	194	2	92
24461	995	8016	8014	8212	2	198	4	92
24461	996	8022	8020	8218	2	198	4	92
24461	997	8019	8018	8213	1	195	3	92
24461	998	8020	8020	8215	0	195	3	92
24461	999	8022	8021	8216	1	195	3	92
24461	1000	8015	8015	8210	0	195	3	92
