ALGRUNID	ITERNUM	U_TIME	S_TIME	PRTIME	ALL_U_TIME	ALL_S_TIME	ALL_MIN_FLT	ALL_MAJ_FLT	ALL_NIVCSW	ALL_NVCSW	ALL_CPU_COUNT	ALL_CPU_DELAY	ALL_BLKIO_COUNT	ALL_SWAPIN_COUNT	ALL_SWAPIN_DELAY	ALL_FREEPGS_COUNT	ALL_FREEPGS_DELAY	ALL_READ_BYTES	ALL_READ_CHAR	ALL_READ_SYSCALLS	ALL_WRITE_BYTES	ALL_WRITE_CHAR	ALL_WRITE_SYSCALLS
19100	1	160339	6	160345	193	30	1118	0	0	0	0	0	0	0	0	0	0	0	11480	23	53248	7	0
19100	2	160329	9	160338	195	23	1115	0	0	0	0	0	0	0	0	0	0	0	11480	20	20480	0	0
19100	3	160338	6	160344	195	23	1118	0	0	0	0	0	0	0	0	0	0	0	11480	23	20480	0	0
19100	4	160332	7	160339	197	23	1115	0	0	0	0	0	0	0	0	0	0	0	11480	20	36864	0	0
19100	5	160335	2	160337	193	26	1121	0	0	0	0	0	0	0	0	0	0	0	11480	23	20480	0	0
19100	6	160345	5	160350	187	31	1120	0	0	0	0	0	0	0	0	0	0	0	11480	20	20480	0	0
19100	7	160328	10	160338	195	24	1117	0	0	0	0	0	0	0	0	0	0	0	11480	23	20480	0	0
19100	8	160340	4	160344	195	23	1118	0	0	0	0	0	0	0	0	0	0	0	11480	20	20480	0	0
19100	9	160336	3	160339	193	26	1117	0	0	0	0	0	0	0	0	0	0	0	11480	23	20480	0	0
19100	10	160344	4	160348	193	25	1117	0	0	0	0	0	0	0	0	0	0	0	11480	23	20480	0	0
19100	11	160334	4	160338	195	20	1115	0	0	0	0	0	0	0	0	0	0	0	11480	20	20480	0	0
19100	12	160336	1	160337	197	19	1116	0	0	0	0	0	0	0	0	0	0	0	11480	23	20480	0	0
19100	13	160339	5	160344	193	25	1115	0	0	0	0	0	0	0	0	0	0	0	11480	20	20480	0	0
19100	14	160335	1	160336	193	26	1122	0	0	0	0	0	0	0	0	0	0	0	11480	23	20480	0	0
19100	15	160341	4	160345	199	20	1121	0	0	0	0	0	0	0	0	0	0	0	11480	20	40960	0	0
19100	16	160335	4	160339	197	23	1118	0	0	0	0	0	0	0	0	0	0	0	11480	23	20480	0	0
19100	17	160338	7	160345	197	23	1117	0	0	0	0	0	0	0	0	0	0	0	11480	20	20480	0	0
19100	18	160343	2	160345	196	22	1118	0	0	0	0	0	0	0	0	0	0	0	11480	23	36864	0	0
19100	19	160333	5	160338	196	21	1117	0	0	0	0	0	0	0	0	0	0	0	11480	20	20480	0	0
19100	20	160340	1	160341	193	27	1115	0	0	0	0	0	0	0	0	0	0	0	11480	23	20480	0	0
19100	21	160332	5	160337	195	23	1117	0	0	0	0	0	0	0	0	0	0	0	11480	20	20480	0	0
19100	22	160342	1	160343	193	23	1114	0	0	0	0	0	0	0	0	0	0	0	11480	23	20480	0	0
19100	23	160334	2	160336	198	23	1122	0	0	0	0	0	0	0	0	0	0	0	11480	20	24576	0	0
19100	24	160340	6	160346	195	24	1122	0	0	0	0	0	0	0	0	0	0	0	11480	23	57344	7	0
19100	25	160333	1	160334	195	22	1119	0	0	0	0	0	0	0	0	0	0	0	11480	23	24576	0	0
19100	26	160337	3	160340	190	32	1118	0	0	0	0	0	0	0	0	0	0	0	11480	20	20480	0	0
19100	27	160340	3	160343	193	22	1117	0	0	0	0	0	0	0	0	0	0	0	11480	23	20480	0	0
19100	28	160337	2	160339	197	25	1118	0	0	0	0	0	0	0	0	0	0	0	11480	20	20480	0	0
19100	29	160337	5	160342	193	22	1116	0	0	0	0	0	0	0	0	0	0	0	11480	23	24576	0	0
19100	30	160346	4	160350	195	20	1117	0	0	0	0	0	0	0	0	0	0	0	11480	20	20480	0	0
19100	31	160344	16	160360	226	34	9112	0	0	0	0	0	0	0	0	0	0	0	1674899	1254	28672	51872	0
19100	32	160336	3	160339	195	23	1120	0	0	0	0	0	0	0	0	0	0	0	11480	20	20480	0	0
19100	33	160340	1	160341	193	25	1121	0	0	0	0	0	0	0	0	0	0	0	11480	23	20480	0	0
19100	34	160338	3	160341	197	20	1117	0	0	0	0	0	0	0	0	0	0	0	11480	20	20480	0	0
19100	35	160340	2	160342	195	20	1117	0	0	0	0	0	0	0	0	0	0	0	11480	23	20480	0	0
19100	36	160332	4	160336	193	27	1117	0	0	0	0	0	0	0	0	0	0	0	11480	20	20480	0	0
19100	37	160339	3	160342	197	20	1116	0	0	0	0	0	0	0	0	0	0	0	11480	23	20480	0	0
19100	38	160336	5	160341	196	23	1115	0	0	0	0	0	0	0	0	0	0	0	11480	23	20480	0	0
19100	39	160340	5	160345	195	27	1117	0	0	0	0	0	0	0	0	0	0	0	11480	20	20480	0	0
19100	40	160338	4	160342	195	21	1115	0	0	0	0	0	0	0	0	0	0	0	11480	23	20480	0	0
19100	41	160332	4	160336	197	22	1120	0	0	0	0	0	0	0	0	0	0	0	11480	20	20480	0	0
19100	42	160340	3	160343	195	24	1121	0	0	0	0	0	0	0	0	0	0	0	11480	23	20480	0	0
19100	43	160341	4	160345	198	24	1117	0	0	0	0	0	0	0	0	0	0	0	11480	20	36864	0	0
19100	44	160340	7	160347	195	24	1116	0	0	0	0	0	0	0	0	0	0	0	11480	23	20480	0	0
19100	45	160338	4	160342	195	24	1117	0	0	0	0	0	0	0	0	0	0	0	11480	20	20480	0	0
19100	46	160336	6	160342	197	23	1118	0	0	0	0	0	0	0	0	0	0	0	11480	23	57344	7	0
19100	47	160342	5	160347	193	23	1114	0	0	0	0	0	0	0	0	0	0	0	11480	20	20480	0	0
19100	48	160341	8	160349	197	20	1117	0	0	0	0	0	0	0	0	0	0	0	11480	23	20480	0	0
19100	49	160339	7	160346	192	26	1115	0	0	0	0	0	0	0	0	0	0	0	11480	20	36864	0	0
19100	50	160335	4	160339	195	22	1120	0	0	0	0	0	0	0	0	0	0	0	11480	23	24576	0	0
19100	51	160336	4	160340	195	26	1121	0	0	0	0	0	0	0	0	0	0	0	11480	20	20480	0	0
19100	52	160338	6	160344	195	21	1117	0	0	0	0	0	0	0	0	0	0	0	11480	23	24576	0	0
19100	53	160337	5	160342	196	21	1116	0	0	0	0	0	0	0	0	0	0	0	11480	23	20480	0	0
19100	54	160331	9	160340	195	22	1117	0	0	0	0	0	0	0	0	0	0	0	11480	20	20480	0	0
19100	55	160339	4	160343	197	20	1116	0	0	0	0	0	0	0	0	0	0	0	11480	23	20480	0	0
19100	56	160338	4	160342	197	20	1115	0	0	0	0	0	0	0	0	0	0	0	11480	20	24576	0	0
19100	57	160339	3	160342	189	27	1116	0	0	0	0	0	0	0	0	0	0	0	11480	23	20480	0	0
19100	58	160334	3	160337	194	27	2232	0	0	0	0	0	0	0	0	0	0	0	22960	40	20480	0	0
19100	59	160336	6	160342	195	22	1121	0	0	0	0	0	0	0	0	0	0	0	11480	23	20480	0	0
19100	60	160340	2	160342	191	28	1120	0	0	0	0	0	0	0	0	0	0	0	11480	20	20480	0	0
19100	61	160339	3	160342	199	20	1117	0	0	0	0	0	0	0	0	0	0	0	11480	23	20480	0	0
19100	62	160338	5	160343	193	24	1116	0	0	0	0	0	0	0	0	0	0	0	11480	20	20480	0	0
19100	63	160336	0	160336	195	24	1117	0	0	0	0	0	0	0	0	0	0	0	11480	23	20480	0	0
19100	64	160340	3	160343	193	26	1117	0	0	0	0	0	0	0	0	0	0	0	11480	20	20480	0	0
19100	65	160338	8	160346	199	20	1114	0	0	0	0	0	0	0	0	0	0	0	11480	23	20480	0	0
19100	66	160340	3	160343	195	24	1117	0	0	0	0	0	0	0	0	0	0	0	11480	23	20480	0	0
19100	67	160333	6	160339	195	23	1115	0	0	0	0	0	0	0	0	0	0	0	11480	20	20480	0	0
19100	68	160340	3	160343	195	24	1121	0	0	0	0	0	0	0	0	0	0	0	11480	23	57344	7	0
19100	69	160341	2	160343	191	25	1122	0	0	0	0	0	0	0	0	0	0	0	11480	20	20480	0	0
19100	70	160332	4	160336	195	25	1117	0	0	0	0	0	0	0	0	0	0	0	11480	23	20480	0	0
19100	71	160340	4	160344	195	23	1117	0	0	0	0	0	0	0	0	0	0	0	11480	20	20480	0	0
19100	72	160343	5	160348	193	24	1116	0	0	0	0	0	0	0	0	0	0	0	11480	23	20480	0	0
19100	73	160334	5	160339	193	23	1117	0	0	0	0	0	0	0	0	0	0	0	11480	20	20480	0	0
19100	74	160343	3	160346	194	21	1118	0	0	0	0	0	0	0	0	0	0	0	11480	23	20480	0	0
19100	75	160336	6	160342	193	25	1117	0	0	0	0	0	0	0	0	0	0	0	11480	20	24576	0	0
19100	76	160334	7	160341	196	24	1115	0	0	0	0	0	0	0	0	0	0	0	11480	23	20480	0	0
19100	77	160338	3	160341	193	25	1119	0	0	0	0	0	0	0	0	0	0	0	11480	20	20480	0	0
19100	78	160337	5	160342	191	26	1120	0	0	0	0	0	0	0	0	0	0	0	11480	23	20480	0	0
19100	79	160339	6	160345	191	24	1117	0	0	0	0	0	0	0	0	0	0	0	11480	20	20480	0	0
19100	80	160342	3	160345	193	26	1116	0	0	0	0	0	0	0	0	0	0	0	11480	23	20480	0	0
19100	81	160345	5	160350	196	22	1117	0	0	0	0	0	0	0	0	0	0	0	11480	23	20480	0	0
19100	82	160339	2	160341	193	22	1117	0	0	0	0	0	0	0	0	0	0	0	11480	20	24576	0	0
19100	83	160337	2	160339	195	22	1117	0	0	0	0	0	0	0	0	0	0	0	11480	23	20480	0	0
19100	84	160339	4	160343	197	22	1117	0	0	0	0	0	0	0	0	0	0	0	11480	20	20480	0	0
19100	85	160334	4	160338	195	24	1115	0	0	0	0	0	0	0	0	0	0	0	11480	23	20480	0	0
19100	86	160341	3	160344	197	20	1121	0	0	0	0	0	0	0	0	0	0	0	11480	20	20480	0	0
19100	87	160339	2	160341	195	23	1119	0	0	0	0	0	0	0	0	0	0	0	11480	23	24576	0	0
19100	88	160332	4	160336	193	24	1117	0	0	0	0	0	0	0	0	0	0	0	11480	20	24576	0	0
19100	89	160338	8	160346	195	23	1117	0	0	0	0	0	0	0	0	0	0	0	11480	23	20480	0	0
19100	90	160336	9	160345	195	23	1117	0	0	0	0	0	0	0	0	0	0	0	11480	20	20480	0	0
19100	91	160336	7	160343	195	25	1118	0	0	0	0	0	0	0	0	0	0	0	11480	23	57344	7	0
19100	92	160334	6	160340	195	23	1115	0	0	0	0	0	0	0	0	0	0	0	11480	20	20480	0	0
19100	93	160332	4	160336	193	27	1116	0	0	0	0	0	0	0	0	0	0	0	11480	23	24576	0	0
19100	94	160343	4	160347	195	26	1115	0	0	0	0	0	0	0	0	0	0	0	11480	23	20480	0	0
19100	95	160342	3	160345	193	24	1121	0	0	0	0	0	0	0	0	0	0	0	11480	20	20480	0	0
19100	96	160342	3	160345	193	24	1121	0	0	0	0	0	0	0	0	0	0	0	11480	23	20480	0	0
19100	97	160337	3	160340	197	21	1117	0	0	0	0	0	0	0	0	0	0	0	11480	20	24576	0	0
19100	98	160336	5	160341	191	26	1116	0	0	0	0	0	0	0	0	0	0	0	11480	23	20480	0	0
19100	99	160336	4	160340	197	21	1116	0	0	0	0	0	0	0	0	0	0	0	11480	20	20480	0	0
19100	100	160337	3	160340	189	28	1116	0	0	0	0	0	0	0	0	0	0	0	11480	23	20480	0	0
19100	101	160340	2	160342	198	21	1117	0	0	0	0	0	0	0	0	0	0	0	11480	20	20480	0	0
19100	102	160339	2	160341	195	21	1117	0	0	0	0	0	0	0	0	0	0	0	11480	23	20480	0	0
19100	103	160336	3	160339	193	21	1115	0	0	0	0	0	0	0	0	0	0	0	11480	20	20480	0	0
19100	104	160345	3	160348	195	22	1120	0	0	0	0	0	0	0	0	0	0	0	11480	23	20480	0	0
19100	105	160343	1	160344	195	19	1120	0	0	0	0	0	0	0	0	0	0	0	11480	20	24576	0	0
19100	106	160336	1	160337	197	17	1116	0	0	0	0	0	0	0	0	0	0	0	11480	23	24576	0	0
19100	107	160337	5	160342	195	21	1117	0	0	0	0	0	0	0	0	0	0	0	11480	20	20480	0	0
19100	108	160339	4	160343	197	20	1116	0	0	0	0	0	0	0	0	0	0	0	11480	23	20480	0	0
19100	109	160340	8	160348	195	19	1116	0	0	0	0	0	0	0	0	0	0	0	11480	23	20480	0	0
19100	110	160326	9	160335	191	29	1115	0	0	0	0	0	0	0	0	0	0	0	11480	20	20480	0	0
19100	111	160340	1	160341	197	20	1116	0	0	0	0	0	0	0	0	0	0	0	11480	23	20480	0	0
19100	112	160343	5	160348	197	22	1115	0	0	0	0	0	0	0	0	0	0	0	11480	20	20480	0	0
19100	113	160337	4	160341	198	21	1121	0	0	0	0	0	0	0	0	0	0	0	11480	23	57344	7	0
19100	114	160341	4	160345	195	22	1121	0	0	0	0	0	0	0	0	0	0	0	11480	20	20480	0	0
19100	115	160340	1	160341	197	22	1116	0	0	0	0	0	0	0	0	0	0	0	11480	23	20480	0	0
19100	116	160332	5	160337	191	25	1116	0	0	0	0	0	0	0	0	0	0	0	11480	20	20480	0	0
19100	117	160341	3	160344	197	21	1117	0	0	0	0	0	0	0	0	0	0	0	11480	23	20480	0	0
19100	118	160339	1	160340	195	24	1117	0	0	0	0	0	0	0	0	0	0	0	11480	20	20480	0	0
19100	119	160336	7	160343	195	23	1114	0	0	0	0	0	0	0	0	0	0	0	11480	23	20480	0	0
19100	120	160333	3	160336	195	22	1117	0	0	0	0	0	0	0	0	0	0	0	11480	20	24576	0	0
19100	121	160340	3	160343	193	24	1115	0	0	0	0	0	0	0	0	0	0	0	11480	23	24576	0	0
19100	122	160341	2	160343	198	21	1121	0	0	0	0	0	0	0	0	0	0	0	11480	23	20480	0	0
19100	123	160339	1	160340	196	23	1120	0	0	0	0	0	0	0	0	0	0	0	11480	20	20480	0	0
19100	124	160337	4	160341	191	28	1116	0	0	0	0	0	0	0	0	0	0	0	11480	23	20480	0	0
19100	125	160338	5	160343	195	25	1117	0	0	0	0	0	0	0	0	0	0	0	11480	20	20480	0	0
19100	126	160341	3	160344	193	22	1118	0	0	0	0	0	0	0	0	0	0	0	11480	23	20480	0	0
19100	127	160337	3	160340	187	31	1118	0	0	0	0	0	0	0	0	0	0	0	11480	20	20480	0	0
19100	128	160337	4	160341	193	26	1114	0	0	0	0	0	0	0	0	0	0	0	11480	23	20480	0	0
19100	129	160336	6	160342	195	23	1117	0	0	0	0	0	0	0	0	0	0	0	11480	20	20480	0	0
19100	130	160338	2	160340	191	27	1114	0	0	0	0	0	0	0	0	0	0	0	11480	23	20480	0	0
19100	131	160336	8	160344	195	23	1121	0	0	0	0	0	0	0	0	0	0	0	11480	20	20480	0	0
19100	132	160339	8	160347	193	25	1120	0	0	0	0	0	0	0	0	0	0	0	11480	23	20480	0	0
19100	133	160335	4	160339	199	21	1116	0	0	0	0	0	0	0	0	0	0	0	11480	20	20480	0	0
19100	134	160334	7	160341	197	22	1116	0	0	0	0	0	0	0	0	0	0	0	11480	23	20480	0	0
19100	135	160334	2	160336	192	25	1117	0	0	0	0	0	0	0	0	0	0	0	11480	20	20480	0	0
19100	136	160336	8	160344	191	29	1118	0	0	0	0	0	0	0	0	0	0	0	11480	23	57344	7	0
19100	137	160338	3	160341	189	29	1115	0	0	0	0	0	0	0	0	0	0	0	11480	23	20480	0	0
19100	138	160341	3	160344	197	18	1116	0	0	0	0	0	0	0	0	0	0	0	11480	20	24576	0	0
19100	139	160335	3	160338	193	25	1114	0	0	0	0	0	0	0	0	0	0	0	11480	23	20480	0	0
19100	140	160339	2	160341	195	21	1121	0	0	0	0	0	0	0	0	0	0	0	11480	20	24576	0	0
19100	141	160334	5	160339	197	23	1120	0	0	0	0	0	0	0	0	0	0	0	11480	23	24576	0	0
19100	142	160342	1	160343	195	22	1117	0	0	0	0	0	0	0	0	0	0	0	11480	20	20480	0	0
19100	143	160332	3	160335	191	29	1117	0	0	0	0	0	0	0	0	0	0	0	11480	23	20480	0	0
19100	144	160336	5	160341	194	26	1118	0	0	0	0	0	0	0	0	0	0	0	11480	20	20480	0	0
19100	145	160339	3	160342	193	25	1116	0	0	0	0	0	0	0	0	0	0	0	11480	23	20480	0	0
19100	146	160337	6	160343	193	22	1114	0	0	0	0	0	0	0	0	0	0	0	11480	20	20480	0	0
19100	147	160343	2	160345	193	21	1117	0	0	0	0	0	0	0	0	0	0	0	11480	23	20480	0	0
19100	148	160332	1	160333	193	24	1115	0	0	0	0	0	0	0	0	0	0	0	11480	20	20480	0	0
19100	149	160337	2	160339	195	23	1121	0	0	0	0	0	0	0	0	0	0	0	11480	23	20480	0	0
19100	150	160337	6	160343	193	23	1120	0	0	0	0	0	0	0	0	0	0	0	11480	23	20480	0	0
19100	151	160341	2	160343	197	22	1116	0	0	0	0	0	0	0	0	0	0	0	11480	20	20480	0	0
19100	152	160334	4	160338	197	25	1117	0	0	0	0	0	0	0	0	0	0	0	11480	23	20480	0	0
19100	153	160332	5	160337	197	19	1116	0	0	0	0	0	0	0	0	0	0	0	11480	20	24576	0	0
19100	154	160337	6	160343	191	28	1116	0	0	0	0	0	0	0	0	0	0	0	11480	23	20480	0	0
19100	155	160338	2	160340	197	22	1115	0	0	0	0	0	0	0	0	0	0	0	11480	20	20480	0	0
19100	156	160340	2	160342	197	20	1117	0	0	0	0	0	0	0	0	0	0	0	11480	23	20480	0	0
19100	157	160341	5	160346	195	24	1115	0	0	0	0	0	0	0	0	0	0	0	11480	20	20480	0	0
19100	158	160344	2	160346	195	26	1121	0	0	0	0	0	0	0	0	0	0	0	11480	23	57344	7	0
19100	159	160336	2	160338	191	25	1120	0	0	0	0	0	0	0	0	0	0	0	11480	20	20480	0	0
19100	160	160335	3	160338	195	26	1116	0	0	0	0	0	0	0	0	0	0	0	11480	23	20480	0	0
19100	161	160335	6	160341	197	21	1117	0	0	0	0	0	0	0	0	0	0	0	11480	20	20480	0	0
19100	162	160340	1	160341	195	22	1116	0	0	0	0	0	0	0	0	0	0	0	11480	23	20480	0	0
19100	163	160334	6	160340	195	23	1117	0	0	0	0	0	0	0	0	0	0	0	11480	20	20480	0	0
19100	164	160335	1	160336	195	24	1115	0	0	0	0	0	0	0	0	0	0	0	11480	23	20480	0	0
19100	165	160341	0	160341	195	25	1118	0	0	0	0	0	0	0	0	0	0	0	11480	23	20480	0	0
19100	166	160337	4	160341	197	20	1115	0	0	0	0	0	0	0	0	0	0	0	11480	20	20480	0	0
19100	167	160339	2	160341	195	24	1120	0	0	0	0	0	0	0	0	0	0	0	11480	23	20480	0	0
19100	168	160337	10	160347	197	21	1120	0	0	0	0	0	0	0	0	0	0	0	11480	20	20480	0	0
19100	169	160336	3	160339	197	22	1116	0	0	0	0	0	0	0	0	0	0	0	11480	23	24576	0	0
19100	170	160339	2	160341	193	26	1116	0	0	0	0	0	0	0	0	0	0	0	11480	20	20480	0	0
19100	171	160335	8	160343	195	22	1117	0	0	0	0	0	0	0	0	0	0	0	11480	23	40960	0	0
19100	172	160331	5	160336	197	20	1117	0	0	0	0	0	0	0	0	0	0	0	11480	20	20480	0	0
19100	173	160341	7	160348	193	25	1115	0	0	0	0	0	0	0	0	0	0	0	11480	23	20480	0	0
19100	174	160342	5	160347	189	29	1116	0	0	0	0	0	0	0	0	0	0	0	11480	20	20480	0	0
19100	175	160338	7	160345	195	24	1115	0	0	0	0	0	0	0	0	0	0	0	11480	23	20480	0	0
19100	176	160334	7	160341	193	26	1121	0	0	0	0	0	0	0	0	0	0	0	11480	20	20480	0	0
19100	177	160344	5	160349	193	23	1120	0	0	0	0	0	0	0	0	0	0	0	11480	23	20480	0	0
19100	178	160339	1	160340	197	21	1116	0	0	0	0	0	0	0	0	0	0	0	11480	23	20480	0	0
19100	179	160336	1	160337	191	27	1116	0	0	0	0	0	0	0	0	0	0	0	11480	20	20480	0	0
19100	180	160338	3	160341	197	22	1117	0	0	0	0	0	0	0	0	0	0	0	11480	23	57344	7	0
19100	181	160338	9	160347	193	24	1116	0	0	0	0	0	0	0	0	0	0	0	11480	20	20480	0	0
19100	182	160338	4	160342	196	21	1115	0	0	0	0	0	0	0	0	0	0	0	11480	23	20480	0	0
19100	183	160340	4	160344	195	21	1117	0	0	0	0	0	0	0	0	0	0	0	11480	20	20480	0	0
19100	184	160331	5	160336	193	26	1114	0	0	0	0	0	0	0	0	0	0	0	11480	23	20480	0	0
19100	185	160340	3	160343	197	23	1120	0	0	0	0	0	0	0	0	0	0	0	11480	20	20480	0	0
19100	186	160332	4	160336	193	23	1121	0	0	0	0	0	0	0	0	0	0	0	11480	23	20480	0	0
19100	187	160340	7	160347	193	25	1117	0	0	0	0	0	0	0	0	0	0	0	11480	20	20480	0	0
19100	188	160334	3	160337	197	19	1117	0	0	0	0	0	0	0	0	0	0	0	11480	23	24576	0	0
19100	189	160337	5	160342	193	23	1116	0	0	0	0	0	0	0	0	0	0	0	11480	20	24576	0	0
19100	190	160332	4	160336	195	23	1116	0	0	0	0	0	0	0	0	0	0	0	11480	23	20480	0	0
19100	191	160338	4	160342	191	24	1114	0	0	0	0	0	0	0	0	0	0	0	11480	20	24576	0	0
19100	192	160333	3	160336	193	23	1117	0	0	0	0	0	0	0	0	0	0	0	11480	23	24576	0	0
19100	193	160342	2	160344	193	23	1115	0	0	0	0	0	0	0	0	0	0	0	11480	23	20480	0	0
19100	194	160327	8	160335	197	25	1120	0	0	0	0	0	0	0	0	0	0	0	11480	20	20480	0	0
19100	195	160338	4	160342	197	21	1121	0	0	0	0	0	0	0	0	0	0	0	11480	23	20480	0	0
19100	196	160333	8	160341	195	23	1116	0	0	0	0	0	0	0	0	0	0	0	11480	20	20480	0	0
19100	197	160340	3	160343	193	25	1116	0	0	0	0	0	0	0	0	0	0	0	11480	23	20480	0	0
19100	198	160338	6	160344	195	22	1117	0	0	0	0	0	0	0	0	0	0	0	11480	20	20480	0	0
19100	199	160336	1	160337	193	27	1116	0	0	0	0	0	0	0	0	0	0	0	11480	23	20480	0	0
19100	200	160332	6	160338	193	24	1115	0	0	0	0	0	0	0	0	0	0	0	11480	20	20480	0	0
19100	201	160341	1	160342	191	26	1116	0	0	0	0	0	0	0	0	0	0	0	11480	23	20480	0	0
19100	202	160337	3	160340	195	21	1114	0	0	0	0	0	0	0	0	0	0	0	11480	20	20480	0	0
19100	203	160342	8	160350	195	23	1121	0	0	0	0	0	0	0	0	0	0	0	11480	23	57344	7	0
19100	204	160333	4	160337	197	18	1122	0	0	0	0	0	0	0	0	0	0	0	11480	20	20480	0	0
19100	205	160339	3	160342	195	21	1116	0	0	0	0	0	0	0	0	0	0	0	11480	23	24576	0	0
19100	206	160331	5	160336	198	20	1117	0	0	0	0	0	0	0	0	0	0	0	11480	23	20480	0	0
19100	207	160342	2	160344	191	25	1117	0	0	0	0	0	0	0	0	0	0	0	11480	20	24576	0	0
19100	208	160330	4	160334	191	29	1116	0	0	0	0	0	0	0	0	0	0	0	11480	23	20480	0	0
19100	209	160338	4	160342	191	26	1115	0	0	0	0	0	0	0	0	0	0	0	11480	20	20480	0	0
19100	210	160333	2	160335	195	23	1117	0	0	0	0	0	0	0	0	0	0	0	11480	23	24576	0	0
19100	211	160339	3	160342	195	21	1114	0	0	0	0	0	0	0	0	0	0	0	11480	20	24576	0	0
19100	212	160332	10	160342	193	26	1121	0	0	0	0	0	0	0	0	0	0	0	11480	23	20480	0	0
19100	213	160342	1	160343	197	20	1121	0	0	0	0	0	0	0	0	0	0	0	11480	20	20480	0	0
19100	214	160329	4	160333	195	23	1117	0	0	0	0	0	0	0	0	0	0	0	11480	23	20480	0	0
19100	215	160338	4	160342	191	25	1117	0	0	0	0	0	0	0	0	0	0	0	11480	20	24576	0	0
19100	216	160332	3	160335	197	22	1116	0	0	0	0	0	0	0	0	0	0	0	11480	23	24576	0	0
19100	217	160343	3	160346	193	24	1116	0	0	0	0	0	0	0	0	0	0	0	11480	20	36864	0	0
19100	218	160330	5	160335	195	23	1115	0	0	0	0	0	0	0	0	0	0	0	11480	23	20480	0	0
19100	219	160340	6	160346	197	23	1118	0	0	0	0	0	0	0	0	0	0	0	11480	20	20480	0	0
19100	220	160338	2	160340	197	20	1115	0	0	0	0	0	0	0	0	0	0	0	11480	23	20480	0	0
19100	221	160337	4	160341	193	24	1121	0	0	0	0	0	0	0	0	0	0	0	11480	23	20480	0	0
19100	222	160333	3	160336	197	22	1121	0	0	0	0	0	0	0	0	0	0	0	11480	20	40960	0	0
19100	223	160340	9	160349	198	17	1117	0	0	0	0	0	0	0	0	0	0	0	11480	23	20480	0	0
19100	224	160331	4	160335	197	24	1117	0	0	0	0	0	0	0	0	0	0	0	11480	20	20480	0	0
19100	225	160339	4	160343	198	22	1118	0	0	0	0	0	0	0	0	0	0	0	11480	23	57344	7	0
19100	226	160336	1	160337	193	23	1117	0	0	0	0	0	0	0	0	0	0	0	11480	20	20480	0	0
19100	227	160340	3	160343	197	21	1115	0	0	0	0	0	0	0	0	0	0	0	11480	23	20480	0	0
19100	228	160332	4	160336	193	24	1117	0	0	0	0	0	0	0	0	0	0	0	11480	20	20480	0	0
19100	229	160342	5	160347	197	22	1114	0	0	0	0	0	0	0	0	0	0	0	11480	23	20480	0	0
19100	230	160337	5	160342	191	26	1120	0	0	0	0	0	0	0	0	0	0	0	11480	20	20480	0	0
19100	231	160340	2	160342	192	27	1121	0	0	0	0	0	0	0	0	0	0	0	11480	23	20480	0	0
19100	232	160345	3	160348	195	20	1116	0	0	0	0	0	0	0	0	0	0	0	11480	20	20480	0	0
19100	233	160332	5	160337	197	21	1116	0	0	0	0	0	0	0	0	0	0	0	11480	23	20480	0	0
19100	234	160336	12	160348	195	23	1117	0	0	0	0	0	0	0	0	0	0	0	11480	23	20480	0	0
19100	235	160336	2	160338	195	21	1116	0	0	0	0	0	0	0	0	0	0	0	11480	20	24576	0	0
19100	236	160338	10	160348	197	23	1114	0	0	0	0	0	0	0	0	0	0	0	11480	23	20480	0	0
19100	237	160335	11	160346	193	24	1116	0	0	0	0	0	0	0	0	0	0	0	11480	20	20480	0	0
19100	238	160338	4	160342	191	27	1114	0	0	0	0	0	0	0	0	0	0	0	11480	23	20480	0	0
19100	239	160343	6	160349	193	22	1120	0	0	0	0	0	0	0	0	0	0	0	11480	20	20480	0	0
19100	240	160332	6	160338	193	25	1120	0	0	0	0	0	0	0	0	0	0	0	11480	23	20480	0	0
19100	241	160341	4	160345	195	23	1117	0	0	0	0	0	0	0	0	0	0	0	11480	20	20480	0	0
19100	242	160345	4	160349	197	19	1116	0	0	0	0	0	0	0	0	0	0	0	11480	23	20480	0	0
19100	243	160335	6	160341	193	27	1118	0	0	0	0	0	0	0	0	0	0	0	11480	20	20480	0	0
19100	244	160340	3	160343	193	23	1116	0	0	0	0	0	0	0	0	0	0	0	11480	23	20480	0	0
19100	245	160339	4	160343	197	19	1117	0	0	0	0	0	0	0	0	0	0	0	11480	20	20480	0	0
19100	246	160333	3	160336	190	28	1117	0	0	0	0	0	0	0	0	0	0	0	11480	23	20480	0	0
19100	247	160339	7	160346	199	18	1114	0	0	0	0	0	0	0	0	0	0	0	11480	20	20480	0	0
19100	248	160337	6	160343	195	25	1121	0	0	0	0	0	0	0	0	0	0	0	11480	23	57344	7	0
19100	249	160343	3	160346	199	20	1118	0	0	0	0	0	0	0	0	0	0	0	11480	23	20480	0	0
19100	250	160338	4	160342	193	25	1117	0	0	0	0	0	0	0	0	0	0	0	11480	20	20480	0	0
19100	251	160332	3	160335	193	27	1116	0	0	0	0	0	0	0	0	0	0	0	11480	23	24576	0	0
19100	252	160336	6	160342	197	20	1117	0	0	0	0	0	0	0	0	0	0	0	11480	20	24576	0	0
19100	253	160338	4	160342	197	19	1116	0	0	0	0	0	0	0	0	0	0	0	11480	23	24576	0	0
19100	254	160326	8	160334	195	25	1114	0	0	0	0	0	0	0	0	0	0	0	11480	20	24576	0	0
19100	255	160342	1	160343	197	21	1115	0	0	0	0	0	0	0	0	0	0	0	11480	23	20480	0	0
19100	256	160335	7	160342	191	26	1114	0	0	0	0	0	0	0	0	0	0	0	11480	20	20480	0	0
19100	257	160330	8	160338	191	28	1115	0	0	0	0	0	0	0	0	0	0	0	11480	23	20480	0	0
19100	258	160340	3	160343	197	20	1115	0	0	0	0	0	0	0	0	0	0	0	11480	20	20480	0	0
19100	259	160337	3	160340	195	23	1116	0	0	0	0	0	0	0	0	0	0	0	11480	23	24576	0	0
19100	260	160334	4	160338	197	19	1116	0	0	0	0	0	0	0	0	0	0	0	11480	20	40960	0	0
19100	261	160340	4	160344	197	20	1114	0	0	0	0	0	0	0	0	0	0	0	11480	23	20480	0	0
19100	262	160339	5	160344	195	25	1118	0	0	0	0	0	0	0	0	0	0	0	11571	26	24576	0	0
19100	263	160333	2	160335	193	25	1115	0	0	0	0	0	0	0	0	0	0	0	11480	20	24576	0	0
19100	264	160338	4	160342	197	22	1117	0	0	0	0	0	0	0	0	0	0	0	11480	23	20480	0	0
19100	265	160337	3	160340	193	26	1115	0	0	0	0	0	0	0	0	0	0	0	11480	20	24576	0	0
19100	266	160335	5	160340	189	29	1121	0	0	0	0	0	0	0	0	0	0	0	11480	23	20480	0	0
19100	267	160342	6	160348	195	22	1122	0	0	0	0	0	0	0	0	0	0	0	11480	20	20480	0	0
19100	268	160340	4	160344	195	21	1118	0	0	0	0	0	0	0	0	0	0	0	11480	23	20480	0	0
19100	269	160327	7	160334	195	23	1116	0	0	0	0	0	0	0	0	0	0	0	11480	20	24576	0	0
19100	270	160342	2	160344	199	20	1117	0	0	0	0	0	0	0	0	0	0	0	11480	23	20480	0	0
19100	271	160337	3	160340	193	26	1116	0	0	0	0	0	0	0	0	0	0	0	11480	20	20480	0	0
19100	272	160332	4	160336	199	18	1114	0	0	0	0	0	0	0	0	0	0	0	11480	23	24576	0	0
19100	273	160338	2	160340	195	24	1116	0	0	0	0	0	0	0	0	0	0	0	11480	20	20480	0	0
19100	274	160342	2	160344	192	27	1114	0	0	0	0	0	0	0	0	0	0	0	11480	23	20480	0	0
19100	275	160331	5	160336	200	20	1121	0	0	0	0	0	0	0	0	0	0	0	11480	20	20480	0	0
19100	276	160346	3	160349	195	21	1120	0	0	0	0	0	0	0	0	0	0	0	11480	23	20480	0	0
19100	277	160336	6	160342	193	24	1118	0	0	0	0	0	0	0	0	0	0	0	11480	23	20480	0	0
19100	278	160340	2	160342	199	18	1117	0	0	0	0	0	0	0	0	0	0	0	11480	20	20480	0	0
19100	279	160340	2	160342	193	25	1116	0	0	0	0	0	0	0	0	0	0	0	11480	23	20480	0	0
19100	280	160342	5	160347	195	24	1117	0	0	0	0	0	0	0	0	0	0	0	11480	20	20480	0	0
19100	281	160340	3	160343	193	24	1115	0	0	0	0	0	0	0	0	0	0	0	11480	23	20480	0	0
19100	282	160341	2	160343	199	20	1117	0	0	0	0	0	0	0	0	0	0	0	11480	20	20480	0	0
19100	283	160334	7	160341	193	28	1114	0	0	0	0	0	0	0	0	0	0	0	11480	23	20480	0	0
19100	284	160335	5	160340	191	28	1121	0	0	0	0	0	0	0	0	0	0	0	11480	20	20480	0	0
19100	285	160336	9	160345	197	21	1120	0	0	0	0	0	0	0	0	0	0	0	11480	23	20480	0	0
19100	286	160340	3	160343	195	21	1116	0	0	0	0	0	0	0	0	0	0	0	11480	20	20480	0	0
19100	287	160338	7	160345	194	25	1116	0	0	0	0	0	0	0	0	0	0	0	11480	23	20480	0	0
19100	288	160335	3	160338	196	20	1116	0	0	0	0	0	0	0	0	0	0	0	11480	20	20480	0	0
19100	289	160342	3	160345	193	24	1116	0	0	0	0	0	0	0	0	0	0	0	11480	23	20480	0	0
19100	290	160343	8	160351	198	19	1114	0	0	0	0	0	0	0	0	0	0	0	11480	23	20480	0	0
19100	291	160339	2	160341	195	24	1117	0	0	0	0	0	0	0	0	0	0	0	11480	20	20480	0	0
19100	292	160336	5	160341	193	24	1115	0	0	0	0	0	0	0	0	0	0	0	11480	23	57344	7	0
19100	293	160342	1	160343	197	22	1120	0	0	0	0	0	0	0	0	0	0	0	11480	20	20480	0	0
19100	294	160339	1	160340	195	24	1121	0	0	0	0	0	0	0	0	0	0	0	11480	23	20480	0	0
19100	295	160333	2	160335	195	20	1116	0	0	0	0	0	0	0	0	0	0	0	11480	20	24576	0	0
19100	296	160333	6	160339	191	27	1116	0	0	0	0	0	0	0	0	0	0	0	11480	23	24576	0	0
19100	297	160339	3	160342	193	22	1117	0	0	0	0	0	0	0	0	0	0	0	11480	20	20480	0	0
19100	298	160345	4	160349	191	24	1117	0	0	0	0	0	0	0	0	0	0	0	11480	23	20480	0	0
19100	299	160342	6	160348	197	21	1114	0	0	0	0	0	0	0	0	0	0	0	11480	20	20480	0	0
19100	300	160337	8	160345	195	21	1117	0	0	0	0	0	0	0	0	0	0	0	11480	23	20480	0	0
19100	301	160337	5	160342	191	29	1115	0	0	0	0	0	0	0	0	0	0	0	11480	20	20480	0	0
19100	302	160341	4	160345	191	27	1120	0	0	0	0	0	0	0	0	0	0	0	11480	23	20480	0	0
19100	303	160342	4	160346	197	22	1121	0	0	0	0	0	0	0	0	0	0	0	11480	20	20480	0	0
19100	304	160336	6	160342	191	25	1116	0	0	0	0	0	0	0	0	0	0	0	11480	23	24576	0	0
19100	305	160341	1	160342	197	22	1118	0	0	0	0	0	0	0	0	0	0	0	11480	23	20480	0	0
19100	306	160332	8	160340	195	23	1116	0	0	0	0	0	0	0	0	0	0	0	11480	20	20480	0	0
19100	307	160344	2	160346	195	22	1117	0	0	0	0	0	0	0	0	0	0	0	11480	23	20480	0	0
19100	308	160336	5	160341	191	25	1114	0	0	0	0	0	0	0	0	0	0	0	11480	20	20480	0	0
19100	309	160340	2	160342	197	18	1116	0	0	0	0	0	0	0	0	0	0	0	11480	23	20480	0	0
19100	310	160332	3	160335	195	24	1114	0	0	0	0	0	0	0	0	0	0	0	11480	20	20480	0	0
19100	311	160338	9	160347	193	24	1121	0	0	0	0	0	0	0	0	0	0	0	11480	23	40960	0	0
19100	312	160337	3	160340	196	24	1120	0	0	0	0	0	0	0	0	0	0	0	11480	20	20480	0	0
19100	313	160338	3	160341	199	20	1116	0	0	0	0	0	0	0	0	0	0	0	11480	23	20480	0	0
19100	314	160336	2	160338	193	24	1116	0	0	0	0	0	0	0	0	0	0	0	11480	20	20480	0	0
19100	315	160331	8	160339	189	30	1117	0	0	0	0	0	0	0	0	0	0	0	11480	23	57344	7	0
19100	316	160338	9	160347	195	24	1117	0	0	0	0	0	0	0	0	0	0	0	11480	20	20480	0	0
19100	317	160339	2	160341	189	28	1115	0	0	0	0	0	0	0	0	0	0	0	11480	23	20480	0	0
19100	318	160336	5	160341	197	19	1116	0	0	0	0	0	0	0	0	0	0	0	11480	23	20480	0	0
19100	319	160331	4	160335	197	22	1115	0	0	0	0	0	0	0	0	0	0	0	11480	20	24576	0	0
19100	320	160340	1	160341	193	25	1121	0	0	0	0	0	0	0	0	0	0	0	11480	23	20480	0	0
19100	321	160339	2	160341	197	21	1120	0	0	0	0	0	0	0	0	0	0	0	11480	20	20480	0	0
19100	322	160331	6	160337	197	20	1116	0	0	0	0	0	0	0	0	0	0	0	11480	23	24576	0	0
19100	323	160339	2	160341	192	25	1116	0	0	0	0	0	0	0	0	0	0	0	11480	20	20480	0	0
19100	324	160340	2	160342	193	24	1116	0	0	0	0	0	0	0	0	0	0	0	11480	23	20480	0	0
19100	325	160336	5	160341	197	22	1117	0	0	0	0	0	0	0	0	0	0	0	11480	20	20480	0	0
19100	326	160334	3	160337	195	21	1114	0	0	0	0	0	0	0	0	0	0	0	11480	23	20480	0	0
19100	327	160342	1	160343	195	24	1116	0	0	0	0	0	0	0	0	0	0	0	11480	20	20480	0	0
19100	328	160342	0	160342	197	21	1116	0	0	0	0	0	0	0	0	0	0	0	11480	23	20480	0	0
19100	329	160330	9	160339	198	21	1120	0	0	0	0	0	0	0	0	0	0	0	11480	20	20480	0	0
19100	330	160339	7	160346	197	23	1120	0	0	0	0	0	0	0	0	0	0	0	11480	23	20480	0	0
19100	331	160339	2	160341	195	21	1117	0	0	0	0	0	0	0	0	0	0	0	11480	20	20480	0	0
19100	332	160341	3	160344	197	20	1116	0	0	0	0	0	0	0	0	0	0	0	11480	23	20480	0	0
19100	333	160341	2	160343	193	24	1116	0	0	0	0	0	0	0	0	0	0	0	11480	23	24576	0	0
19100	334	160333	5	160338	197	23	1117	0	0	0	0	0	0	0	0	0	0	0	11570	23	24576	0	0
19100	335	160341	1	160342	191	26	1114	0	0	0	0	0	0	0	0	0	0	0	11480	23	24576	0	0
19100	336	160335	3	160338	197	23	1116	0	0	0	0	0	0	0	0	0	0	0	11480	20	20480	0	0
19100	337	160340	7	160347	189	26	1115	0	0	0	0	0	0	0	0	0	0	0	11480	23	57344	7	0
19100	338	160333	8	160341	191	25	1120	0	0	0	0	0	0	0	0	0	0	0	11480	20	20480	0	0
19100	339	160339	2	160341	193	28	1121	0	0	0	0	0	0	0	0	0	0	0	11480	23	20480	0	0
19100	340	160332	4	160336	193	23	1117	0	0	0	0	0	0	0	0	0	0	0	11480	20	20480	0	0
19100	341	160339	4	160343	197	19	1117	0	0	0	0	0	0	0	0	0	0	0	11480	23	20480	0	0
19100	342	160331	3	160334	191	27	1118	0	0	0	0	0	0	0	0	0	0	0	11480	20	24576	0	0
19100	343	160340	2	160342	195	24	1117	0	0	0	0	0	0	0	0	0	0	0	11480	23	20480	0	0
19100	344	160336	4	160340	195	23	1115	0	0	0	0	0	0	0	0	0	0	0	11480	20	20480	0	0
19100	345	160334	6	160340	191	26	1118	0	0	0	0	0	0	0	0	0	0	0	11480	23	20480	0	0
19100	346	160340	4	160344	193	27	1115	0	0	0	0	0	0	0	0	0	0	0	11480	23	20480	0	0
19100	347	160334	3	160337	193	27	1120	0	0	0	0	0	0	0	0	0	0	0	11480	20	20480	0	0
19100	348	160340	4	160344	195	24	1120	0	0	0	0	0	0	0	0	0	0	0	11480	23	20480	0	0
19100	349	160337	7	160344	199	18	1117	0	0	0	0	0	0	0	0	0	0	0	11480	20	40960	0	0
19100	350	160336	7	160343	197	21	1116	0	0	0	0	0	0	0	0	0	0	0	11480	23	20480	0	0
19100	351	160343	2	160345	195	21	1116	0	0	0	0	0	0	0	0	0	0	0	11480	20	20480	0	0
19100	352	160335	3	160338	197	20	1117	0	0	0	0	0	0	0	0	0	0	0	11480	23	20480	0	0
19100	353	160340	6	160346	195	25	1114	0	0	0	0	0	0	0	0	0	0	0	11480	20	20480	0	0
19100	354	160339	3	160342	193	22	1117	0	0	0	0	0	0	0	0	0	0	0	11480	23	20480	0	0
19100	355	160339	6	160345	195	23	1114	0	0	0	0	0	0	0	0	0	0	0	11480	20	20480	0	0
19100	356	160330	7	160337	195	23	1121	0	0	0	0	0	0	0	0	0	0	0	11480	23	20480	0	0
19100	357	160339	2	160341	195	23	1121	0	0	0	0	0	0	0	0	0	0	0	11480	20	20480	0	0
19100	358	160332	9	160341	191	29	1116	0	0	0	0	0	0	0	0	0	0	0	11480	23	20480	0	0
19100	359	160344	4	160348	195	19	1116	0	0	0	0	0	0	0	0	0	0	0	11480	20	20480	0	0
19100	360	160333	6	160339	193	28	1118	0	0	0	0	0	0	0	0	0	0	0	11480	23	61440	7	0
19100	361	160332	4	160336	195	22	1116	0	0	0	0	0	0	0	0	0	0	0	11480	23	20480	0	0
19100	362	160339	5	160344	197	18	1115	0	0	0	0	0	0	0	0	0	0	0	11480	20	24576	0	0
19100	363	160334	3	160337	195	22	1116	0	0	0	0	0	0	0	0	0	0	0	11480	23	20480	0	0
19100	364	160345	3	160348	199	20	1115	0	0	0	0	0	0	0	0	0	0	0	11480	20	20480	0	0
19100	365	160335	10	160345	195	22	1120	0	0	0	0	0	0	0	0	0	0	0	11480	23	20480	0	0
19100	366	160340	3	160343	195	23	1121	0	0	0	0	0	0	0	0	0	0	0	11480	20	20480	0	0
19100	367	160336	3	160339	195	24	1116	0	0	0	0	0	0	0	0	0	0	0	11480	23	20480	0	0
19100	368	160339	7	160346	191	27	1117	0	0	0	0	0	0	0	0	0	0	0	11480	20	20480	0	0
19100	369	160329	8	160337	193	27	1116	0	0	0	0	0	0	0	0	0	0	0	11480	23	20480	0	0
19100	370	160339	1	160340	195	23	1117	0	0	0	0	0	0	0	0	0	0	0	11480	20	20480	0	0
19100	371	160330	5	160335	193	24	1114	0	0	0	0	0	0	0	0	0	0	0	11480	23	20480	0	0
19100	372	160336	7	160343	195	24	1117	0	0	0	0	0	0	0	0	0	0	0	11480	20	20480	0	0
19100	373	160335	3	160338	193	25	1114	0	0	0	0	0	0	0	0	0	0	0	11480	23	20480	0	0
19100	374	160337	5	160342	199	25	1120	0	0	0	0	0	0	0	0	0	0	0	11480	23	20480	0	0
19100	375	160329	8	160337	195	23	1120	0	0	0	0	0	0	0	0	0	0	0	11480	20	20480	0	0
19100	376	160339	5	160344	196	21	1116	0	0	0	0	0	0	0	0	0	0	0	11480	23	20480	0	0
19100	377	160339	5	160344	191	24	1118	0	0	0	0	0	0	0	0	0	0	0	11480	20	20480	0	0
19100	378	160338	4	160342	193	25	1117	0	0	0	0	0	0	0	0	0	0	0	11480	23	20480	0	0
19100	379	160339	5	160344	193	22	1117	0	0	0	0	0	0	0	0	0	0	0	11480	20	20480	0	0
19100	380	160337	8	160345	195	26	1114	0	0	0	0	0	0	0	0	0	0	0	11480	23	20480	0	0
19100	381	160340	2	160342	195	23	1117	0	0	0	0	0	0	0	0	0	0	0	11480	20	24576	0	0
19100	382	160331	5	160336	189	29	1116	0	0	0	0	0	0	0	0	0	0	0	11480	23	57344	7	0
19100	383	160338	3	160341	195	22	1120	0	0	0	0	0	0	0	0	0	0	0	11480	20	20480	0	0
19100	384	160336	4	160340	197	20	1121	0	0	0	0	0	0	0	0	0	0	0	11480	23	20480	0	0
19100	385	160340	7	160347	196	22	1117	0	0	0	0	0	0	0	0	0	0	0	11480	20	20480	0	0
19100	386	160338	5	160343	194	24	1116	0	0	0	0	0	0	0	0	0	0	0	11480	23	24576	0	0
19100	387	160331	10	160341	197	23	1116	0	0	0	0	0	0	0	0	0	0	0	11480	20	20480	0	0
19100	388	160338	6	160344	195	21	1117	0	0	0	0	0	0	0	0	0	0	0	11480	23	20480	0	0
19100	389	160332	4	160336	195	24	1115	0	0	0	0	0	0	0	0	0	0	0	11480	23	20480	0	0
19100	390	160342	4	160346	197	21	1116	0	0	0	0	0	0	0	0	0	0	0	11480	20	20480	0	0
19100	391	160345	5	160350	191	25	1115	0	0	0	0	0	0	0	0	0	0	0	11480	23	20480	0	0
19100	392	160337	6	160343	197	21	1120	0	0	0	0	0	0	0	0	0	0	0	11480	20	20480	0	0
19100	393	160343	6	160349	193	22	1120	0	0	0	0	0	0	0	0	0	0	0	11480	23	20480	0	0
19100	394	160337	3	160340	191	26	1117	0	0	0	0	0	0	0	0	0	0	0	11480	20	20480	0	0
19100	395	160334	2	160336	193	25	1117	0	0	0	0	0	0	0	0	0	0	0	11480	23	20480	0	0
19100	396	160339	7	160346	195	22	1117	0	0	0	0	0	0	0	0	0	0	0	11480	20	20480	0	0
19100	397	160337	7	160344	195	22	1116	0	0	0	0	0	0	0	0	0	0	0	11480	23	20480	0	0
19100	398	160340	4	160344	195	23	1115	0	0	0	0	0	0	0	0	0	0	0	11480	20	20480	0	0
19100	399	160337	3	160340	193	25	1117	0	0	0	0	0	0	0	0	0	0	0	11480	23	24576	0	0
19100	400	160338	4	160342	195	21	1114	0	0	0	0	0	0	0	0	0	0	0	11480	20	40960	0	0
19100	401	160338	9	160347	189	31	1120	0	0	0	0	0	0	0	0	0	0	0	11480	23	20480	0	0
19100	402	160335	3	160338	197	24	1121	0	0	0	0	0	0	0	0	0	0	0	11480	23	24576	0	0
19100	403	160335	3	160338	197	23	1118	0	0	0	0	0	0	0	0	0	0	0	11480	20	24576	0	0
19100	404	160330	9	160339	195	23	1117	0	0	0	0	0	0	0	0	0	0	0	11480	23	61440	7	0
19100	405	160336	4	160340	195	23	1117	0	0	0	0	0	0	0	0	0	0	0	11480	20	20480	0	0
19100	406	160339	2	160341	195	23	1116	0	0	0	0	0	0	0	0	0	0	0	11480	23	20480	0	0
19100	407	160341	2	160343	195	23	1117	0	0	0	0	0	0	0	0	0	0	0	11480	20	20480	0	0
19100	408	160333	7	160340	193	25	1116	0	0	0	0	0	0	0	0	0	0	0	11480	23	20480	0	0
19100	409	160343	2	160345	193	26	1114	0	0	0	0	0	0	0	0	0	0	0	11480	20	20480	0	0
19100	410	160332	10	160342	197	22	1120	0	0	0	0	0	0	0	0	0	0	0	11480	23	20480	0	0
19100	411	160341	5	160346	193	22	1118	0	0	0	0	0	0	0	0	0	0	0	11480	20	20480	0	0
19100	412	160337	3	160340	195	23	1116	0	0	0	0	0	0	0	0	0	0	0	11480	23	20480	0	0
19100	413	160338	2	160340	195	24	1116	0	0	0	0	0	0	0	0	0	0	0	11480	20	24576	0	0
19100	414	160341	4	160345	195	22	1118	0	0	0	0	0	0	0	0	0	0	0	11480	23	20480	0	0
19100	415	160344	2	160346	195	24	1116	0	0	0	0	0	0	0	0	0	0	0	11480	20	20480	0	0
19100	416	160345	2	160347	193	24	1115	0	0	0	0	0	0	0	0	0	0	0	11480	23	20480	0	0
19100	417	160334	1	160335	193	23	1117	0	0	0	0	0	0	0	0	0	0	0	11480	23	20480	0	0
19100	418	160336	1	160337	199	22	1114	0	0	0	0	0	0	0	0	0	0	0	11480	20	24576	0	0
19100	419	160342	6	160348	193	23	1121	0	0	0	0	0	0	0	0	0	0	0	11480	23	20480	0	0
19100	420	160343	5	160348	193	23	1120	0	0	0	0	0	0	0	0	0	0	0	11480	20	20480	0	0
19100	421	160336	11	160347	195	20	1117	0	0	0	0	0	0	0	0	0	0	0	11480	23	20480	0	0
19100	422	160331	4	160335	195	22	1118	0	0	0	0	0	0	0	0	0	0	0	11480	20	20480	0	0
19100	423	160338	9	160347	197	22	1116	0	0	0	0	0	0	0	0	0	0	0	11480	23	20480	0	0
19100	424	160336	4	160340	193	25	1116	0	0	0	0	0	0	0	0	0	0	0	11480	20	24576	0	0
19100	425	160341	0	160341	193	25	1114	0	0	0	0	0	0	0	0	0	0	0	11480	23	20480	0	0
19100	426	160333	9	160342	191	27	1116	0	0	0	0	0	0	0	0	0	0	0	11480	20	20480	0	0
19100	427	160341	3	160344	193	23	1116	0	0	0	0	0	0	0	0	0	0	0	11480	23	57344	7	0
19100	428	160343	4	160347	193	25	1120	0	0	0	0	0	0	0	0	0	0	0	11480	20	20480	0	0
19100	429	160343	6	160349	193	26	1122	0	0	0	0	0	0	0	0	0	0	0	11480	23	20480	0	0
19100	430	160334	2	160336	193	24	1117	0	0	0	0	0	0	0	0	0	0	0	11480	23	20480	0	0
19100	431	160339	4	160343	195	25	1116	0	0	0	0	0	0	0	0	0	0	0	11480	20	20480	0	0
19100	432	160338	5	160343	191	26	1117	0	0	0	0	0	0	0	0	0	0	0	11480	23	20480	0	0
19100	433	160339	2	160341	195	21	1117	0	0	0	0	0	0	0	0	0	0	0	11480	20	24576	0	0
19100	434	160337	0	160337	195	21	1115	0	0	0	0	0	0	0	0	0	0	0	11480	23	20480	0	0
19100	435	160337	3	160340	193	25	1117	0	0	0	0	0	0	0	0	0	0	0	11480	20	20480	0	0
19100	436	160337	5	160342	195	20	1114	0	0	0	0	0	0	0	0	0	0	0	11480	23	20480	0	0
19100	437	160333	3	160336	193	25	1120	0	0	0	0	0	0	0	0	0	0	0	11480	20	20480	0	0
19100	438	160338	6	160344	195	22	1120	0	0	0	0	0	0	0	0	0	0	0	11480	23	20480	0	0
19100	439	160341	4	160345	197	21	1116	0	0	0	0	0	0	0	0	0	0	0	11480	20	20480	0	0
19100	440	160337	6	160343	193	22	1116	0	0	0	0	0	0	0	0	0	0	0	11480	23	20480	0	0
19100	441	160330	6	160336	193	27	1117	0	0	0	0	0	0	0	0	0	0	0	11480	20	20480	0	0
19100	442	160336	6	160342	195	23	1116	0	0	0	0	0	0	0	0	0	0	0	11480	23	20480	0	0
19100	443	160337	3	160340	191	25	1115	0	0	0	0	0	0	0	0	0	0	0	11480	23	20480	0	0
19100	444	160335	6	160341	195	23	1116	0	0	0	0	0	0	0	0	0	0	0	11480	20	20480	0	0
19100	445	160341	8	160349	195	23	1114	0	0	0	0	0	0	0	0	0	0	0	11480	23	20480	0	0
19100	446	160340	3	160343	197	20	1121	0	0	0	0	0	0	0	0	0	0	0	11480	20	36864	0	0
19100	447	160333	4	160337	195	24	1120	0	0	0	0	0	0	0	0	0	0	0	11480	23	20480	0	0
19100	448	160339	4	160343	191	25	1117	0	0	0	0	0	0	0	0	0	0	0	11480	20	20480	0	0
19100	449	160335	7	160342	195	21	1118	0	0	0	0	0	0	0	0	0	0	0	11480	23	61440	7	0
19100	450	160338	2	160340	189	29	1117	0	0	0	0	0	0	0	0	0	0	0	11480	20	24576	0	0
19100	451	160342	5	160347	195	25	1117	0	0	0	0	0	0	0	0	0	0	0	11480	23	20480	0	0
19100	452	160336	3	160339	195	21	1114	0	0	0	0	0	0	0	0	0	0	0	11480	20	20480	0	0
19100	453	160341	4	160345	193	25	1116	0	0	0	0	0	0	0	0	0	0	0	11480	23	20480	0	0
19100	454	160342	6	160348	195	21	1114	0	0	0	0	0	0	0	0	0	0	0	11480	20	20480	0	0
19100	455	160332	3	160335	197	21	1120	0	0	0	0	0	0	0	0	0	0	0	11480	23	24576	0	0
19100	456	160341	1	160342	197	21	1121	0	0	0	0	0	0	0	0	0	0	0	11480	20	20480	0	0
19100	457	160335	8	160343	195	23	1116	0	0	0	0	0	0	0	0	0	0	0	11480	23	20480	0	0
19100	458	160339	1	160340	189	30	1116	0	0	0	0	0	0	0	0	0	0	0	11480	23	36864	0	0
19100	459	160342	7	160349	191	24	1116	0	0	0	0	0	0	0	0	0	0	0	11480	20	20480	0	0
19100	460	160341	4	160345	195	26	1116	0	0	0	0	0	0	0	0	0	0	0	11480	23	20480	0	0
19100	461	160333	5	160338	191	29	1115	0	0	0	0	0	0	0	0	0	0	0	11480	20	20480	0	0
19100	462	160343	1	160344	195	22	1116	0	0	0	0	0	0	0	0	0	0	0	11480	23	20480	0	0
19100	463	160335	3	160338	195	22	1115	0	0	0	0	0	0	0	0	0	0	0	11480	20	20480	0	0
19100	464	160336	4	160340	199	21	1120	0	0	0	0	0	0	0	0	0	0	0	11480	23	24576	0	0
19100	465	160339	7	160346	197	23	1120	0	0	0	0	0	0	0	0	0	0	0	11480	20	20480	0	0
19100	466	160338	6	160344	195	26	1116	0	0	0	0	0	0	0	0	0	0	0	11480	23	20480	0	0
19100	467	160341	8	160349	195	20	1117	0	0	0	0	0	0	0	0	0	0	0	11480	20	20480	0	0
19100	468	160333	5	160338	197	20	1117	0	0	0	0	0	0	0	0	0	0	0	11480	23	20480	0	0
19100	469	160338	4	160342	191	25	1117	0	0	0	0	0	0	0	0	0	0	0	11480	20	20480	0	0
19100	470	160329	7	160336	199	18	1115	0	0	0	0	0	0	0	0	0	0	0	11480	23	20480	0	0
19100	471	160342	7	160349	193	27	1117	0	0	0	0	0	0	0	0	0	0	0	11480	23	24576	7	0
19100	472	160337	3	160340	197	21	1114	0	0	0	0	0	0	0	0	0	0	0	11480	20	20480	0	0
19100	473	160343	3	160346	195	21	1120	0	0	0	0	0	0	0	0	0	0	0	11480	23	20480	0	0
19100	474	160335	2	160337	191	23	1121	0	0	0	0	0	0	0	0	0	0	0	11480	20	24576	0	0
19100	475	160343	6	160349	193	23	1117	0	0	0	0	0	0	0	0	0	0	0	11480	23	20480	0	0
19100	476	160332	4	160336	193	26	1116	0	0	0	0	0	0	0	0	0	0	0	11480	20	24576	0	0
19100	477	160338	4	160342	193	23	1116	0	0	0	0	0	0	0	0	0	0	0	11480	23	24576	0	0
19100	478	160340	4	160344	195	21	1116	0	0	0	0	0	0	0	0	0	0	0	11480	20	24576	0	0
19100	479	160335	4	160339	195	22	1115	0	0	0	0	0	0	0	0	0	0	0	11480	23	20480	0	0
19100	480	160340	3	160343	193	25	1117	0	0	0	0	0	0	0	0	0	0	0	11480	20	20480	0	0
19100	481	160334	2	160336	193	25	1114	0	0	0	0	0	0	0	0	0	0	0	11480	23	20480	0	0
19100	482	160343	1	160344	193	23	1120	0	0	0	0	0	0	0	0	0	0	0	11480	20	24576	0	0
19100	483	160334	2	160336	197	22	1120	0	0	0	0	0	0	0	0	0	0	0	11480	23	20480	0	0
19100	484	160339	6	160345	189	27	1116	0	0	0	0	0	0	0	0	0	0	0	11480	20	20480	0	0
19100	485	160340	2	160342	190	29	1117	0	0	0	0	0	0	0	0	0	0	0	11480	23	20480	0	0
19100	486	160338	3	160341	191	27	1117	0	0	0	0	0	0	0	0	0	0	0	11480	23	20480	0	0
19100	487	160330	6	160336	197	21	1116	0	0	0	0	0	0	0	0	0	0	0	11480	20	24576	0	0
19100	488	160341	1	160342	197	19	1115	0	0	0	0	0	0	0	0	0	0	0	11480	23	20480	0	0
19100	489	160334	6	160340	193	24	1116	0	0	0	0	0	0	0	0	0	0	0	11480	20	40960	0	0
19100	490	160342	3	160345	197	22	1115	0	0	0	0	0	0	0	0	0	0	0	11480	23	20480	0	0
19100	491	160333	11	160344	197	19	1120	0	0	0	0	0	0	0	0	0	0	0	11480	20	20480	0	0
19100	492	160340	2	160342	195	22	1121	0	0	0	0	0	0	0	0	0	0	0	11480	23	20480	0	0
19100	493	160332	6	160338	196	20	1117	0	0	0	0	0	0	0	0	0	0	0	11480	20	24576	0	0
19100	494	160341	5	160346	195	21	1118	0	0	0	0	0	0	0	0	0	0	0	11480	23	57344	7	0
19100	495	160340	4	160344	195	25	1117	0	0	0	0	0	0	0	0	0	0	0	11480	20	20480	0	0
19100	496	160335	4	160339	195	23	1117	0	0	0	0	0	0	0	0	0	0	0	11480	23	20480	0	0
19100	497	160336	6	160342	198	21	1115	0	0	0	0	0	0	0	0	0	0	0	11480	20	20480	0	0
19100	498	160337	0	160337	193	23	1117	0	0	0	0	0	0	0	0	0	0	0	11480	23	20480	0	0
19100	499	160338	5	160343	193	25	1114	0	0	0	0	0	0	0	0	0	0	0	11480	23	20480	0	0
19100	500	160333	4	160337	193	28	1120	0	0	0	0	0	0	0	0	0	0	0	11480	20	20480	0	0
19100	501	160341	7	160348	189	30	1120	0	0	0	0	0	0	0	0	0	0	0	11480	23	20480	0	0
19100	502	160334	9	160343	193	27	1117	0	0	0	0	0	0	0	0	0	0	0	11480	20	20480	0	0
19100	503	160339	17	160356	207	31	5250	0	0	0	0	0	0	0	0	0	0	0	847677	645	200704	26318	0
19100	504	160344	0	160344	197	21	1117	0	0	0	0	0	0	0	0	0	0	0	11480	20	20480	0	0
19100	505	160335	2	160337	194	22	1116	0	0	0	0	0	0	0	0	0	0	0	11480	23	20480	0	0
19100	506	160343	3	160346	191	26	1115	0	0	0	0	0	0	0	0	0	0	0	11480	20	20480	0	0
19100	507	160339	5	160344	199	19	1116	0	0	0	0	0	0	0	0	0	0	0	11480	23	20480	0	0
19100	508	160340	7	160347	195	24	1115	0	0	0	0	0	0	0	0	0	0	0	11480	20	20480	0	0
19100	509	160330	7	160337	198	19	1120	0	0	0	0	0	0	0	0	0	0	0	11480	23	20480	0	0
19100	510	160337	3	160340	196	22	1121	0	0	0	0	0	0	0	0	0	0	0	11480	20	20480	0	0
19100	511	160334	9	160343	193	24	1117	0	0	0	0	0	0	0	0	0	0	0	11480	23	20480	0	0
19100	512	160340	2	160342	194	24	1116	0	0	0	0	0	0	0	0	0	0	0	11480	23	20480	0	0
19100	513	160340	5	160345	195	20	1118	0	0	0	0	0	0	0	0	0	0	0	11480	20	20480	0	0
19100	514	160333	2	160335	197	19	1117	0	0	0	0	0	0	0	0	0	0	0	11480	23	24576	0	0
19100	515	160342	4	160346	193	24	1114	0	0	0	0	0	0	0	0	0	0	0	11480	20	20480	0	0
19100	516	160335	7	160342	193	25	1117	0	0	0	0	0	0	0	0	0	0	0	11480	23	57344	7	0
19100	517	160338	4	160342	193	24	1115	0	0	0	0	0	0	0	0	0	0	0	11480	20	24576	0	0
19100	518	160333	5	160338	196	23	1120	0	0	0	0	0	0	0	0	0	0	0	11480	23	20480	0	0
19100	519	160340	5	160345	195	23	1121	0	0	0	0	0	0	0	0	0	0	0	11480	20	20480	0	0
19100	520	160338	5	160343	193	23	1116	0	0	0	0	0	0	0	0	0	0	0	11480	23	20480	0	0
19100	521	160329	7	160336	191	28	1116	0	0	0	0	0	0	0	0	0	0	0	11480	20	20480	0	0
19100	522	160338	6	160344	191	25	1117	0	0	0	0	0	0	0	0	0	0	0	11480	23	20480	0	0
19100	523	160333	2	160335	195	24	1116	0	0	0	0	0	0	0	0	0	0	0	11480	20	20480	0	0
19100	524	160339	4	160343	197	21	1115	0	0	0	0	0	0	0	0	0	0	0	11480	23	24576	0	0
19100	525	160338	5	160343	197	20	1116	0	0	0	0	0	0	0	0	0	0	0	11480	20	20480	0	0
19100	526	160336	2	160338	195	23	1115	0	0	0	0	0	0	0	0	0	0	0	11480	23	20480	0	0
19100	527	160343	4	160347	193	26	1120	0	0	0	0	0	0	0	0	0	0	0	11480	23	20480	0	0
19100	528	160333	3	160336	195	24	1120	0	0	0	0	0	0	0	0	0	0	0	11480	20	20480	0	0
19100	529	160340	3	160343	195	21	1116	0	0	0	0	0	0	0	0	0	0	0	11480	23	20480	0	0
19100	530	160341	2	160343	193	24	1116	0	0	0	0	0	0	0	0	0	0	0	11480	20	20480	0	0
19100	531	160336	1	160337	199	20	1117	0	0	0	0	0	0	0	0	0	0	0	11480	23	24576	0	0
19100	532	160343	1	160344	193	25	1117	0	0	0	0	0	0	0	0	0	0	0	11480	20	20480	0	0
19100	533	160337	6	160343	193	22	1114	0	0	0	0	0	0	0	0	0	0	0	11480	23	20480	0	0
19100	534	160336	2	160338	195	24	1116	0	0	0	0	0	0	0	0	0	0	0	11480	20	20480	0	0
19100	535	160343	5	160348	195	24	1115	0	0	0	0	0	0	0	0	0	0	0	11480	23	20480	0	0
19100	536	160336	6	160342	191	26	1121	0	0	0	0	0	0	0	0	0	0	0	11480	20	20480	0	0
19100	537	160337	4	160341	195	22	1121	0	0	0	0	0	0	0	0	0	0	0	11480	23	20480	0	0
19100	538	160341	6	160347	197	21	1116	0	0	0	0	0	0	0	0	0	0	0	11480	20	20480	0	0
19100	539	160336	6	160342	198	21	1117	0	0	0	0	0	0	0	0	0	0	0	11480	23	57344	7	0
19100	540	160335	4	160339	191	27	1116	0	0	0	0	0	0	0	0	0	0	0	11480	23	20480	0	0
19100	541	160340	2	160342	193	23	1116	0	0	0	0	0	0	0	0	0	0	0	11480	20	20480	0	0
19100	542	160334	5	160339	195	22	1115	0	0	0	0	0	0	0	0	0	0	0	11480	23	20480	0	0
19100	543	160338	3	160341	190	28	1117	0	0	0	0	0	0	0	0	0	0	0	11480	20	20480	0	0
19100	544	160338	4	160342	195	21	1114	0	0	0	0	0	0	0	0	0	0	0	11480	23	20480	0	0
19100	545	160346	2	160348	195	21	1120	0	0	0	0	0	0	0	0	0	0	0	11480	20	20480	0	0
19100	546	160332	5	160337	193	27	1120	0	0	0	0	0	0	0	0	0	0	0	11480	23	20480	0	0
19100	547	160339	5	160344	193	26	1117	0	0	0	0	0	0	0	0	0	0	0	11480	20	20480	0	0
19100	548	160336	6	160342	195	22	1116	0	0	0	0	0	0	0	0	0	0	0	11480	23	20480	0	0
19100	549	160338	0	160338	195	19	1116	0	0	0	0	0	0	0	0	0	0	0	11480	20	20480	0	0
19100	550	160339	8	160347	195	24	1117	0	0	0	0	0	0	0	0	0	0	0	11480	23	20480	0	0
19100	551	160338	7	160345	197	21	1114	0	0	0	0	0	0	0	0	0	0	0	11480	20	20480	0	0
19100	552	160338	4	160342	195	22	1116	0	0	0	0	0	0	0	0	0	0	0	11480	23	20480	0	0
19100	553	160340	6	160346	197	21	1114	0	0	0	0	0	0	0	0	0	0	0	11480	20	36864	0	0
19100	554	160339	2	160341	195	22	1122	0	0	0	0	0	0	0	0	0	0	0	11480	23	20480	0	0
19100	555	160336	7	160343	197	19	1120	0	0	0	0	0	0	0	0	0	0	0	11480	23	20480	0	0
19100	556	160342	8	160350	193	22	1117	0	0	0	0	0	0	0	0	0	0	0	11480	20	20480	0	0
19100	557	160337	6	160343	195	20	1116	0	0	0	0	0	0	0	0	0	0	0	11480	23	24576	0	0
19100	558	160331	8	160339	193	23	1116	0	0	0	0	0	0	0	0	0	0	0	11480	20	40960	0	0
19100	559	160335	8	160343	193	25	1117	0	0	0	0	0	0	0	0	0	0	0	11480	23	24576	0	0
19100	560	160343	7	160350	191	26	1114	0	0	0	0	0	0	0	0	0	0	0	11480	20	20480	0	0
19100	561	160337	9	160346	195	23	1118	0	0	0	0	0	0	0	0	0	0	0	11480	23	57344	7	0
19100	562	160346	3	160349	199	19	1114	0	0	0	0	0	0	0	0	0	0	0	11480	20	20480	0	0
19100	563	160332	4	160336	195	26	1121	0	0	0	0	0	0	0	0	0	0	0	11480	23	20480	0	0
19100	564	160336	6	160342	196	23	1121	0	0	0	0	0	0	0	0	0	0	0	11480	20	24576	0	0
19100	565	160336	5	160341	196	23	1117	0	0	0	0	0	0	0	0	0	0	0	11480	23	24576	0	0
19100	566	160332	4	160336	191	27	1116	0	0	0	0	0	0	0	0	0	0	0	11480	20	20480	0	0
19100	567	160342	2	160344	193	24	1116	0	0	0	0	0	0	0	0	0	0	0	11480	23	20480	0	0
19100	568	160337	2	160339	193	25	1116	0	0	0	0	0	0	0	0	0	0	0	11480	23	20480	0	0
19100	569	160339	19	160358	224	35	9109	0	0	0	0	0	0	0	0	0	0	0	1670803	1255	57344	51872	0
19100	570	160339	6	160345	193	25	1116	0	0	0	0	0	0	0	0	0	0	0	11480	23	20480	0	0
19100	571	160332	5	160337	197	22	1115	0	0	0	0	0	0	0	0	0	0	0	11480	20	24576	0	0
19100	572	160346	3	160349	189	29	1118	0	0	0	0	0	0	0	0	0	0	0	11480	23	20480	0	0
19100	573	160343	7	160350	197	20	1118	0	0	0	0	0	0	0	0	0	0	0	11480	20	20480	0	0
19100	574	160337	6	160343	197	19	1116	0	0	0	0	0	0	0	0	0	0	0	11480	23	20480	0	0
19100	575	160343	3	160346	195	22	1116	0	0	0	0	0	0	0	0	0	0	0	11480	20	20480	0	0
19100	576	160335	3	160338	196	19	1117	0	0	0	0	0	0	0	0	0	0	0	11480	23	24576	0	0
19100	577	160338	11	160349	195	22	1117	0	0	0	0	0	0	0	0	0	0	0	11480	20	20480	0	0
19100	578	160340	6	160346	195	22	1114	0	0	0	0	0	0	0	0	0	0	0	11480	23	40960	0	0
19100	579	160330	10	160340	191	27	1116	0	0	0	0	0	0	0	0	0	0	0	11480	20	20480	0	0
19100	580	160337	5	160342	197	20	1115	0	0	0	0	0	0	0	0	0	0	0	11480	23	20480	0	0
19100	581	160334	9	160343	193	25	1120	0	0	0	0	0	0	0	0	0	0	0	11480	23	36864	0	0
19100	582	160339	6	160345	193	26	1118	0	0	0	0	0	0	0	0	0	0	0	11480	20	20480	0	0
19100	583	160338	5	160343	197	23	1117	0	0	0	0	0	0	0	0	0	0	0	11480	23	57344	7	0
19100	584	160334	5	160339	195	22	1117	0	0	0	0	0	0	0	0	0	0	0	11480	20	20480	0	0
19100	585	160340	3	160343	189	32	1116	0	0	0	0	0	0	0	0	0	0	0	11480	23	20480	0	0
19100	586	160344	5	160349	199	19	1119	0	0	0	0	0	0	0	0	0	0	0	11480	20	36864	0	0
19100	587	160333	5	160338	197	22	1115	0	0	0	0	0	0	0	0	0	0	0	11480	23	20480	0	0
19100	588	160342	7	160349	197	22	1116	0	0	0	0	0	0	0	0	0	0	0	11480	20	20480	0	0
19100	589	160336	4	160340	199	18	1114	0	0	0	0	0	0	0	0	0	0	0	11480	23	24576	0	0
19100	590	160340	3	160343	195	21	1120	0	0	0	0	0	0	0	0	0	0	0	11480	20	20480	0	0
19100	591	160344	2	160346	199	20	1120	0	0	0	0	0	0	0	0	0	0	0	11480	23	20480	0	0
19100	592	160333	6	160339	197	18	1117	0	0	0	0	0	0	0	0	0	0	0	11480	20	20480	0	0
19100	593	160342	6	160348	195	22	1116	0	0	0	0	0	0	0	0	0	0	0	11480	23	20480	0	0
19100	594	160342	2	160344	198	19	1117	0	0	0	0	0	0	0	0	0	0	0	11480	20	20480	0	0
19100	595	160335	7	160342	196	23	1116	0	0	0	0	0	0	0	0	0	0	0	11480	23	20480	0	0
19100	596	160342	4	160346	193	25	1114	0	0	0	0	0	0	0	0	0	0	0	11480	23	20480	0	0
19100	597	160332	12	160344	191	26	1117	0	0	0	0	0	0	0	0	0	0	0	11480	20	20480	0	0
19100	598	160339	4	160343	195	25	1114	0	0	0	0	0	0	0	0	0	0	0	11480	23	20480	0	0
19100	599	160337	4	160341	195	24	1121	0	0	0	0	0	0	0	0	0	0	0	11480	20	24576	0	0
19100	600	160335	7	160342	195	24	1121	0	0	0	0	0	0	0	0	0	0	0	11480	23	20480	0	0
19100	601	160341	1	160342	197	21	1116	0	0	0	0	0	0	0	0	0	0	0	11480	20	20480	0	0
19100	602	160335	7	160342	193	23	1116	0	0	0	0	0	0	0	0	0	0	0	11480	23	24576	0	0
19100	603	160333	5	160338	197	22	1116	0	0	0	0	0	0	0	0	0	0	0	11480	20	36864	0	0
19100	604	160338	3	160341	197	23	1116	0	0	0	0	0	0	0	0	0	0	0	11480	23	20480	0	0
19100	605	160339	4	160343	193	26	1114	0	0	0	0	0	0	0	0	0	0	0	11480	20	24576	0	0
19100	606	160336	8	160344	195	19	1118	0	0	0	0	0	0	0	0	0	0	0	11480	23	57344	7	0
19100	607	160338	6	160344	195	25	1114	0	0	0	0	0	0	0	0	0	0	0	11480	20	20480	0	0
19100	608	160341	1	160342	197	22	1121	0	0	0	0	0	0	0	0	0	0	0	11480	23	20480	0	0
19100	609	160336	4	160340	195	24	1120	0	0	0	0	0	0	0	0	0	0	0	11480	23	36864	0	0
19100	610	160338	5	160343	195	20	1117	0	0	0	0	0	0	0	0	0	0	0	11480	20	24576	0	0
19100	611	160340	6	160346	196	24	1116	0	0	0	0	0	0	0	0	0	0	0	11480	23	20480	0	0
19100	612	160335	4	160339	189	29	1116	0	0	0	0	0	0	0	0	0	0	0	11480	20	24576	0	0
19100	613	160339	6	160345	193	24	1116	0	0	0	0	0	0	0	0	0	0	0	11480	23	20480	0	0
19100	614	160343	5	160348	197	22	1114	0	0	0	0	0	0	0	0	0	0	0	11480	20	20480	0	0
19100	615	160335	5	160340	193	25	1118	0	0	0	0	0	0	0	0	0	0	0	11480	23	20480	0	0
19100	616	160338	2	160340	195	23	1115	0	0	0	0	0	0	0	0	0	0	0	11480	20	20480	0	0
19100	617	160338	6	160344	195	24	1120	0	0	0	0	0	0	0	0	0	0	0	11480	23	20480	0	0
19100	618	160338	3	160341	193	25	1120	0	0	0	0	0	0	0	0	0	0	0	11480	20	20480	0	0
19100	619	160333	4	160337	195	25	1116	0	0	0	0	0	0	0	0	0	0	0	11480	23	20480	0	0
19100	620	160341	4	160345	191	29	1117	0	0	0	0	0	0	0	0	0	0	0	11480	20	20480	0	0
19100	621	160340	1	160341	195	22	1117	0	0	0	0	0	0	0	0	0	0	0	11480	23	20480	0	0
19100	622	160339	3	160342	193	23	1116	0	0	0	0	0	0	0	0	0	0	0	11480	20	20480	0	0
19100	623	160338	6	160344	197	24	1114	0	0	0	0	0	0	0	0	0	0	0	11480	23	20480	0	0
19100	624	160342	2	160344	195	21	1116	0	0	0	0	0	0	0	0	0	0	0	11480	23	20480	0	0
19100	625	160336	6	160342	197	24	1115	0	0	0	0	0	0	0	0	0	0	0	11480	20	36864	0	0
19100	626	160339	4	160343	195	21	1120	0	0	0	0	0	0	0	0	0	0	0	11480	23	20480	0	0
19100	627	160336	3	160339	196	21	1121	0	0	0	0	0	0	0	0	0	0	0	11480	20	20480	0	0
19100	628	160342	4	160346	197	20	1116	0	0	0	0	0	0	0	0	0	0	0	11480	23	20480	0	0
19100	629	160343	2	160345	195	25	1117	0	0	0	0	0	0	0	0	0	0	0	11480	20	40960	0	0
19100	630	160331	5	160336	197	20	1117	0	0	0	0	0	0	0	0	0	0	0	11480	23	20480	0	0
19100	631	160343	9	160352	197	21	1116	0	0	0	0	0	0	0	0	0	0	0	11480	20	36864	0	0
19100	632	160338	4	160342	195	24	1115	0	0	0	0	0	0	0	0	0	0	0	11480	23	20480	0	0
19100	633	160331	4	160335	191	28	1116	0	0	0	0	0	0	0	0	0	0	0	11480	20	20480	0	0
19100	634	160343	5	160348	193	27	1114	0	0	0	0	0	0	0	0	0	0	0	11480	23	20480	0	0
19100	635	160344	5	160349	191	25	1120	0	0	0	0	0	0	0	0	0	0	0	11480	20	20480	0	0
19100	636	160330	9	160339	193	27	1120	0	0	0	0	0	0	0	0	0	0	0	11480	23	20480	0	0
19100	637	160342	1	160343	193	23	1116	0	0	0	0	0	0	0	0	0	0	0	11480	23	20480	0	0
19100	638	160340	1	160341	193	24	1116	0	0	0	0	0	0	0	0	0	0	0	11480	20	20480	0	0
19100	639	160337	4	160341	193	27	1116	0	0	0	0	0	0	0	0	0	0	0	11480	23	20480	0	0
19100	640	160340	7	160347	193	24	1116	0	0	0	0	0	0	0	0	0	0	0	11480	20	20480	0	0
19100	641	160340	1	160341	195	21	1114	0	0	0	0	0	0	0	0	0	0	0	11480	23	24576	0	0
19100	642	160338	6	160344	195	23	1116	0	0	0	0	0	0	0	0	0	0	0	11480	20	20480	0	0
19100	643	160338	5	160343	194	23	1114	0	0	0	0	0	0	0	0	0	0	0	11480	23	20480	0	0
19100	644	160332	3	160335	196	21	1121	0	0	0	0	0	0	0	0	0	0	0	11480	20	24576	0	0
19100	645	160338	4	160342	197	21	1120	0	0	0	0	0	0	0	0	0	0	0	11480	23	20480	0	0
19100	646	160342	8	160350	193	22	1117	0	0	0	0	0	0	0	0	0	0	0	11480	20	20480	0	0
19100	647	160337	3	160340	191	25	1116	0	0	0	0	0	0	0	0	0	0	0	11480	23	20480	0	0
19100	648	160343	6	160349	193	26	1117	0	0	0	0	0	0	0	0	0	0	0	11480	20	36864	0	0
19100	649	160330	5	160335	197	18	1116	0	0	0	0	0	0	0	0	0	0	0	11480	23	20480	0	0
19100	650	160338	9	160347	193	24	1116	0	0	0	0	0	0	0	0	0	0	0	11480	20	24576	7	0
19100	651	160338	2	160340	195	25	1116	0	0	0	0	0	0	0	0	0	0	0	11480	20	20480	0	0
19100	652	160337	4	160341	197	22	1115	0	0	0	0	0	0	0	0	0	0	0	11480	23	20480	0	0
19100	653	160342	3	160345	193	23	1120	0	0	0	0	0	0	0	0	0	0	0	11480	20	36864	0	0
19100	654	160340	1	160341	191	27	1120	0	0	0	0	0	0	0	0	0	0	0	11480	23	20480	0	0
19100	655	160337	9	160346	191	28	1117	0	0	0	0	0	0	0	0	0	0	0	11480	20	20480	0	0
19100	656	160338	3	160341	196	21	1117	0	0	0	0	0	0	0	0	0	0	0	11480	23	20480	0	0
19100	657	160337	5	160342	193	23	1116	0	0	0	0	0	0	0	0	0	0	0	11480	20	20480	0	0
19100	658	160336	5	160341	193	22	1116	0	0	0	0	0	0	0	0	0	0	0	11480	23	20480	0	0
19100	659	160338	6	160344	196	25	1115	0	0	0	0	0	0	0	0	0	0	0	11480	20	36864	0	0
19100	660	160330	8	160338	197	21	1116	0	0	0	0	0	0	0	0	0	0	0	11480	23	24576	0	0
19100	661	160340	8	160348	193	28	1114	0	0	0	0	0	0	0	0	0	0	0	11480	20	20480	0	0
19100	662	160335	2	160337	199	20	1121	0	0	0	0	0	0	0	0	0	0	0	11480	23	20480	0	0
19100	663	160339	2	160341	193	28	1120	0	0	0	0	0	0	0	0	0	0	0	11571	23	28672	0	0
19100	664	160336	6	160342	198	22	1116	0	0	0	0	0	0	0	0	0	0	0	11480	23	20480	0	0
19100	665	160344	5	160349	195	22	1116	0	0	0	0	0	0	0	0	0	0	0	11480	23	36864	0	0
19100	666	160338	3	160341	193	25	1117	0	0	0	0	0	0	0	0	0	0	0	11480	20	20480	0	0
19100	667	160342	4	160346	194	27	1116	0	0	0	0	0	0	0	0	0	0	0	11480	23	40960	0	0
19100	668	160339	5	160344	197	21	1115	0	0	0	0	0	0	0	0	0	0	0	11480	20	20480	0	0
19100	669	160343	5	160348	191	27	1116	0	0	0	0	0	0	0	0	0	0	0	11480	23	20480	0	0
19100	670	160333	6	160339	194	27	1115	0	0	0	0	0	0	0	0	0	0	0	11480	20	20480	0	0
19100	671	160335	3	160338	197	19	1121	0	0	0	0	0	0	0	0	0	0	0	11480	23	20480	0	0
19100	672	160338	5	160343	191	27	1120	0	0	0	0	0	0	0	0	0	0	0	11480	20	20480	0	0
19100	673	160333	10	160343	192	27	1117	0	0	0	0	0	0	0	0	0	0	0	11480	23	57344	7	0
19100	674	160346	2	160348	197	21	1117	0	0	0	0	0	0	0	0	0	0	0	11480	20	20480	0	0
19100	675	160335	2	160337	196	22	1116	0	0	0	0	0	0	0	0	0	0	0	11480	23	20480	0	0
19100	676	160341	6	160347	193	25	1116	0	0	0	0	0	0	0	0	0	0	0	11480	20	20480	0	0
19100	677	160341	1	160342	195	22	1115	0	0	0	0	0	0	0	0	0	0	0	11480	23	20480	0	0
19100	678	160339	4	160343	193	25	1116	0	0	0	0	0	0	0	0	0	0	0	11480	23	20480	0	0
19100	679	160334	2	160336	198	22	1115	0	0	0	0	0	0	0	0	0	0	0	11480	20	20480	0	0
19100	680	160340	3	160343	195	23	1120	0	0	0	0	0	0	0	0	0	0	0	11480	23	20480	0	0
19100	681	160335	1	160336	195	22	1121	0	0	0	0	0	0	0	0	0	0	0	11480	20	20480	0	0
19100	682	160342	3	160345	195	22	1117	0	0	0	0	0	0	0	0	0	0	0	11480	23	20480	0	0
19100	683	160337	2	160339	195	22	1118	0	0	0	0	0	0	0	0	0	0	0	11480	20	20480	0	0
19100	684	160342	2	160344	189	26	1116	0	0	0	0	0	0	0	0	0	0	0	11480	23	24576	0	0
19100	685	160332	3	160335	197	21	1117	0	0	0	0	0	0	0	0	0	0	0	11480	20	20480	0	0
19100	686	160343	6	160349	195	24	1114	0	0	0	0	0	0	0	0	0	0	0	11480	23	20480	0	0
19100	687	160337	5	160342	196	24	1117	0	0	0	0	0	0	0	0	0	0	0	11480	20	20480	0	0
19100	688	160338	2	160340	193	26	1115	0	0	0	0	0	0	0	0	0	0	0	11480	23	24576	0	0
19100	689	160336	1	160337	193	23	1120	0	0	0	0	0	0	0	0	0	0	0	11480	20	24576	0	0
19100	690	160335	6	160341	195	22	1120	0	0	0	0	0	0	0	0	0	0	0	11480	23	24576	0	0
19100	691	160332	12	160344	194	22	1116	0	0	0	0	0	0	0	0	0	0	0	11480	20	20480	0	0
19100	692	160344	2	160346	191	23	1117	0	0	0	0	0	0	0	0	0	0	0	11480	23	20480	0	0
19100	693	160337	2	160339	191	23	1116	0	0	0	0	0	0	0	0	0	0	0	11480	23	20480	0	0
19100	694	160339	4	160343	197	21	1118	0	0	0	0	0	0	0	0	0	0	0	11480	20	20480	0	0
19100	695	160338	5	160343	191	27	1116	0	0	0	0	0	0	0	0	0	0	0	11480	23	57344	7	0
19100	696	160341	2	160343	189	26	1116	0	0	0	0	0	0	0	0	0	0	0	11480	20	20480	0	0
19100	697	160334	9	160343	189	26	1115	0	0	0	0	0	0	0	0	0	0	0	11570	26	28672	0	0
19100	698	160338	6	160344	193	25	1121	0	0	0	0	0	0	0	0	0	0	0	11480	20	20480	0	0
19100	699	160330	5	160335	195	22	1120	0	0	0	0	0	0	0	0	0	0	0	11480	23	20480	0	0
19100	700	160339	1	160340	197	25	1116	0	0	0	0	0	0	0	0	0	0	0	11480	20	20480	0	0
19100	701	160330	10	160340	193	29	1116	0	0	0	0	0	0	0	0	0	0	0	11480	23	20480	0	0
19100	702	160334	4	160338	195	26	1116	0	0	0	0	0	0	0	0	0	0	0	11480	20	24576	0	0
19100	703	160337	2	160339	194	24	1117	0	0	0	0	0	0	0	0	0	0	0	11480	23	20480	0	0
19100	704	160331	7	160338	199	21	1115	0	0	0	0	0	0	0	0	0	0	0	11480	20	20480	0	0
19100	705	160340	4	160344	198	20	1117	0	0	0	0	0	0	0	0	0	0	0	11480	23	20480	0	0
19100	706	160329	8	160337	195	22	1115	0	0	0	0	0	0	0	0	0	0	0	11480	23	24576	0	0
19100	707	160341	3	160344	195	20	1121	0	0	0	0	0	0	0	0	0	0	0	11480	20	20480	0	0
19100	708	160333	2	160335	196	24	1120	0	0	0	0	0	0	0	0	0	0	0	11480	23	20480	0	0
19100	709	160344	5	160349	195	23	1116	0	0	0	0	0	0	0	0	0	0	0	11480	20	20480	0	0
19100	710	160333	5	160338	193	23	1117	0	0	0	0	0	0	0	0	0	0	0	11480	23	20480	0	0
19100	711	160339	3	160342	193	24	1117	0	0	0	0	0	0	0	0	0	0	0	11480	20	20480	0	0
19100	712	160341	5	160346	196	23	1117	0	0	0	0	0	0	0	0	0	0	0	11480	23	20480	0	0
19100	713	160335	6	160341	195	21	1115	0	0	0	0	0	0	0	0	0	0	0	11480	20	20480	0	0
19100	714	160343	5	160348	193	24	1117	0	0	0	0	0	0	0	0	0	0	0	11480	23	20480	0	0
19100	715	160333	3	160336	197	19	1114	0	0	0	0	0	0	0	0	0	0	0	11480	20	20480	0	0
19100	716	160337	7	160344	195	21	1120	0	0	0	0	0	0	0	0	0	0	0	11480	23	20480	0	0
19100	717	160346	2	160348	193	22	1121	0	0	0	0	0	0	0	0	0	0	0	11480	20	20480	0	0
19100	718	160337	5	160342	195	22	1118	0	0	0	0	0	0	0	0	0	0	0	11480	23	77824	7	0
19100	719	160339	3	160342	191	26	1116	0	0	0	0	0	0	0	0	0	0	0	11480	23	20480	0	0
19100	720	160336	1	160337	197	22	1117	0	0	0	0	0	0	0	0	0	0	0	11480	20	20480	0	0
19100	721	160339	4	160343	195	21	1116	0	0	0	0	0	0	0	0	0	0	0	11480	23	24576	0	0
19100	722	160342	3	160345	197	22	1114	0	0	0	0	0	0	0	0	0	0	0	11480	20	20480	0	0
19100	723	160330	5	160335	193	26	1116	0	0	0	0	0	0	0	0	0	0	0	11480	23	20480	0	0
19100	724	160339	2	160341	194	23	1115	0	0	0	0	0	0	0	0	0	0	0	11480	20	24576	0	0
19100	725	160336	4	160340	193	23	1120	0	0	0	0	0	0	0	0	0	0	0	11480	23	20480	0	0
19100	726	160336	6	160342	193	25	1120	0	0	0	0	0	0	0	0	0	0	0	11480	20	24576	0	0
19100	727	160346	5	160351	193	21	1116	0	0	0	0	0	0	0	0	0	0	0	11480	23	20480	0	0
19100	728	160334	7	160341	195	24	1117	0	0	0	0	0	0	0	0	0	0	0	11480	20	20480	0	0
19100	729	160339	5	160344	195	19	1116	0	0	0	0	0	0	0	0	0	0	0	11480	23	24576	0	0
19100	730	160341	2	160343	193	23	1117	0	0	0	0	0	0	0	0	0	0	0	11480	20	20480	0	0
19100	731	160339	2	160341	197	22	1116	0	0	0	0	0	0	0	0	0	0	0	11480	23	20480	0	0
19100	732	160336	3	160339	195	23	1116	0	0	0	0	0	0	0	0	0	0	0	11480	23	20480	0	0
19100	733	160339	2	160341	197	19	1114	0	0	0	0	0	0	0	0	0	0	0	11480	20	20480	0	0
19100	734	160339	3	160342	197	21	1118	0	0	0	0	0	0	0	0	0	0	0	11480	23	20480	0	0
19100	735	160331	5	160336	193	23	1120	0	0	0	0	0	0	0	0	0	0	0	11480	20	20480	0	0
19100	736	160340	3	160343	195	26	1119	0	0	0	0	0	0	0	0	0	0	0	11480	23	20480	0	0
19100	737	160334	8	160342	194	26	1116	0	0	0	0	0	0	0	0	0	0	0	11480	20	20480	0	0
19100	738	160333	4	160337	193	23	1117	0	0	0	0	0	0	0	0	0	0	0	11480	23	20480	0	0
19100	739	160340	3	160343	195	24	1116	0	0	0	0	0	0	0	0	0	0	0	11480	20	20480	0	0
19100	740	160344	6	160350	195	23	1118	0	0	0	0	0	0	0	0	0	0	0	11480	23	57344	7	0
19100	741	160342	4	160346	191	29	1117	0	0	0	0	0	0	0	0	0	0	0	11480	20	20480	0	0
19100	742	160337	4	160341	193	23	1114	0	0	0	0	0	0	0	0	0	0	0	11480	23	20480	0	0
19100	743	160339	3	160342	193	24	1121	0	0	0	0	0	0	0	0	0	0	0	11480	20	20480	0	0
19100	744	160337	4	160341	195	23	1118	0	0	0	0	0	0	0	0	0	0	0	11480	23	24576	0	0
19100	745	160341	2	160343	191	24	1116	0	0	0	0	0	0	0	0	0	0	0	11480	20	24576	0	0
19100	746	160329	3	160332	197	23	1116	0	0	0	0	0	0	0	0	0	0	0	11480	23	24576	0	0
19100	747	160340	4	160344	193	26	1117	0	0	0	0	0	0	0	0	0	0	0	11480	23	20480	0	0
19100	748	160342	3	160345	195	21	1116	0	0	0	0	0	0	0	0	0	0	0	11480	20	20480	0	0
19100	749	160335	5	160340	197	21	1115	0	0	0	0	0	0	0	0	0	0	0	11480	23	24576	0	0
19100	750	160332	5	160337	193	24	1118	0	0	0	0	0	0	0	0	0	0	0	11480	20	20480	0	0
19100	751	160344	3	160347	193	22	1114	0	0	0	0	0	0	0	0	0	0	0	11480	23	20480	0	0
19100	752	160338	5	160343	195	21	1121	0	0	0	0	0	0	0	0	0	0	0	11480	20	20480	0	0
19100	753	160338	2	160340	195	21	1121	0	0	0	0	0	0	0	0	0	0	0	11480	23	20480	0	0
19100	754	160339	1	160340	191	29	1116	0	0	0	0	0	0	0	0	0	0	0	11480	20	20480	0	0
19100	755	160338	5	160343	195	25	1116	0	0	0	0	0	0	0	0	0	0	0	11480	23	20480	0	0
19100	756	160336	7	160343	191	26	1116	0	0	0	0	0	0	0	0	0	0	0	11480	20	24576	0	0
19100	757	160335	1	160336	197	20	1116	0	0	0	0	0	0	0	0	0	0	0	11480	23	20480	0	0
19100	758	160336	5	160341	197	20	1115	0	0	0	0	0	0	0	0	0	0	0	11480	20	20480	0	0
19100	759	160341	5	160346	195	25	1117	0	0	0	0	0	0	0	0	0	0	0	11480	23	20480	0	0
19100	760	160335	5	160340	193	26	1114	0	0	0	0	0	0	0	0	0	0	0	11480	23	20480	0	0
19100	761	160338	4	160342	195	22	1121	0	0	0	0	0	0	0	0	0	0	0	11480	20	20480	0	0
19100	762	160336	5	160341	195	23	1122	0	0	0	0	0	0	0	0	0	0	0	11480	23	61440	7	0
19100	763	160333	1	160334	195	27	1117	0	0	0	0	0	0	0	0	0	0	0	11480	20	24576	0	0
19100	764	160338	3	160341	197	22	1116	0	0	0	0	0	0	0	0	0	0	0	11480	23	20480	0	0
19100	765	160341	2	160343	199	20	1117	0	0	0	0	0	0	0	0	0	0	0	11480	20	20480	0	0
19100	766	160334	5	160339	193	24	1116	0	0	0	0	0	0	0	0	0	0	0	11480	23	20480	0	0
19100	767	160341	0	160341	195	21	1114	0	0	0	0	0	0	0	0	0	0	0	11480	20	20480	0	0
19100	768	160346	3	160349	198	21	1116	0	0	0	0	0	0	0	0	0	0	0	11480	23	20480	0	0
19100	769	160337	4	160341	195	21	1114	0	0	0	0	0	0	0	0	0	0	0	11480	20	20480	0	0
19100	770	160335	7	160342	197	19	1120	0	0	0	0	0	0	0	0	0	0	0	11480	23	20480	0	0
19100	771	160345	5	160350	191	24	1120	0	0	0	0	0	0	0	0	0	0	0	11480	20	20480	0	0
19100	772	160334	4	160338	195	21	1116	0	0	0	0	0	0	0	0	0	0	0	11480	23	24576	0	0
19100	773	160338	9	160347	191	23	1117	0	0	0	0	0	0	0	0	0	0	0	11480	20	20480	0	0
19100	774	160338	3	160341	194	26	1116	0	0	0	0	0	0	0	0	0	0	0	11480	23	20480	0	0
19100	775	160336	3	160339	195	20	1117	0	0	0	0	0	0	0	0	0	0	0	11480	23	20480	0	0
19100	776	160344	6	160350	197	18	1114	0	0	0	0	0	0	0	0	0	0	0	11480	20	20480	0	0
19100	777	160340	4	160344	193	23	1118	0	0	0	0	0	0	0	0	0	0	0	11480	23	20480	0	0
19100	778	160330	6	160336	197	21	1114	0	0	0	0	0	0	0	0	0	0	0	11480	20	20480	0	0
19100	779	160342	2	160344	195	20	1120	0	0	0	0	0	0	0	0	0	0	0	11480	23	20480	0	0
19100	780	160337	5	160342	195	22	1120	0	0	0	0	0	0	0	0	0	0	0	11480	20	20480	0	0
19100	781	160336	2	160338	196	21	1117	0	0	0	0	0	0	0	0	0	0	0	11480	23	20480	0	0
19100	782	160338	4	160342	195	21	1116	0	0	0	0	0	0	0	0	0	0	0	11480	20	20480	0	0
19100	783	160342	6	160348	195	22	1117	0	0	0	0	0	0	0	0	0	0	0	11480	23	20480	0	0
19100	784	160333	6	160339	195	25	1117	0	0	0	0	0	0	0	0	0	0	0	11480	20	20480	0	0
19100	785	160343	7	160350	193	22	1115	0	0	0	0	0	0	0	0	0	0	0	11480	23	57344	7	0
19100	786	160338	3	160341	193	25	1116	0	0	0	0	0	0	0	0	0	0	0	11480	20	20480	0	0
19100	787	160334	3	160337	197	21	1115	0	0	0	0	0	0	0	0	0	0	0	11480	23	24576	0	0
19100	788	160340	6	160346	191	26	1121	0	0	0	0	0	0	0	0	0	0	0	11480	23	20480	0	0
19100	789	160338	2	160340	195	21	1121	0	0	0	0	0	0	0	0	0	0	0	11480	20	20480	0	0
19100	790	160335	4	160339	195	25	1116	0	0	0	0	0	0	0	0	0	0	0	11480	23	20480	0	0
19100	791	160341	4	160345	195	23	1116	0	0	0	0	0	0	0	0	0	0	0	11480	20	20480	0	0
19100	792	160331	4	160335	197	25	1117	0	0	0	0	0	0	0	0	0	0	0	11480	23	20480	0	0
19100	793	160336	4	160340	197	28	1117	0	0	0	0	0	0	0	0	0	0	0	11480	20	20480	0	0
19100	794	160333	5	160338	195	24	1114	0	0	0	0	0	0	0	0	0	0	0	11480	23	20480	0	0
19100	795	160341	8	160349	189	26	1117	0	0	0	0	0	0	0	0	0	0	0	11480	20	20480	0	0
19100	796	160330	4	160334	191	28	1114	0	0	0	0	0	0	0	0	0	0	0	11480	23	20480	0	0
19100	797	160341	6	160347	196	21	1121	0	0	0	0	0	0	0	0	0	0	0	11480	20	20480	0	0
19100	798	160331	3	160334	193	25	1120	0	0	0	0	0	0	0	0	0	0	0	11480	23	24576	0	0
19100	799	160344	3	160347	195	25	1116	0	0	0	0	0	0	0	0	0	0	0	11480	20	20480	0	0
19100	800	160339	8	160347	193	23	1116	0	0	0	0	0	0	0	0	0	0	0	11480	23	20480	0	0
19100	801	160339	4	160343	195	25	1116	0	0	0	0	0	0	0	0	0	0	0	11480	20	20480	0	0
19100	802	160342	2	160344	196	20	1117	0	0	0	0	0	0	0	0	0	0	0	11480	23	20480	0	0
19100	803	160335	6	160341	195	25	1115	0	0	0	0	0	0	0	0	0	0	0	11480	23	20480	0	0
19100	804	160339	2	160341	191	26	1117	0	0	0	0	0	0	0	0	0	0	0	11480	20	20480	0	0
19100	805	160333	3	160336	197	20	1114	0	0	0	0	0	0	0	0	0	0	0	11480	23	24576	0	0
19100	806	160339	1	160340	199	21	1121	0	0	0	0	0	0	0	0	0	0	0	11480	20	24576	0	0
19100	807	160341	4	160345	193	22	1121	0	0	0	0	0	0	0	0	0	0	0	11480	23	77824	7	0
19100	808	160341	9	160350	195	22	1117	0	0	0	0	0	0	0	0	0	0	0	11480	20	20480	0	0
19100	809	160341	2	160343	191	25	1116	0	0	0	0	0	0	0	0	0	0	0	11480	23	24576	0	0
19100	810	160329	5	160334	197	22	1117	0	0	0	0	0	0	0	0	0	0	0	11480	20	24576	0	0
19100	811	160339	4	160343	193	22	1116	0	0	0	0	0	0	0	0	0	0	0	11480	23	24576	0	0
19100	812	160326	6	160332	191	30	1115	0	0	0	0	0	0	0	0	0	0	0	11480	20	24576	0	0
19100	813	160340	3	160343	189	25	1117	0	0	0	0	0	0	0	0	0	0	0	11480	23	20480	0	0
19100	814	160334	3	160337	199	20	1114	0	0	0	0	0	0	0	0	0	0	0	11480	20	20480	0	0
19100	815	160344	6	160350	197	19	1121	0	0	0	0	0	0	0	0	0	0	0	11480	23	20480	0	0
19100	816	160342	4	160346	191	24	1120	0	0	0	0	0	0	0	0	0	0	0	11480	23	40960	0	0
19100	817	160333	10	160343	196	22	1116	0	0	0	0	0	0	0	0	0	0	0	11480	20	20480	0	0
19100	818	160342	5	160347	195	23	1117	0	0	0	0	0	0	0	0	0	0	0	11480	23	20480	0	0
19100	819	160332	4	160336	195	23	1117	0	0	0	0	0	0	0	0	0	0	0	11480	20	20480	0	0
19100	820	160334	5	160339	196	23	1117	0	0	0	0	0	0	0	0	0	0	0	11480	23	24576	0	0
19100	821	160341	6	160347	195	22	1114	0	0	0	0	0	0	0	0	0	0	0	11480	20	40960	0	0
19100	822	160332	5	160337	197	22	1116	0	0	0	0	0	0	0	0	0	0	0	11480	23	24576	0	0
19100	823	160340	2	160342	198	20	1114	0	0	0	0	0	0	0	0	0	0	0	11480	20	20480	0	0
19100	824	160332	9	160341	189	29	1120	0	0	0	0	0	0	0	0	0	0	0	11480	23	20480	0	0
19100	825	160338	7	160345	191	30	1120	0	0	0	0	0	0	0	0	0	0	0	11480	20	20480	0	0
19100	826	160342	5	160347	197	24	1116	0	0	0	0	0	0	0	0	0	0	0	11480	23	20480	0	0
19100	827	160332	8	160340	197	23	1116	0	0	0	0	0	0	0	0	0	0	0	11480	20	20480	0	0
19100	828	160340	6	160346	191	29	1116	0	0	0	0	0	0	0	0	0	0	0	11480	23	20480	0	0
19100	829	160337	5	160342	197	22	1116	0	0	0	0	0	0	0	0	0	0	0	11480	20	20480	0	0
19100	830	160341	5	160346	193	26	1115	0	0	0	0	0	0	0	0	0	0	0	11571	26	61440	7	0
19100	831	160343	7	160350	195	21	1117	0	0	0	0	0	0	0	0	0	0	0	11480	23	20480	0	0
19100	832	160337	3	160340	193	24	1115	0	0	0	0	0	0	0	0	0	0	0	11480	20	20480	0	0
19100	833	160337	5	160342	193	26	1121	0	0	0	0	0	0	0	0	0	0	0	11480	23	20480	0	0
19100	834	160337	4	160341	193	25	1121	0	0	0	0	0	0	0	0	0	0	0	11480	20	20480	0	0
19100	835	160333	8	160341	195	24	1116	0	0	0	0	0	0	0	0	0	0	0	11480	23	20480	0	0
19100	836	160341	2	160343	193	22	1116	0	0	0	0	0	0	0	0	0	0	0	11480	20	20480	0	0
19100	837	160334	3	160337	199	19	1117	0	0	0	0	0	0	0	0	0	0	0	11480	23	20480	0	0
19100	838	160344	4	160348	195	24	1117	0	0	0	0	0	0	0	0	0	0	0	11480	20	20480	0	0
19100	839	160338	4	160342	193	24	1114	0	0	0	0	0	0	0	0	0	0	0	11480	23	20480	0	0
19100	840	160336	2	160338	197	19	1117	0	0	0	0	0	0	0	0	0	0	0	11480	20	20480	0	0
19100	841	160347	2	160349	195	23	1114	0	0	0	0	0	0	0	0	0	0	0	11480	23	20480	0	0
19100	842	160334	4	160338	195	23	1120	0	0	0	0	0	0	0	0	0	0	0	11480	20	20480	0	0
19100	843	160342	4	160346	195	23	1120	0	0	0	0	0	0	0	0	0	0	0	11480	23	20480	0	0
19100	844	160343	4	160347	197	23	1118	0	0	0	0	0	0	0	0	0	0	0	11480	23	20480	0	0
19100	845	160337	6	160343	195	21	1117	0	0	0	0	0	0	0	0	0	0	0	11480	20	20480	0	0
19100	846	160336	4	160340	197	23	1116	0	0	0	0	0	0	0	0	0	0	0	11480	23	24576	0	0
19100	847	160333	6	160339	197	20	1116	0	0	0	0	0	0	0	0	0	0	0	11480	20	24576	0	0
19100	848	160339	2	160341	197	20	1115	0	0	0	0	0	0	0	0	0	0	0	11480	23	24576	0	0
19100	849	160340	4	160344	196	22	1118	0	0	0	0	0	0	0	0	0	0	0	11480	20	20480	0	0
19100	850	160337	3	160340	197	19	1114	0	0	0	0	0	0	0	0	0	0	0	11480	23	20480	0	0
19100	851	160341	7	160348	197	21	1121	0	0	0	0	0	0	0	0	0	0	0	11480	20	20480	0	0
19100	852	160335	7	160342	193	22	1122	0	0	0	0	0	0	0	0	0	0	0	11480	23	57344	7	0
19100	853	160343	5	160348	197	21	1117	0	0	0	0	0	0	0	0	0	0	0	11480	20	20480	0	0
19100	854	160339	5	160344	195	23	1116	0	0	0	0	0	0	0	0	0	0	0	11480	23	24576	0	0
19100	855	160334	4	160338	197	18	1118	0	0	0	0	0	0	0	0	0	0	0	11480	20	24576	0	0
19100	856	160337	9	160346	197	24	1117	0	0	0	0	0	0	0	0	0	0	0	11480	23	20480	0	0
19100	857	160335	4	160339	189	25	1114	0	0	0	0	0	0	0	0	0	0	0	11480	20	20480	0	0
19100	858	160338	8	160346	198	19	1116	0	0	0	0	0	0	0	0	0	0	0	11480	23	20480	0	0
19100	859	160334	2	160336	195	26	1114	0	0	0	0	0	0	0	0	0	0	0	11480	23	20480	0	0
19100	860	160339	5	160344	197	20	1120	0	0	0	0	0	0	0	0	0	0	0	11480	20	20480	0	0
19100	861	160342	0	160342	193	24	1120	0	0	0	0	0	0	0	0	0	0	0	11480	23	20480	0	0
19100	862	160331	5	160336	195	24	1116	0	0	0	0	0	0	0	0	0	0	0	11480	20	20480	0	0
19100	863	160340	2	160342	195	23	1117	0	0	0	0	0	0	0	0	0	0	0	11480	23	20480	0	0
19100	864	160332	6	160338	195	22	1118	0	0	0	0	0	0	0	0	0	0	0	11480	20	20480	0	0
19100	865	160337	2	160339	195	21	1117	0	0	0	0	0	0	0	0	0	0	0	11480	23	20480	0	0
19100	866	160344	1	160345	195	19	1115	0	0	0	0	0	0	0	0	0	0	0	11480	20	20480	0	0
19100	867	160336	3	160339	193	29	1116	0	0	0	0	0	0	0	0	0	0	0	11480	23	20480	0	0
19100	868	160340	4	160344	197	21	1114	0	0	0	0	0	0	0	0	0	0	0	11480	20	20480	0	0
19100	869	160335	8	160343	193	25	1120	0	0	0	0	0	0	0	0	0	0	0	11480	23	20480	0	0
19100	870	160337	4	160341	197	21	1121	0	0	0	0	0	0	0	0	0	0	0	11480	20	20480	0	0
19100	871	160339	4	160343	199	19	1117	0	0	0	0	0	0	0	0	0	0	0	11480	23	20480	0	0
19100	872	160336	0	160336	193	28	1116	0	0	0	0	0	0	0	0	0	0	0	11480	23	20480	0	0
19100	873	160342	0	160342	195	21	1117	0	0	0	0	0	0	0	0	0	0	0	11480	20	24576	0	0
19100	874	160338	2	160340	195	23	1117	0	0	0	0	0	0	0	0	0	0	0	11480	23	57344	7	0
19100	875	160333	3	160336	191	27	1115	0	0	0	0	0	0	0	0	0	0	0	11480	20	20480	0	0
19100	876	160342	5	160347	189	29	1117	0	0	0	0	0	0	0	0	0	0	0	11480	23	20480	0	0
19100	877	160333	5	160338	197	22	1114	0	0	0	0	0	0	0	0	0	0	0	11480	20	20480	0	0
19100	878	160341	5	160346	192	24	1121	0	0	0	0	0	0	0	0	0	0	0	11480	23	20480	0	0
19100	879	160336	4	160340	193	23	1121	0	0	0	0	0	0	0	0	0	0	0	11480	20	20480	0	0
19100	880	160335	5	160340	189	29	1116	0	0	0	0	0	0	0	0	0	0	0	11480	23	20480	0	0
19100	881	160341	2	160343	191	28	1117	0	0	0	0	0	0	0	0	0	0	0	11480	20	20480	0	0
19100	882	160333	4	160337	197	22	1117	0	0	0	0	0	0	0	0	0	0	0	11480	23	20480	0	0
19100	883	160331	8	160339	195	23	1116	0	0	0	0	0	0	0	0	0	0	0	11480	20	20480	0	0
19100	884	160339	2	160341	194	26	1114	0	0	0	0	0	0	0	0	0	0	0	11480	23	20480	0	0
19100	885	160336	6	160342	193	25	1116	0	0	0	0	0	0	0	0	0	0	0	11480	20	20480	0	0
19100	886	160340	7	160347	195	26	1114	0	0	0	0	0	0	0	0	0	0	0	11480	20	20480	0	0
19100	887	160332	7	160339	199	19	1120	0	0	0	0	0	0	0	0	0	0	0	11480	23	20480	0	0
19100	888	160337	2	160339	195	23	1120	0	0	0	0	0	0	0	0	0	0	0	11480	20	20480	0	0
19100	889	160340	1	160341	193	26	1117	0	0	0	0	0	0	0	0	0	0	0	11480	23	20480	0	0
19100	890	160339	5	160344	193	23	1117	0	0	0	0	0	0	0	0	0	0	0	11480	20	20480	0	0
19100	891	160331	6	160337	191	26	1116	0	0	0	0	0	0	0	0	0	0	0	11480	23	24576	0	0
19100	892	160338	3	160341	195	24	1116	0	0	0	0	0	0	0	0	0	0	0	11480	20	24576	0	0
19100	893	160331	11	160342	195	25	1115	0	0	0	0	0	0	0	0	0	0	0	11480	23	20480	0	0
19100	894	160334	10	160344	197	23	1117	0	0	0	0	0	0	0	0	0	0	0	11570	23	24576	0	0
19100	895	160336	2	160338	195	26	1114	0	0	0	0	0	0	0	0	0	0	0	11480	23	20480	0	0
19100	896	160334	7	160341	194	25	1120	0	0	0	0	0	0	0	0	0	0	0	11480	20	40960	0	0
19100	897	160339	3	160342	195	25	1122	0	0	0	0	0	0	0	0	0	0	0	11480	23	57344	7	0
19100	898	160339	4	160343	199	18	1116	0	0	0	0	0	0	0	0	0	0	0	11480	20	20480	0	0
19100	899	160339	6	160345	197	23	1116	0	0	0	0	0	0	0	0	0	0	0	11480	23	20480	0	0
19100	900	160334	2	160336	199	18	1117	0	0	0	0	0	0	0	0	0	0	0	11480	23	24576	0	0
19100	901	160342	6	160348	195	22	1116	0	0	0	0	0	0	0	0	0	0	0	11480	20	20480	0	0
19100	902	160334	6	160340	193	25	1116	0	0	0	0	0	0	0	0	0	0	0	11480	23	20480	0	0
19100	903	160340	5	160345	197	22	1116	0	0	0	0	0	0	0	0	0	0	0	11480	20	20480	0	0
19100	904	160340	2	160342	193	23	1114	0	0	0	0	0	0	0	0	0	0	0	11480	23	20480	0	0
19100	905	160342	0	160342	197	18	1120	0	0	0	0	0	0	0	0	0	0	0	11480	20	20480	0	0
19100	906	160340	6	160346	195	22	1119	0	0	0	0	0	0	0	0	0	0	0	11480	23	20480	0	0
19100	907	160343	5	160348	194	23	1117	0	0	0	0	0	0	0	0	0	0	0	11480	20	20480	0	0
19100	908	160332	4	160336	195	23	1117	0	0	0	0	0	0	0	0	0	0	0	11480	23	24576	0	0
19100	909	160341	1	160342	197	19	1116	0	0	0	0	0	0	0	0	0	0	0	11480	20	24576	0	0
19100	910	160332	6	160338	193	24	1117	0	0	0	0	0	0	0	0	0	0	0	11480	23	20480	0	0
19100	911	160338	3	160341	195	23	1115	0	0	0	0	0	0	0	0	0	0	0	11480	20	20480	0	0
19100	912	160333	4	160337	191	26	1116	0	0	0	0	0	0	0	0	0	0	0	11480	23	20480	0	0
19100	913	160345	3	160348	191	26	1114	0	0	0	0	0	0	0	0	0	0	0	11480	23	20480	0	0
19100	914	160333	10	160343	193	26	1120	0	0	0	0	0	0	0	0	0	0	0	11480	20	20480	0	0
19100	915	160345	5	160350	197	19	1119	0	0	0	0	0	0	0	0	0	0	0	11480	23	20480	0	0
19100	916	160334	2	160336	197	21	1118	0	0	0	0	0	0	0	0	0	0	0	11480	20	20480	0	0
19100	917	160344	3	160347	199	18	1116	0	0	0	0	0	0	0	0	0	0	0	11480	23	20480	0	0
19100	918	160333	5	160338	193	24	1116	0	0	0	0	0	0	0	0	0	0	0	11480	20	20480	0	0
19100	919	160340	7	160347	195	25	1118	0	0	0	0	0	0	0	0	0	0	0	11480	23	57344	7	0
19100	920	160336	4	160340	195	23	1114	0	0	0	0	0	0	0	0	0	0	0	11480	20	24576	0	0
19100	921	160338	5	160343	195	22	1117	0	0	0	0	0	0	0	0	0	0	0	11480	23	20480	0	0
19100	922	160339	6	160345	195	25	1114	0	0	0	0	0	0	0	0	0	0	0	11480	20	36864	0	0
19100	923	160336	6	160342	195	19	1120	0	0	0	0	0	0	0	0	0	0	0	11480	23	20480	0	0
19100	924	160344	3	160347	193	24	1120	0	0	0	0	0	0	0	0	0	0	0	11480	20	20480	0	0
19100	925	160341	4	160345	193	25	1117	0	0	0	0	0	0	0	0	0	0	0	11480	23	20480	0	0
19100	926	160334	4	160338	193	29	1116	0	0	0	0	0	0	0	0	0	0	0	11480	20	24576	0	0
19100	927	160333	4	160337	195	22	1116	0	0	0	0	0	0	0	0	0	0	0	11480	23	20480	0	0
19100	928	160344	4	160348	193	27	1117	0	0	0	0	0	0	0	0	0	0	0	11480	23	36864	0	0
19100	929	160340	2	160342	197	21	1115	0	0	0	0	0	0	0	0	0	0	0	11480	20	20480	0	0
19100	930	160340	4	160344	195	20	1118	0	0	0	0	0	0	0	0	0	0	0	11480	23	24576	0	0
19100	931	160330	6	160336	195	21	1115	0	0	0	0	0	0	0	0	0	0	0	11480	20	20480	0	0
19100	932	160338	2	160340	191	28	1120	0	0	0	0	0	0	0	0	0	0	0	11480	23	20480	0	0
19100	933	160337	7	160344	194	25	1121	0	0	0	0	0	0	0	0	0	0	0	11480	20	20480	0	0
19100	934	160340	3	160343	196	21	1116	0	0	0	0	0	0	0	0	0	0	0	11480	23	20480	0	0
19100	935	160339	3	160342	195	20	1116	0	0	0	0	0	0	0	0	0	0	0	11480	20	20480	0	0
19100	936	160337	2	160339	195	24	1116	0	0	0	0	0	0	0	0	0	0	0	11480	23	20480	0	0
19100	937	160328	7	160335	189	27	1116	0	0	0	0	0	0	0	0	0	0	0	11480	20	24576	0	0
19100	938	160341	6	160347	194	23	1115	0	0	0	0	0	0	0	0	0	0	0	11480	23	20480	0	0
19100	939	160343	0	160343	197	22	1117	0	0	0	0	0	0	0	0	0	0	0	11480	20	20480	0	0
19100	940	160338	2	160340	195	24	1114	0	0	0	0	0	0	0	0	0	0	0	11480	23	20480	0	0
19100	941	160339	4	160343	193	23	1121	0	0	0	0	0	0	0	0	0	0	0	11480	23	24576	7	0
19100	942	160336	1	160337	195	20	1121	0	0	0	0	0	0	0	0	0	0	0	11480	20	20480	0	0
19100	943	160336	4	160340	191	25	1116	0	0	0	0	0	0	0	0	0	0	0	11480	23	24576	0	0
19100	944	160336	1	160337	193	27	1117	0	0	0	0	0	0	0	0	0	0	0	11480	20	20480	0	0
19100	945	160337	4	160341	197	19	1117	0	0	0	0	0	0	0	0	0	0	0	11480	23	20480	0	0
19100	946	160338	2	160340	191	27	1116	0	0	0	0	0	0	0	0	0	0	0	11480	20	24576	0	0
19100	947	160338	2	160340	192	27	1115	0	0	0	0	0	0	0	0	0	0	0	11480	23	40960	0	0
19100	948	160336	3	160339	195	25	1116	0	0	0	0	0	0	0	0	0	0	0	11480	20	20480	0	0
19100	949	160335	5	160340	191	28	1114	0	0	0	0	0	0	0	0	0	0	0	11480	23	20480	0	0
19100	950	160342	9	160351	189	26	1120	0	0	0	0	0	0	0	0	0	0	0	11480	20	36864	0	0
19100	951	160336	2	160338	193	27	1120	0	0	0	0	0	0	0	0	0	0	0	11480	23	20480	0	0
19100	952	160331	6	160337	193	26	1117	0	0	0	0	0	0	0	0	0	0	0	11480	20	20480	0	0
19100	953	160335	2	160337	193	24	1117	0	0	0	0	0	0	0	0	0	0	0	11480	23	20480	0	0
19100	954	160338	3	160341	197	20	1116	0	0	0	0	0	0	0	0	0	0	0	11480	20	20480	0	0
19100	955	160343	5	160348	195	21	1116	0	0	0	0	0	0	0	0	0	0	0	11480	23	20480	0	0
19100	956	160343	2	160345	191	25	1115	0	0	0	0	0	0	0	0	0	0	0	11480	23	36864	0	0
19100	957	160333	4	160337	191	24	1117	0	0	0	0	0	0	0	0	0	0	0	11480	20	20480	0	0
19100	958	160342	5	160347	195	21	1115	0	0	0	0	0	0	0	0	0	0	0	11480	23	20480	0	0
19100	959	160336	5	160341	189	27	1120	0	0	0	0	0	0	0	0	0	0	0	11480	20	24576	0	0
19100	960	160337	5	160342	195	23	1120	0	0	0	0	0	0	0	0	0	0	0	11480	23	20480	0	0
19100	961	160333	8	160341	193	26	1117	0	0	0	0	0	0	0	0	0	0	0	11480	20	20480	0	0
19100	962	160338	3	160341	197	23	1117	0	0	0	0	0	0	0	0	0	0	0	11480	23	20480	0	0
19100	963	160339	2	160341	197	20	1116	0	0	0	0	0	0	0	0	0	0	0	11480	20	20480	0	0
19100	964	160337	9	160346	193	24	1118	0	0	0	0	0	0	0	0	0	0	0	11480	23	57344	7	0
19100	965	160335	3	160338	197	21	1114	0	0	0	0	0	0	0	0	0	0	0	11480	20	20480	0	0
19100	966	160334	6	160340	198	21	1117	0	0	0	0	0	0	0	0	0	0	0	11480	23	20480	0	0
19100	967	160332	9	160341	193	23	1114	0	0	0	0	0	0	0	0	0	0	0	11480	20	20480	0	0
19100	968	160341	1	160342	195	24	1120	0	0	0	0	0	0	0	0	0	0	0	11480	23	20480	0	0
19100	969	160339	8	160347	193	23	1120	0	0	0	0	0	0	0	0	0	0	0	11480	23	20480	0	0
19100	970	160333	2	160335	197	21	1116	0	0	0	0	0	0	0	0	0	0	0	11480	20	20480	0	0
19100	971	160343	5	160348	197	21	1117	0	0	0	0	0	0	0	0	0	0	0	11480	23	20480	0	0
19100	972	160340	5	160345	195	25	1117	0	0	0	0	0	0	0	0	0	0	0	11480	20	20480	0	0
19100	973	160335	4	160339	197	23	1116	0	0	0	0	0	0	0	0	0	0	0	11480	23	20480	0	0
19100	974	160336	4	160340	199	18	1114	0	0	0	0	0	0	0	0	0	0	0	11480	20	24576	0	0
19100	975	160345	2	160347	195	21	1116	0	0	0	0	0	0	0	0	0	0	0	11480	23	20480	0	0
19100	976	160336	5	160341	197	20	1115	0	0	0	0	0	0	0	0	0	0	0	11480	20	20480	0	0
19100	977	160339	4	160343	191	27	1120	0	0	0	0	0	0	0	0	0	0	0	11480	23	20480	0	0
19100	978	160339	4	160343	191	26	1120	0	0	0	0	0	0	0	0	0	0	0	11480	20	20480	0	0
19100	979	160328	7	160335	197	22	1116	0	0	0	0	0	0	0	0	0	0	0	11480	23	20480	0	0
19100	980	160336	4	160340	193	27	1117	0	0	0	0	0	0	0	0	0	0	0	11480	20	20480	0	0
19100	981	160340	6	160346	195	25	1116	0	0	0	0	0	0	0	0	0	0	0	11480	23	20480	0	0
19100	982	160337	3	160340	195	22	1117	0	0	0	0	0	0	0	0	0	0	0	11480	20	24576	0	0
19100	983	160333	3	160336	197	20	1114	0	0	0	0	0	0	0	0	0	0	0	11480	23	24576	0	0
19100	984	160345	4	160349	191	25	1116	0	0	0	0	0	0	0	0	0	0	0	11480	23	20480	0	0
19100	985	160344	3	160347	193	26	1115	0	0	0	0	0	0	0	0	0	0	0	11480	20	20480	0	0
19100	986	160332	5	160337	193	29	1122	0	0	0	0	0	0	0	0	0	0	0	11480	23	53248	7	0
19100	987	160337	4	160341	194	26	1121	0	0	0	0	0	0	0	0	0	0	0	11480	20	20480	0	0
19100	988	160337	2	160339	193	27	1116	0	0	0	0	0	0	0	0	0	0	0	11480	23	20480	0	0
19100	989	160333	2	160335	191	30	1117	0	0	0	0	0	0	0	0	0	0	0	11480	20	20480	0	0
19100	990	160339	4	160343	193	25	1116	0	0	0	0	0	0	0	0	0	0	0	11480	23	20480	0	0
19100	991	160338	11	160349	197	21	1116	0	0	0	0	0	0	0	0	0	0	0	11480	20	20480	0	0
19100	992	160338	4	160342	195	22	1115	0	0	0	0	0	0	0	0	0	0	0	11480	23	20480	0	0
19100	993	160335	9	160344	197	20	1116	0	0	0	0	0	0	0	0	0	0	0	11480	20	20480	0	0
19100	994	160338	4	160342	191	30	1115	0	0	0	0	0	0	0	0	0	0	0	11480	23	20480	0	0
19100	995	160336	5	160341	193	25	1120	0	0	0	0	0	0	0	0	0	0	0	11480	20	20480	0	0
19100	996	160335	5	160340	195	22	1120	0	0	0	0	0	0	0	0	0	0	0	11480	23	20480	0	0
19100	997	160338	3	160341	195	23	1117	0	0	0	0	0	0	0	0	0	0	0	11480	23	20480	0	0
19100	998	160336	6	160342	195	24	1116	0	0	0	0	0	0	0	0	0	0	0	11480	20	20480	0	0
19100	999	160336	3	160339	193	27	1116	0	0	0	0	0	0	0	0	0	0	0	11480	23	24576	0	0
19100	1000	160338	4	160342	195	25	1116	0	0	0	0	0	0	0	0	0	0	0	11480	20	40960	0	0
