ALGRUNID	ITERNUM	U_TIME	S_TIME	PRTIME	ALL_U_TIME	ALL_S_TIME	ALL_MIN_FLT	ALL_MAJ_FLT	ALL_NIVCSW	ALL_NVCSW	ALL_CPU_COUNT	ALL_CPU_DELAY	ALL_BLKIO_COUNT	ALL_SWAPIN_COUNT	ALL_SWAPIN_DELAY	ALL_FREEPGS_COUNT	ALL_FREEPGS_DELAY	ALL_READ_BYTES	ALL_READ_CHAR	ALL_READ_SYSCALLS	ALL_WRITE_BYTES	ALL_WRITE_CHAR	ALL_WRITE_SYSCALLS
19300	1	80169	1	80170	201	12	1118	0	0	0	0	0	0	0	0	0	0	0	11480	20	16384	0	0
19300	2	80171	2	80173	196	12	1116	0	0	0	0	0	0	0	0	0	0	0	11480	23	16384	0	0
19300	3	80170	2	80172	192	16	1120	0	0	0	0	0	0	0	0	0	0	0	11480	20	12288	0	0
19300	4	80168	4	80172	197	11	1121	0	0	0	0	0	0	0	0	0	0	0	11480	20	16384	0	0
19300	5	80170	1	80171	196	14	1117	0	0	0	0	0	0	0	0	0	0	0	11480	20	12288	0	0
19300	6	80164	0	80164	199	12	1118	0	0	0	0	0	0	0	0	0	0	0	11480	23	16384	0	0
19300	7	80168	2	80170	194	17	1117	0	0	0	0	0	0	0	0	0	0	0	11480	20	16384	0	0
19300	8	80170	3	80173	194	13	1118	0	0	0	0	0	0	0	0	0	0	0	11480	20	16384	0	0
19300	9	80168	3	80171	194	16	1116	0	0	0	0	0	0	0	0	0	0	0	11480	20	16384	0	0
19300	10	80172	5	80177	198	12	1117	0	0	0	0	0	0	0	0	0	0	0	11480	23	32768	0	0
19300	11	80170	1	80171	200	11	1116	0	0	0	0	0	0	0	0	0	0	0	11480	20	16384	0	0
19300	12	80172	0	80172	194	15	1122	0	0	0	0	0	0	0	0	0	0	0	11480	20	12288	0	0
19300	13	80166	1	80167	194	15	1120	0	0	0	0	0	0	0	0	0	0	0	11480	20	12288	0	0
19300	14	80170	2	80172	196	15	1118	0	0	0	0	0	0	0	0	0	0	0	11480	23	12288	0	0
19300	15	80170	1	80171	192	19	1117	0	0	0	0	0	0	0	0	0	0	0	11480	20	16384	0	0
19300	16	80169	3	80172	194	14	1118	0	0	0	0	0	0	0	0	0	0	0	11480	20	12288	0	0
19300	17	80171	1	80172	192	18	1117	0	0	0	0	0	0	0	0	0	0	0	11480	23	12288	0	0
19300	18	80169	2	80171	194	17	1115	0	0	0	0	0	0	0	0	0	0	0	11480	20	12288	0	0
19300	19	80161	3	80164	198	14	1118	0	0	0	0	0	0	0	0	0	0	0	11480	20	12288	0	0
19300	20	80172	1	80173	194	16	1115	0	0	0	0	0	0	0	0	0	0	0	11480	20	12288	0	0
19300	21	80172	3	80175	196	14	1121	0	0	0	0	0	0	0	0	0	0	0	11480	23	28672	0	0
19300	22	80171	2	80173	196	11	1121	0	0	0	0	0	0	0	0	0	0	0	11480	20	12288	0	0
19300	23	80170	2	80172	196	14	1117	0	0	0	0	0	0	0	0	0	0	0	11480	20	12288	0	0
19300	24	80171	2	80173	191	17	1118	0	0	0	0	0	0	0	0	0	0	0	11480	20	12288	0	0
19300	25	80162	4	80166	194	17	1119	0	0	0	0	0	0	0	0	0	0	0	11480	23	12288	0	0
19300	26	80170	1	80171	196	15	1118	0	0	0	0	0	0	0	0	0	0	0	11480	20	16384	0	0
19300	27	80169	2	80171	196	13	1115	0	0	0	0	0	0	0	0	0	0	0	11480	20	12288	0	0
19300	28	80172	1	80173	194	14	1118	0	0	0	0	0	0	0	0	0	0	0	11480	23	16384	0	0
19300	29	80173	0	80173	194	16	2235	0	0	0	0	0	0	0	0	0	0	0	22960	40	12288	0	0
19300	30	80161	7	80168	196	15	1122	0	0	0	0	0	0	0	0	0	0	0	11480	20	16384	0	0
19300	31	80167	4	80171	196	12	1120	0	0	0	0	0	0	0	0	0	0	0	11480	20	28672	0	0
19300	32	80165	6	80171	194	17	1117	0	0	0	0	0	0	0	0	0	0	0	11480	23	16384	0	0
19300	33	80169	3	80172	196	12	1116	0	0	0	0	0	0	0	0	0	0	0	11480	20	12288	0	0
19300	34	80167	4	80171	192	16	1117	0	0	0	0	0	0	0	0	0	0	0	11480	20	12288	0	0
19300	35	80169	1	80170	196	15	1117	0	0	0	0	0	0	0	0	0	0	0	11480	20	12288	0	0
19300	36	80163	1	80164	194	17	1115	0	0	0	0	0	0	0	0	0	0	0	11480	23	12288	0	0
19300	37	80170	2	80172	194	16	1116	0	0	0	0	0	0	0	0	0	0	0	11480	20	12288	0	0
19300	38	80173	0	80173	192	17	1115	0	0	0	0	0	0	0	0	0	0	0	11480	20	12288	0	0
19300	39	80169	4	80173	198	9	1121	0	0	0	0	0	0	0	0	0	0	0	11480	20	12288	0	0
19300	40	80171	2	80173	198	10	1120	0	0	0	0	0	0	0	0	0	0	0	11480	23	12288	0	0
19300	41	80167	3	80170	190	18	1117	0	0	0	0	0	0	0	0	0	0	0	11480	20	16384	0	0
19300	42	80169	1	80170	200	10	1118	0	0	0	0	0	0	0	0	0	0	0	11480	20	12288	0	0
19300	43	80168	4	80172	196	14	1117	0	0	0	0	0	0	0	0	0	0	0	11480	23	16384	0	0
19300	44	80172	0	80172	197	12	1117	0	0	0	0	0	0	0	0	0	0	0	11480	20	12288	0	0
19300	45	80169	2	80171	194	14	1114	0	0	0	0	0	0	0	0	0	0	0	11480	20	12288	0	0
19300	46	80169	2	80171	198	13	1117	0	0	0	0	0	0	0	0	0	0	0	11480	20	12288	0	0
19300	47	80167	4	80171	196	11	1116	0	0	0	0	0	0	0	0	0	0	0	11480	23	53248	7	0
19300	48	80171	1	80172	194	14	1121	0	0	0	0	0	0	0	0	0	0	0	11480	20	12288	0	0
19300	49	80170	1	80171	199	11	1121	0	0	0	0	0	0	0	0	0	0	0	11480	20	12288	0	0
19300	50	80174	0	80174	197	11	1116	0	0	0	0	0	0	0	0	0	0	0	11480	20	12288	0	0
19300	51	80168	3	80171	197	12	1117	0	0	0	0	0	0	0	0	0	0	0	11480	23	16384	0	0
19300	52	80170	2	80172	198	11	1116	0	0	0	0	0	0	0	0	0	0	0	11480	20	12288	0	0
19300	53	80165	0	80165	193	17	1117	0	0	0	0	0	0	0	0	0	0	0	11480	20	12288	0	0
19300	54	80167	3	80170	197	15	1114	0	0	0	0	0	0	0	0	0	0	0	11480	23	16384	0	0
19300	55	80167	7	80174	192	16	1116	0	0	0	0	0	0	0	0	0	0	0	11480	20	32768	0	0
19300	56	80170	1	80171	196	15	1114	0	0	0	0	0	0	0	0	0	0	0	11480	20	12288	0	0
19300	57	80168	3	80171	194	16	1120	0	0	0	0	0	0	0	0	0	0	0	11480	20	12288	0	0
19300	58	80166	1	80167	194	16	1120	0	0	0	0	0	0	0	0	0	0	0	11480	23	12288	0	0
19300	59	80168	3	80171	196	12	1117	0	0	0	0	0	0	0	0	0	0	0	11480	20	16384	0	0
19300	60	80170	2	80172	196	14	1117	0	0	0	0	0	0	0	0	0	0	0	11480	20	12288	0	0
19300	61	80171	0	80171	196	13	1116	0	0	0	0	0	0	0	0	0	0	0	11480	20	12288	0	0
19300	62	80169	2	80171	196	15	1117	0	0	0	0	0	0	0	0	0	0	0	11480	23	16384	0	0
19300	63	80169	3	80172	194	14	1115	0	0	0	0	0	0	0	0	0	0	0	11480	20	16384	0	0
19300	64	80161	4	80165	192	18	1116	0	0	0	0	0	0	0	0	0	0	0	11480	20	12288	0	0
19300	65	80172	1	80173	194	15	1116	0	0	0	0	0	0	0	0	0	0	0	11480	20	12288	0	0
19300	66	80174	1	80175	194	17	1120	0	0	0	0	0	0	0	0	0	0	0	11480	23	32768	0	0
19300	67	80171	2	80173	190	19	1120	0	0	0	0	0	0	0	0	0	0	0	11480	20	12288	0	0
19300	68	80170	1	80171	194	15	1116	0	0	0	0	0	0	0	0	0	0	0	11480	20	16384	0	0
19300	69	80166	2	80168	198	12	1116	0	0	0	0	0	0	0	0	0	0	0	11480	23	16384	0	0
19300	70	80169	2	80171	192	15	1116	0	0	0	0	0	0	0	0	0	0	0	11480	20	16384	0	0
19300	71	80172	0	80172	198	12	1117	0	0	0	0	0	0	0	0	0	0	0	11480	20	16384	0	0
19300	72	80171	1	80172	193	15	1114	0	0	0	0	0	0	0	0	0	0	0	11480	20	12288	0	0
19300	73	80170	2	80172	196	12	1117	0	0	0	0	0	0	0	0	0	0	0	11480	23	12288	0	0
19300	74	80169	1	80170	192	13	1116	0	0	0	0	0	0	0	0	0	0	0	11480	20	16384	0	0
19300	75	80166	2	80168	194	17	1120	0	0	0	0	0	0	0	0	0	0	0	11480	20	12288	0	0
19300	76	80168	2	80170	190	20	1120	0	0	0	0	0	0	0	0	0	0	0	11480	20	12288	0	0
19300	77	80171	5	80176	194	15	1116	0	0	0	0	0	0	0	0	0	0	0	11480	23	32768	0	0
19300	78	80170	1	80171	192	17	1116	0	0	0	0	0	0	0	0	0	0	0	11480	20	16384	0	0
19300	79	80170	1	80171	194	16	1116	0	0	0	0	0	0	0	0	0	0	0	11480	20	12288	0	0
19300	80	80167	2	80169	192	15	1117	0	0	0	0	0	0	0	0	0	0	0	11480	20	16384	0	0
19300	81	80171	1	80172	196	14	1114	0	0	0	0	0	0	0	0	0	0	0	11480	23	12288	0	0
19300	82	80173	0	80173	194	14	1118	0	0	0	0	0	0	0	0	0	0	0	11480	20	12288	0	0
19300	83	80171	1	80172	194	16	1115	0	0	0	0	0	0	0	0	0	0	0	11480	20	16384	0	0
19300	84	80168	3	80171	192	17	1120	0	0	0	0	0	0	0	0	0	0	0	11480	23	12288	0	0
19300	85	80165	1	80166	198	14	1120	0	0	0	0	0	0	0	0	0	0	0	11480	20	12288	0	0
19300	86	80170	1	80171	198	14	1116	0	0	0	0	0	0	0	0	0	0	0	11480	20	16384	0	0
19300	87	80170	2	80172	194	14	1116	0	0	0	0	0	0	0	0	0	0	0	11480	20	16384	0	0
19300	88	80169	3	80172	196	13	1116	0	0	0	0	0	0	0	0	0	0	0	11480	23	12288	0	0
19300	89	80171	0	80171	196	13	1116	0	0	0	0	0	0	0	0	0	0	0	11480	20	12288	0	0
19300	90	80162	4	80166	192	17	1114	0	0	0	0	0	0	0	0	0	0	0	11480	20	16384	0	0
19300	91	80171	2	80173	196	13	1117	0	0	0	0	0	0	0	0	0	0	0	11480	20	16384	0	0
19300	92	80169	5	80174	194	15	1116	0	0	0	0	0	0	0	0	0	0	0	11480	23	53248	7	0
19300	93	80167	3	80170	194	17	1120	0	0	0	0	0	0	0	0	0	0	0	11480	20	16384	0	0
19300	94	80170	3	80173	200	10	1120	0	0	0	0	0	0	0	0	0	0	0	11480	20	16384	0	0
19300	95	80164	1	80165	196	14	1117	0	0	0	0	0	0	0	0	0	0	0	11480	23	16384	0	0
19300	96	80167	4	80171	196	15	1116	0	0	0	0	0	0	0	0	0	0	0	11480	20	12288	0	0
19300	97	80170	2	80172	196	12	1117	0	0	0	0	0	0	0	0	0	0	0	11480	20	12288	0	0
19300	98	80169	3	80172	190	19	1116	0	0	0	0	0	0	0	0	0	0	0	11480	20	12288	0	0
19300	99	80168	6	80174	196	15	1115	0	0	0	0	0	0	0	0	0	0	0	11480	23	32768	0	0
19300	100	80167	0	80167	190	17	1116	0	0	0	0	0	0	0	0	0	0	0	11480	20	12288	0	0
19300	101	80170	2	80172	194	14	1114	0	0	0	0	0	0	0	0	0	0	0	11480	20	12288	0	0
19300	102	80169	3	80172	190	18	1120	0	0	0	0	0	0	0	0	0	0	0	11480	20	12288	0	0
19300	103	80171	1	80172	200	10	1120	0	0	0	0	0	0	0	0	0	0	0	11480	23	16384	0	0
19300	104	80169	3	80172	192	16	1116	0	0	0	0	0	0	0	0	0	0	0	11480	20	16384	0	0
19300	105	80168	3	80171	196	12	1116	0	0	0	0	0	0	0	0	0	0	0	11480	20	16384	0	0
19300	106	80168	2	80170	194	15	1117	0	0	0	0	0	0	0	0	0	0	0	11480	20	12288	0	0
19300	107	80168	4	80172	199	12	1116	0	0	0	0	0	0	0	0	0	0	0	11480	23	12288	0	0
19300	108	80169	4	80173	192	16	1117	0	0	0	0	0	0	0	0	0	0	0	11480	20	32768	0	0
19300	109	80172	0	80172	196	14	1116	0	0	0	0	0	0	0	0	0	0	0	11480	20	12288	0	0
19300	110	80171	2	80173	194	15	1114	0	0	0	0	0	0	0	0	0	0	0	11480	23	28672	0	0
19300	111	80161	4	80165	192	16	1120	0	0	0	0	0	0	0	0	0	0	0	11480	20	16384	0	0
19300	112	80169	2	80171	194	16	1118	0	0	0	0	0	0	0	0	0	0	0	11480	20	12288	0	0
19300	113	80166	5	80171	190	19	1116	0	0	0	0	0	0	0	0	0	0	0	11480	20	16384	0	0
19300	114	80170	2	80172	194	17	1116	0	0	0	0	0	0	0	0	0	0	0	11480	23	12288	0	0
19300	115	80169	2	80171	196	13	1117	0	0	0	0	0	0	0	0	0	0	0	11480	20	16384	0	0
19300	116	80170	0	80170	196	12	1116	0	0	0	0	0	0	0	0	0	0	0	11480	20	12288	0	0
19300	117	80170	1	80171	196	14	1114	0	0	0	0	0	0	0	0	0	0	0	11480	20	16384	0	0
19300	118	80171	1	80172	194	16	1116	0	0	0	0	0	0	0	0	0	0	0	11480	23	16384	0	0
19300	119	80168	6	80174	194	16	1115	0	0	0	0	0	0	0	0	0	0	0	11570	23	16384	0	0
19300	120	80168	2	80170	195	16	1120	0	0	0	0	0	0	0	0	0	0	0	11480	20	12288	0	0
19300	121	80167	3	80170	198	11	1118	0	0	0	0	0	0	0	0	0	0	0	11480	23	12288	0	0
19300	122	80161	5	80166	194	17	1119	0	0	0	0	0	0	0	0	0	0	0	11480	20	28672	0	0
19300	123	80170	2	80172	192	16	1116	0	0	0	0	0	0	0	0	0	0	0	11480	20	12288	0	0
19300	124	80172	1	80173	195	13	1116	0	0	0	0	0	0	0	0	0	0	0	11480	20	16384	0	0
19300	125	80168	2	80170	200	12	1116	0	0	0	0	0	0	0	0	0	0	0	11480	23	12288	0	0
19300	126	80171	1	80172	196	13	1115	0	0	0	0	0	0	0	0	0	0	0	11480	20	16384	0	0
19300	127	80165	2	80167	190	17	1116	0	0	0	0	0	0	0	0	0	0	0	11480	20	16384	0	0
19300	128	80171	1	80172	196	12	1114	0	0	0	0	0	0	0	0	0	0	0	11480	20	12288	0	0
19300	129	80170	1	80171	194	16	1120	0	0	0	0	0	0	0	0	0	0	0	11480	23	12288	0	0
19300	130	80168	3	80171	198	13	1120	0	0	0	0	0	0	0	0	0	0	0	11480	20	12288	0	0
19300	131	80169	3	80172	194	15	1116	0	0	0	0	0	0	0	0	0	0	0	11480	20	16384	0	0
19300	132	80167	4	80171	193	18	1117	0	0	0	0	0	0	0	0	0	0	0	11480	20	12288	0	0
19300	133	80166	1	80167	196	15	1117	0	0	0	0	0	0	0	0	0	0	0	11480	23	16384	0	0
19300	134	80170	1	80171	192	17	1116	0	0	0	0	0	0	0	0	0	0	0	11480	20	12288	0	0
19300	135	80167	4	80171	192	18	1115	0	0	0	0	0	0	0	0	0	0	0	11480	20	16384	0	0
19300	136	80172	2	80174	194	17	1118	0	0	0	0	0	0	0	0	0	0	0	11480	23	49152	7	0
19300	137	80169	2	80171	200	11	1116	0	0	0	0	0	0	0	0	0	0	0	11480	20	12288	0	0
19300	138	80166	3	80169	198	13	1120	0	0	0	0	0	0	0	0	0	0	0	11480	20	16384	0	0
19300	139	80166	4	80170	192	17	1120	0	0	0	0	0	0	0	0	0	0	0	11480	20	16384	0	0
19300	140	80169	3	80172	198	12	1116	0	0	0	0	0	0	0	0	0	0	0	11480	23	16384	0	0
19300	141	80170	2	80172	196	14	1116	0	0	0	0	0	0	0	0	0	0	0	11480	20	12288	0	0
19300	142	80167	3	80170	198	14	1117	0	0	0	0	0	0	0	0	0	0	0	11480	20	12288	0	0
19300	143	80168	3	80171	200	10	1116	0	0	0	0	0	0	0	0	0	0	0	11480	20	16384	0	0
19300	144	80167	0	80167	200	9	1115	0	0	0	0	0	0	0	0	0	0	0	11480	23	12288	0	0
19300	145	80167	4	80171	194	16	1116	0	0	0	0	0	0	0	0	0	0	0	11480	20	16384	0	0
19300	146	80168	3	80171	192	18	1115	0	0	0	0	0	0	0	0	0	0	0	11480	20	12288	0	0
19300	147	80169	2	80171	197	15	1120	0	0	0	0	0	0	0	0	0	0	0	11480	20	16384	0	0
19300	148	80170	2	80172	196	14	1120	0	0	0	0	0	0	0	0	0	0	0	11480	23	12288	0	0
19300	149	80169	4	80173	194	13	1116	0	0	0	0	0	0	0	0	0	0	0	11480	20	16384	0	0
19300	150	80165	0	80165	196	15	1117	0	0	0	0	0	0	0	0	0	0	0	11480	20	16384	0	0
19300	151	80170	2	80172	194	13	1116	0	0	0	0	0	0	0	0	0	0	0	11480	23	12288	0	0
19300	152	80171	2	80173	196	14	1117	0	0	0	0	0	0	0	0	0	0	0	11480	20	12288	0	0
19300	153	80171	2	80173	196	13	1114	0	0	0	0	0	0	0	0	0	0	0	11480	20	16384	0	0
19300	154	80171	2	80173	196	13	1116	0	0	0	0	0	0	0	0	0	0	0	11480	20	16384	0	0
19300	155	80172	1	80173	194	15	1114	0	0	0	0	0	0	0	0	0	0	0	11480	23	12288	0	0
19300	156	80163	4	80167	198	9	1120	0	0	0	0	0	0	0	0	0	0	0	11480	20	12288	0	0
19300	157	80169	5	80174	194	15	1120	0	0	0	0	0	0	0	0	0	0	0	11571	23	20480	0	0
19300	158	80166	5	80171	198	13	1116	0	0	0	0	0	0	0	0	0	0	0	11480	20	12288	0	0
19300	159	80169	2	80171	198	11	1116	0	0	0	0	0	0	0	0	0	0	0	11480	23	12288	0	0
19300	160	80168	3	80171	196	12	1118	0	0	0	0	0	0	0	0	0	0	0	11480	20	12288	0	0
19300	161	80168	2	80170	196	12	1116	0	0	0	0	0	0	0	0	0	0	0	11480	20	12288	0	0
19300	162	80166	3	80169	198	14	1114	0	0	0	0	0	0	0	0	0	0	0	11480	23	12288	0	0
19300	163	80168	2	80170	192	17	1117	0	0	0	0	0	0	0	0	0	0	0	11480	20	12288	0	0
19300	164	80168	4	80172	195	14	1114	0	0	0	0	0	0	0	0	0	0	0	11480	20	16384	0	0
19300	165	80167	4	80171	196	14	1120	0	0	0	0	0	0	0	0	0	0	0	11480	20	16384	0	0
19300	166	80168	4	80172	198	12	1121	0	0	0	0	0	0	0	0	0	0	0	11480	23	12288	0	0
19300	167	80164	1	80165	198	13	1117	0	0	0	0	0	0	0	0	0	0	0	11480	20	12288	0	0
19300	168	80169	2	80171	194	17	1116	0	0	0	0	0	0	0	0	0	0	0	11480	20	12288	0	0
19300	169	80171	0	80171	190	19	1116	0	0	0	0	0	0	0	0	0	0	0	11480	20	12288	0	0
19300	170	80171	1	80172	196	14	1116	0	0	0	0	0	0	0	0	0	0	0	11480	23	12288	0	0
19300	171	80168	3	80171	198	12	1115	0	0	0	0	0	0	0	0	0	0	0	11480	20	16384	0	0
19300	172	80167	5	80172	194	16	1117	0	0	0	0	0	0	0	0	0	0	0	11480	20	32768	0	0
19300	173	80163	6	80169	194	15	1116	0	0	0	0	0	0	0	0	0	0	0	11480	20	16384	0	0
19300	174	80170	3	80173	192	17	1120	0	0	0	0	0	0	0	0	0	0	0	11480	23	12288	0	0
19300	175	80168	1	80169	196	16	1122	0	0	0	0	0	0	0	0	0	0	0	11480	20	12288	0	0
19300	176	80171	0	80171	194	17	1116	0	0	0	0	0	0	0	0	0	0	0	11480	20	12288	0	0
19300	177	80169	3	80172	196	14	1116	0	0	0	0	0	0	0	0	0	0	0	11480	23	12288	0	0
19300	178	80164	4	80168	194	15	1116	0	0	0	0	0	0	0	0	0	0	0	11480	20	12288	0	0
19300	179	80168	2	80170	197	14	1116	0	0	0	0	0	0	0	0	0	0	0	11480	20	16384	0	0
19300	180	80167	4	80171	194	18	1114	0	0	0	0	0	0	0	0	0	0	0	11480	20	12288	0	0
19300	181	80171	1	80172	198	10	1116	0	0	0	0	0	0	0	0	0	0	0	11480	23	16384	0	0
19300	182	80173	0	80173	194	14	1114	0	0	0	0	0	0	0	0	0	0	0	11480	20	12288	0	0
19300	183	80169	2	80171	198	11	1120	0	0	0	0	0	0	0	0	0	0	0	11480	20	16384	0	0
19300	184	80162	4	80166	194	15	1120	0	0	0	0	0	0	0	0	0	0	0	11480	20	12288	0	0
19300	185	80168	3	80171	198	13	1117	0	0	0	0	0	0	0	0	0	0	0	11480	23	16384	0	0
19300	186	80172	0	80172	194	16	1116	0	0	0	0	0	0	0	0	0	0	0	11480	20	12288	0	0
19300	187	80171	1	80172	196	14	1117	0	0	0	0	0	0	0	0	0	0	0	11480	20	12288	0	0
19300	188	80171	1	80172	196	12	1117	0	0	0	0	0	0	0	0	0	0	0	11480	20	16384	0	0
19300	189	80163	3	80166	196	15	1114	0	0	0	0	0	0	0	0	0	0	0	11480	23	16384	0	0
19300	190	80168	4	80172	198	12	1117	0	0	0	0	0	0	0	0	0	0	0	11480	20	12288	0	0
19300	191	80172	1	80173	198	11	1115	0	0	0	0	0	0	0	0	0	0	0	11480	20	16384	0	0
19300	192	80170	3	80173	192	17	1120	0	0	0	0	0	0	0	0	0	0	0	11480	23	16384	0	0
19300	193	80167	2	80169	195	19	1120	0	0	0	0	0	0	0	0	0	0	0	11480	20	12288	0	0
19300	194	80165	2	80167	196	14	1116	0	0	0	0	0	0	0	0	0	0	0	11480	20	16384	0	0
19300	195	80167	2	80169	200	12	1116	0	0	0	0	0	0	0	0	0	0	0	11480	20	12288	0	0
19300	196	80172	1	80173	194	16	1116	0	0	0	0	0	0	0	0	0	0	0	11570	26	20480	0	0
19300	197	80171	0	80171	196	13	1116	0	0	0	0	0	0	0	0	0	0	0	11480	20	12288	0	0
19300	198	80170	1	80171	198	13	1114	0	0	0	0	0	0	0	0	0	0	0	11480	20	12288	0	0
19300	199	80164	1	80165	196	15	1116	0	0	0	0	0	0	0	0	0	0	0	11480	20	16384	0	0
19300	200	80170	0	80170	194	15	1114	0	0	0	0	0	0	0	0	0	0	0	11480	23	12288	0	0
19300	201	80173	0	80173	192	17	1120	0	0	0	0	0	0	0	0	0	0	0	11480	20	16384	0	0
19300	202	80167	3	80170	194	16	1120	0	0	0	0	0	0	0	0	0	0	0	11480	20	16384	0	0
19300	203	80170	2	80172	196	14	1116	0	0	0	0	0	0	0	0	0	0	0	11480	23	16384	0	0
19300	204	80164	2	80166	194	18	1116	0	0	0	0	0	0	0	0	0	0	0	11480	20	12288	0	0
19300	205	80167	5	80172	196	12	1116	0	0	0	0	0	0	0	0	0	0	0	11480	20	12288	0	0
19300	206	80172	1	80173	194	13	1116	0	0	0	0	0	0	0	0	0	0	0	11480	20	12288	0	0
19300	207	80168	4	80172	194	15	1114	0	0	0	0	0	0	0	0	0	0	0	11480	23	16384	0	0
19300	208	80168	2	80170	194	18	1116	0	0	0	0	0	0	0	0	0	0	0	11480	20	16384	0	0
19300	209	80168	0	80168	198	11	1114	0	0	0	0	0	0	0	0	0	0	0	11480	20	12288	0	0
19300	210	80169	2	80171	192	17	1120	0	0	0	0	0	0	0	0	0	0	0	11480	20	12288	0	0
19300	211	80170	3	80173	194	15	1120	0	0	0	0	0	0	0	0	0	0	0	11480	23	16384	0	0
19300	212	80169	2	80171	196	15	1116	0	0	0	0	0	0	0	0	0	0	0	11480	20	12288	0	0
19300	213	80168	3	80171	199	12	1116	0	0	0	0	0	0	0	0	0	0	0	11480	20	12288	0	0
19300	214	80167	1	80168	196	13	1117	0	0	0	0	0	0	0	0	0	0	0	11480	20	16384	0	0
19300	215	80171	0	80171	198	11	1116	0	0	0	0	0	0	0	0	0	0	0	11480	23	12288	0	0
19300	216	80170	3	80173	192	15	1116	0	0	0	0	0	0	0	0	0	0	0	11480	20	16384	0	0
19300	217	80170	0	80170	200	12	1116	0	0	0	0	0	0	0	0	0	0	0	11480	20	12288	0	0
19300	218	80170	3	80173	196	12	1114	0	0	0	0	0	0	0	0	0	0	0	11480	23	12288	0	0
19300	219	80167	3	80170	198	10	1120	0	0	0	0	0	0	0	0	0	0	0	11480	20	12288	0	0
19300	220	80168	2	80170	194	14	1120	0	0	0	0	0	0	0	0	0	0	0	11480	20	12288	0	0
19300	221	80171	2	80173	192	15	1116	0	0	0	0	0	0	0	0	0	0	0	11480	20	16384	0	0
19300	222	80172	3	80175	192	19	1116	0	0	0	0	0	0	0	0	0	0	0	11480	23	32768	0	0
19300	223	80173	0	80173	192	17	1117	0	0	0	0	0	0	0	0	0	0	0	11480	20	12288	0	0
19300	224	80163	3	80166	198	12	1116	0	0	0	0	0	0	0	0	0	0	0	11480	20	16384	0	0
19300	225	80169	3	80172	196	15	1114	0	0	0	0	0	0	0	0	0	0	0	11480	20	12288	0	0
19300	226	80170	6	80176	196	11	1117	0	0	0	0	0	0	0	0	0	0	0	11480	23	49152	7	0
19300	227	80170	2	80172	196	14	1114	0	0	0	0	0	0	0	0	0	0	0	11480	20	16384	0	0
19300	228	80170	2	80172	192	19	1121	0	0	0	0	0	0	0	0	0	0	0	11480	20	16384	0	0
19300	229	80161	3	80164	196	15	1121	0	0	0	0	0	0	0	0	0	0	0	11480	23	12288	0	0
19300	230	80168	4	80172	195	13	1117	0	0	0	0	0	0	0	0	0	0	0	11480	20	12288	0	0
19300	231	80170	0	80170	194	17	1116	0	0	0	0	0	0	0	0	0	0	0	11480	20	12288	0	0
19300	232	80169	1	80170	196	16	1117	0	0	0	0	0	0	0	0	0	0	0	11480	20	12288	0	0
19300	233	80170	0	80170	194	17	1116	0	0	0	0	0	0	0	0	0	0	0	11480	23	12288	0	0
19300	234	80164	4	80168	198	13	1115	0	0	0	0	0	0	0	0	0	0	0	11480	20	16384	0	0
19300	235	80172	2	80174	199	11	1117	0	0	0	0	0	0	0	0	0	0	0	11480	20	16384	0	0
19300	236	80171	2	80173	192	18	1115	0	0	0	0	0	0	0	0	0	0	0	11480	20	36864	0	0
19300	237	80170	1	80171	194	15	1120	0	0	0	0	0	0	0	0	0	0	0	11480	23	12288	0	0
19300	238	80166	1	80167	196	14	1121	0	0	0	0	0	0	0	0	0	0	0	11480	20	16384	0	0
19300	239	80171	2	80173	192	17	1117	0	0	0	0	0	0	0	0	0	0	0	11480	20	12288	0	0
19300	240	80170	3	80173	194	15	1117	0	0	0	0	0	0	0	0	0	0	0	11480	20	12288	0	0
19300	241	80170	1	80171	194	17	1116	0	0	0	0	0	0	0	0	0	0	0	11480	23	16384	0	0
19300	242	80172	0	80172	192	16	1116	0	0	0	0	0	0	0	0	0	0	0	11480	20	12288	0	0
19300	243	80163	4	80167	194	14	1115	0	0	0	0	0	0	0	0	0	0	0	11480	20	12288	0	0
19300	244	80173	0	80173	196	14	1116	0	0	0	0	0	0	0	0	0	0	0	11480	23	32768	0	0
19300	245	80171	2	80173	196	13	1114	0	0	0	0	0	0	0	0	0	0	0	11480	20	16384	0	0
19300	246	80172	1	80173	198	14	2236	0	0	0	0	0	0	0	0	0	0	0	22960	40	16384	0	0
19300	247	80171	0	80171	198	13	1120	0	0	0	0	0	0	0	0	0	0	0	11480	20	16384	0	0
19300	248	80164	1	80165	198	13	1116	0	0	0	0	0	0	0	0	0	0	0	11480	23	16384	0	0
19300	249	80168	2	80170	196	16	1116	0	0	0	0	0	0	0	0	0	0	0	11480	20	16384	0	0
19300	250	80168	4	80172	192	16	1117	0	0	0	0	0	0	0	0	0	0	0	11480	20	16384	0	0
19300	251	80170	2	80172	196	14	1117	0	0	0	0	0	0	0	0	0	0	0	11480	20	12288	0	0
19300	252	80163	4	80167	192	16	1114	0	0	0	0	0	0	0	0	0	0	0	11480	23	12288	0	0
19300	253	80171	2	80173	196	13	1117	0	0	0	0	0	0	0	0	0	0	0	11480	20	16384	0	0
19300	254	80169	3	80172	192	15	1114	0	0	0	0	0	0	0	0	0	0	0	11480	20	12288	0	0
19300	255	80169	3	80172	194	17	1120	0	0	0	0	0	0	0	0	0	0	0	11480	20	16384	0	0
19300	256	80172	1	80173	196	11	1121	0	0	0	0	0	0	0	0	0	0	0	11480	20	16384	0	0
19300	257	80164	1	80165	194	18	1116	0	0	0	0	0	0	0	0	0	0	0	11480	20	12288	0	0
19300	258	80172	2	80174	200	10	1116	0	0	0	0	0	0	0	0	0	0	0	11480	20	16384	0	0
19300	259	80171	1	80172	196	14	1117	0	0	0	0	0	0	0	0	0	0	0	11480	23	12288	0	0
19300	260	80169	5	80174	192	15	1116	0	0	0	0	0	0	0	0	0	0	0	11480	20	16384	0	0
19300	261	80173	0	80173	196	13	1114	0	0	0	0	0	0	0	0	0	0	0	11480	20	12288	0	0
19300	262	80167	2	80169	194	13	1116	0	0	0	0	0	0	0	0	0	0	0	11480	20	12288	0	0
19300	263	80167	6	80173	198	10	1115	0	0	0	0	0	0	0	0	0	0	0	11480	23	16384	0	0
19300	264	80167	5	80172	194	14	1120	0	0	0	0	0	0	0	0	0	0	0	11480	20	16384	0	0
19300	265	80172	0	80172	199	12	1120	0	0	0	0	0	0	0	0	0	0	0	11480	20	16384	0	0
19300	266	80163	3	80166	196	14	1116	0	0	0	0	0	0	0	0	0	0	0	11480	20	12288	0	0
19300	267	80174	0	80174	194	13	1116	0	0	0	0	0	0	0	0	0	0	0	11480	23	12288	0	0
19300	268	80169	3	80172	200	10	1117	0	0	0	0	0	0	0	0	0	0	0	11480	20	12288	0	0
19300	269	80167	3	80170	191	20	1117	0	0	0	0	0	0	0	0	0	0	0	11480	20	16384	0	0
19300	270	80168	2	80170	198	11	1117	0	0	0	0	0	0	0	0	0	0	0	11480	23	49152	7	0
19300	271	80169	1	80170	196	15	1117	0	0	0	0	0	0	0	0	0	0	0	11480	20	16384	0	0
19300	272	80169	2	80171	200	14	1115	0	0	0	0	0	0	0	0	0	0	0	11480	20	12288	0	0
19300	273	80168	2	80170	196	15	1121	0	0	0	0	0	0	0	0	0	0	0	11480	20	16384	0	0
19300	274	80169	2	80171	197	15	1119	0	0	0	0	0	0	0	0	0	0	0	11480	23	16384	0	0
19300	275	80163	3	80166	193	17	1117	0	0	0	0	0	0	0	0	0	0	0	11480	20	12288	0	0
19300	276	80171	1	80172	196	13	1117	0	0	0	0	0	0	0	0	0	0	0	11480	20	16384	0	0
19300	277	80171	1	80172	196	16	2233	0	0	0	0	0	0	0	0	0	0	0	22960	40	20480	0	0
19300	278	80172	1	80173	198	9	1116	0	0	0	0	0	0	0	0	0	0	0	11480	23	16384	0	0
19300	279	80164	1	80165	194	17	1115	0	0	0	0	0	0	0	0	0	0	0	11480	20	12288	0	0
19300	280	80171	1	80172	196	13	1116	0	0	0	0	0	0	0	0	0	0	0	11480	20	12288	0	0
19300	281	80170	1	80171	196	15	1114	0	0	0	0	0	0	0	0	0	0	0	11480	20	16384	0	0
19300	282	80169	1	80170	198	14	1120	0	0	0	0	0	0	0	0	0	0	0	11480	23	12288	0	0
19300	283	80163	3	80166	194	16	1119	0	0	0	0	0	0	0	0	0	0	0	11480	20	16384	0	0
19300	284	80171	0	80171	196	14	1116	0	0	0	0	0	0	0	0	0	0	0	11480	20	12288	0	0
19300	285	80168	3	80171	194	15	1117	0	0	0	0	0	0	0	0	0	0	0	11480	23	16384	0	0
19300	286	80170	2	80172	194	15	1119	0	0	0	0	0	0	0	0	0	0	0	11480	20	12288	0	0
19300	287	80168	0	80168	190	20	1116	0	0	0	0	0	0	0	0	0	0	0	11480	20	12288	0	0
19300	288	80171	1	80172	198	11	1114	0	0	0	0	0	0	0	0	0	0	0	11480	20	16384	0	0
19300	289	80169	3	80172	194	14	1116	0	0	0	0	0	0	0	0	0	0	0	11480	23	16384	0	0
19300	290	80171	1	80172	188	22	1115	0	0	0	0	0	0	0	0	0	0	0	11480	20	16384	0	0
19300	291	80168	5	80173	195	14	1120	0	0	0	0	0	0	0	0	0	0	0	11480	20	16384	0	0
19300	292	80161	4	80165	192	16	1121	0	0	0	0	0	0	0	0	0	0	0	11480	20	12288	0	0
19300	293	80169	2	80171	194	17	1117	0	0	0	0	0	0	0	0	0	0	0	11480	23	12288	0	0
19300	294	80168	2	80170	193	18	1116	0	0	0	0	0	0	0	0	0	0	0	11480	20	12288	0	0
19300	295	80169	4	80173	194	15	1117	0	0	0	0	0	0	0	0	0	0	0	11480	20	12288	0	0
19300	296	80164	2	80166	196	14	1116	0	0	0	0	0	0	0	0	0	0	0	11480	23	12288	0	0
19300	297	80169	3	80172	197	12	1114	0	0	0	0	0	0	0	0	0	0	0	11480	20	12288	0	0
19300	298	80171	1	80172	195	16	1116	0	0	0	0	0	0	0	0	0	0	0	11480	20	12288	0	0
19300	299	80171	1	80172	198	13	1114	0	0	0	0	0	0	0	0	0	0	0	11480	20	16384	0	0
19300	300	80170	4	80174	192	17	1121	0	0	0	0	0	0	0	0	0	0	0	11480	23	32768	0	0
19300	301	80163	3	80166	196	15	1121	0	0	0	0	0	0	0	0	0	0	0	11480	20	12288	0	0
19300	302	80168	5	80173	194	15	1116	0	0	0	0	0	0	0	0	0	0	0	11480	20	12288	0	0
19300	303	80168	4	80172	197	14	1118	0	0	0	0	0	0	0	0	0	0	0	11480	20	12288	0	0
19300	304	80171	2	80173	194	14	1116	0	0	0	0	0	0	0	0	0	0	0	11480	23	12288	0	0
19300	305	80163	2	80165	198	14	1117	0	0	0	0	0	0	0	0	0	0	0	11480	20	12288	0	0
19300	306	80167	5	80172	194	14	1114	0	0	0	0	0	0	0	0	0	0	0	11480	20	16384	0	0
19300	307	80172	1	80173	196	11	1116	0	0	0	0	0	0	0	0	0	0	0	11480	20	12288	0	0
19300	308	80169	3	80172	194	19	2230	0	0	0	0	0	0	0	0	0	0	0	22960	43	20480	0	0
19300	309	80169	1	80170	196	13	1120	0	0	0	0	0	0	0	0	0	0	0	11480	20	16384	0	0
19300	310	80164	2	80166	192	18	1120	0	0	0	0	0	0	0	0	0	0	0	11480	20	16384	0	0
19300	311	80171	1	80172	192	17	1116	0	0	0	0	0	0	0	0	0	0	0	11480	23	32768	0	0
19300	312	80170	2	80172	192	16	1117	0	0	0	0	0	0	0	0	0	0	0	11480	20	12288	0	0
19300	313	80168	5	80173	196	13	1116	0	0	0	0	0	0	0	0	0	0	0	11480	20	16384	0	0
19300	314	80161	4	80165	194	15	1116	0	0	0	0	0	0	0	0	0	0	0	11480	20	12288	0	0
19300	315	80171	6	80177	196	14	1115	0	0	0	0	0	0	0	0	0	0	0	11480	23	53248	7	0
19300	316	80170	3	80173	194	13	1117	0	0	0	0	0	0	0	0	0	0	0	11480	20	12288	0	0
19300	317	80171	1	80172	194	14	1115	0	0	0	0	0	0	0	0	0	0	0	11480	20	12288	0	0
19300	318	80170	2	80172	194	14	1121	0	0	0	0	0	0	0	0	0	0	0	11480	20	16384	0	0
19300	319	80165	2	80167	194	14	1120	0	0	0	0	0	0	0	0	0	0	0	11480	23	12288	0	0
19300	320	80169	3	80172	198	12	1116	0	0	0	0	0	0	0	0	0	0	0	11480	20	12288	0	0
19300	321	80171	0	80171	196	15	1116	0	0	0	0	0	0	0	0	0	0	0	11480	20	12288	0	0
19300	322	80169	2	80171	196	16	1116	0	0	0	0	0	0	0	0	0	0	0	11480	23	16384	0	0
19300	323	80163	2	80165	192	18	1116	0	0	0	0	0	0	0	0	0	0	0	11480	20	16384	0	0
19300	324	80172	0	80172	198	12	1115	0	0	0	0	0	0	0	0	0	0	0	11480	20	12288	0	0
19300	325	80170	3	80173	194	13	1116	0	0	0	0	0	0	0	0	0	0	0	11480	20	12288	0	0
19300	326	80168	4	80172	196	14	1115	0	0	0	0	0	0	0	0	0	0	0	11480	23	12288	0	0
19300	327	80170	3	80173	196	11	1120	0	0	0	0	0	0	0	0	0	0	0	11480	20	16384	0	0
19300	328	80165	2	80167	192	17	1121	0	0	0	0	0	0	0	0	0	0	0	11480	20	12288	0	0
19300	329	80171	0	80171	198	13	1117	0	0	0	0	0	0	0	0	0	0	0	11480	20	12288	0	0
19300	330	80168	2	80170	197	14	1116	0	0	0	0	0	0	0	0	0	0	0	11480	23	16384	0	0
19300	331	80169	4	80173	196	11	1116	0	0	0	0	0	0	0	0	0	0	0	11480	20	16384	0	0
19300	332	80171	1	80172	198	12	1116	0	0	0	0	0	0	0	0	0	0	0	11480	20	12288	0	0
19300	333	80166	1	80167	194	13	1115	0	0	0	0	0	0	0	0	0	0	0	11480	20	16384	0	0
19300	334	80172	2	80174	198	12	1116	0	0	0	0	0	0	0	0	0	0	0	11480	23	28672	0	0
19300	335	80171	2	80173	196	11	1115	0	0	0	0	0	0	0	0	0	0	0	11480	20	12288	0	0
19300	336	80172	3	80175	196	11	1120	0	0	0	0	0	0	0	0	0	0	0	11480	20	16384	0	0
19300	337	80169	2	80171	195	14	1120	0	0	0	0	0	0	0	0	0	0	0	11480	23	16384	0	0
19300	338	80168	2	80170	194	15	1117	0	0	0	0	0	0	0	0	0	0	0	11480	20	16384	0	0
19300	339	80169	1	80170	202	13	2232	0	0	0	0	0	0	0	0	0	0	0	22960	40	16384	0	0
19300	340	80169	2	80171	198	13	1116	0	0	0	0	0	0	0	0	0	0	0	11480	20	12288	0	0
19300	341	80172	1	80173	196	14	1116	0	0	0	0	0	0	0	0	0	0	0	11480	23	12288	0	0
19300	342	80164	3	80167	196	14	1114	0	0	0	0	0	0	0	0	0	0	0	11480	20	16384	0	0
19300	343	80169	4	80173	196	12	1116	0	0	0	0	0	0	0	0	0	0	0	11480	20	16384	0	0
19300	344	80172	0	80172	196	12	1115	0	0	0	0	0	0	0	0	0	0	0	11480	20	12288	0	0
19300	345	80170	1	80171	194	16	1122	0	0	0	0	0	0	0	0	0	0	0	11480	23	12288	0	0
19300	346	80170	4	80174	194	14	1120	0	0	0	0	0	0	0	0	0	0	0	11480	20	16384	0	0
19300	347	80161	3	80164	196	13	1116	0	0	0	0	0	0	0	0	0	0	0	11480	20	16384	0	0
19300	348	80172	0	80172	194	16	1117	0	0	0	0	0	0	0	0	0	0	0	11480	20	12288	0	0
19300	349	80171	0	80171	192	20	1117	0	0	0	0	0	0	0	0	0	0	0	11480	23	12288	0	0
19300	350	80167	3	80170	198	13	1117	0	0	0	0	0	0	0	0	0	0	0	11480	20	12288	0	0
19300	351	80168	3	80171	192	18	1114	0	0	0	0	0	0	0	0	0	0	0	11480	20	16384	0	0
19300	352	80170	2	80172	194	16	1116	0	0	0	0	0	0	0	0	0	0	0	11480	23	12288	0	0
19300	353	80165	2	80167	194	15	1114	0	0	0	0	0	0	0	0	0	0	0	11480	20	12288	0	0
19300	354	80170	1	80171	197	12	1120	0	0	0	0	0	0	0	0	0	0	0	11480	20	16384	0	0
19300	355	80168	2	80170	194	19	1120	0	0	0	0	0	0	0	0	0	0	0	11480	20	12288	0	0
19300	356	80170	2	80172	194	14	1116	0	0	0	0	0	0	0	0	0	0	0	11480	23	12288	0	0
19300	357	80168	3	80171	196	14	1117	0	0	0	0	0	0	0	0	0	0	0	11480	20	16384	0	0
19300	358	80170	2	80172	191	18	1116	0	0	0	0	0	0	0	0	0	0	0	11480	20	16384	0	0
19300	359	80165	5	80170	192	19	1116	0	0	0	0	0	0	0	0	0	0	0	11480	20	12288	0	0
19300	360	80166	5	80171	198	12	1116	0	0	0	0	0	0	0	0	0	0	0	11480	23	53248	7	0
19300	361	80172	2	80174	198	9	1116	0	0	0	0	0	0	0	0	0	0	0	11480	20	12288	0	0
19300	362	80171	1	80172	192	16	1115	0	0	0	0	0	0	0	0	0	0	0	11480	20	12288	0	0
19300	363	80170	2	80172	196	14	1120	0	0	0	0	0	0	0	0	0	0	0	11480	23	12288	0	0
19300	364	80173	1	80174	196	12	1120	0	0	0	0	0	0	0	0	0	0	0	11480	20	32768	0	0
19300	365	80168	3	80171	194	15	1116	0	0	0	0	0	0	0	0	0	0	0	11480	20	16384	0	0
19300	366	80161	5	80166	198	9	1116	0	0	0	0	0	0	0	0	0	0	0	11480	20	16384	0	0
19300	367	80170	1	80171	196	14	1116	0	0	0	0	0	0	0	0	0	0	0	11480	23	16384	0	0
19300	368	80168	3	80171	192	17	1117	0	0	0	0	0	0	0	0	0	0	0	11480	20	12288	0	0
19300	369	80171	2	80173	195	13	1115	0	0	0	0	0	0	0	0	0	0	0	11480	20	12288	0	0
19300	370	80168	3	80171	200	15	2232	0	0	0	0	0	0	0	0	0	0	0	22960	40	16384	0	0
19300	371	80169	3	80172	192	16	1114	0	0	0	0	0	0	0	0	0	0	0	11480	23	16384	0	0
19300	372	80164	1	80165	192	18	1120	0	0	0	0	0	0	0	0	0	0	0	11480	20	12288	0	0
19300	373	80166	5	80171	200	10	1120	0	0	0	0	0	0	0	0	0	0	0	11480	20	12288	0	0
19300	374	80170	0	80170	197	15	1116	0	0	0	0	0	0	0	0	0	0	0	11480	20	16384	0	0
19300	375	80170	1	80171	194	15	1117	0	0	0	0	0	0	0	0	0	0	0	11480	23	12288	0	0
19300	376	80169	1	80170	194	17	1116	0	0	0	0	0	0	0	0	0	0	0	11480	20	12288	0	0
19300	377	80168	3	80171	192	18	1116	0	0	0	0	0	0	0	0	0	0	0	11480	20	16384	0	0
19300	378	80169	3	80172	194	17	1114	0	0	0	0	0	0	0	0	0	0	0	11480	23	16384	0	0
19300	379	80168	3	80171	190	20	1118	0	0	0	0	0	0	0	0	0	0	0	11480	20	16384	0	0
19300	380	80169	3	80172	190	20	1114	0	0	0	0	0	0	0	0	0	0	0	11480	20	16384	0	0
19300	381	80161	4	80165	198	12	1120	0	0	0	0	0	0	0	0	0	0	0	11480	20	16384	0	0
19300	382	80167	4	80171	196	14	1121	0	0	0	0	0	0	0	0	0	0	0	11480	23	16384	0	0
19300	383	80169	2	80171	199	12	1116	0	0	0	0	0	0	0	0	0	0	0	11480	20	12288	0	0
19300	384	80170	2	80172	193	17	1116	0	0	0	0	0	0	0	0	0	0	0	11480	20	16384	0	0
19300	385	80168	2	80170	196	14	1116	0	0	0	0	0	0	0	0	0	0	0	11480	20	12288	0	0
19300	386	80168	2	80170	196	14	1116	0	0	0	0	0	0	0	0	0	0	0	11480	23	16384	0	0
19300	387	80165	6	80171	193	16	1114	0	0	0	0	0	0	0	0	0	0	0	11480	20	16384	0	0
19300	388	80172	0	80172	194	13	1117	0	0	0	0	0	0	0	0	0	0	0	11480	20	12288	0	0
19300	389	80170	2	80172	198	12	1114	0	0	0	0	0	0	0	0	0	0	0	11480	23	12288	0	0
19300	390	80169	3	80172	198	11	1120	0	0	0	0	0	0	0	0	0	0	0	11480	20	12288	0	0
19300	391	80165	5	80170	192	15	1120	0	0	0	0	0	0	0	0	0	0	0	11480	20	16384	0	0
19300	392	80168	0	80168	198	13	1116	0	0	0	0	0	0	0	0	0	0	0	11480	20	12288	0	0
19300	393	80168	4	80172	198	11	1116	0	0	0	0	0	0	0	0	0	0	0	11480	23	16384	0	0
19300	394	80169	3	80172	195	17	1116	0	0	0	0	0	0	0	0	0	0	0	11480	20	16384	0	0
19300	395	80169	2	80171	198	12	1116	0	0	0	0	0	0	0	0	0	0	0	11480	20	16384	0	0
19300	396	80170	2	80172	197	13	1115	0	0	0	0	0	0	0	0	0	0	0	11480	20	12288	0	0
19300	397	80169	2	80171	198	11	1117	0	0	0	0	0	0	0	0	0	0	0	11480	23	12288	0	0
19300	398	80168	2	80170	198	11	1114	0	0	0	0	0	0	0	0	0	0	0	11480	20	16384	0	0
19300	399	80169	2	80171	198	12	1121	0	0	0	0	0	0	0	0	0	0	0	11480	20	16384	0	0
19300	400	80169	2	80171	201	11	1120	0	0	0	0	0	0	0	0	0	0	0	11480	20	12288	0	0
19300	401	80169	2	80171	196	17	2232	0	0	0	0	0	0	0	0	0	0	0	22960	43	20480	0	0
19300	402	80168	3	80171	198	10	1116	0	0	0	0	0	0	0	0	0	0	0	11480	20	16384	0	0
19300	403	80162	4	80166	198	12	1118	0	0	0	0	0	0	0	0	0	0	0	11480	20	12288	0	0
19300	404	80168	4	80172	198	12	1117	0	0	0	0	0	0	0	0	0	0	0	11480	23	53248	7	0
19300	405	80168	3	80171	198	12	1115	0	0	0	0	0	0	0	0	0	0	0	11480	20	16384	0	0
19300	406	80169	2	80171	190	21	1117	0	0	0	0	0	0	0	0	0	0	0	11480	20	16384	0	0
19300	407	80168	4	80172	192	17	1115	0	0	0	0	0	0	0	0	0	0	0	11480	20	16384	0	0
19300	408	80170	1	80171	192	16	1120	0	0	0	0	0	0	0	0	0	0	0	11480	23	16384	0	0
19300	409	80168	3	80171	192	17	1120	0	0	0	0	0	0	0	0	0	0	0	11480	20	12288	0	0
19300	410	80170	3	80173	198	11	1116	0	0	0	0	0	0	0	0	0	0	0	11480	20	12288	0	0
19300	411	80168	2	80170	194	17	1117	0	0	0	0	0	0	0	0	0	0	0	11480	20	12288	0	0
19300	412	80165	5	80170	198	15	1117	0	0	0	0	0	0	0	0	0	0	0	11480	23	32768	0	0
19300	413	80170	1	80171	196	12	1116	0	0	0	0	0	0	0	0	0	0	0	11480	20	16384	0	0
19300	414	80165	6	80171	194	16	1114	0	0	0	0	0	0	0	0	0	0	0	11480	20	16384	0	0
19300	415	80166	2	80168	194	12	1116	0	0	0	0	0	0	0	0	0	0	0	11480	20	12288	0	0
19300	416	80170	1	80171	194	12	1114	0	0	0	0	0	0	0	0	0	0	0	11480	23	12288	0	0
19300	417	80170	1	80171	196	14	1120	0	0	0	0	0	0	0	0	0	0	0	11480	20	12288	0	0
19300	418	80170	3	80173	198	11	1120	0	0	0	0	0	0	0	0	0	0	0	11480	20	16384	0	0
19300	419	80167	6	80173	190	17	1116	0	0	0	0	0	0	0	0	0	0	0	11480	23	16384	0	0
19300	420	80170	1	80171	196	13	1116	0	0	0	0	0	0	0	0	0	0	0	11480	20	12288	0	0
19300	421	80167	4	80171	193	20	1117	0	0	0	0	0	0	0	0	0	0	0	11480	20	12288	0	0
19300	422	80166	2	80168	194	18	1116	0	0	0	0	0	0	0	0	0	0	0	11480	20	12288	0	0
19300	423	80172	2	80174	198	15	1114	0	0	0	0	0	0	0	0	0	0	0	11480	23	32768	0	0
19300	424	80167	3	80170	193	16	1116	0	0	0	0	0	0	0	0	0	0	0	11480	20	16384	0	0
19300	425	80168	2	80170	196	15	1115	0	0	0	0	0	0	0	0	0	0	0	11480	20	12288	0	0
19300	426	80168	4	80172	195	15	1120	0	0	0	0	0	0	0	0	0	0	0	11480	20	16384	0	0
19300	427	80170	0	80170	194	17	1121	0	0	0	0	0	0	0	0	0	0	0	11480	23	12288	0	0
19300	428	80165	3	80168	199	10	1117	0	0	0	0	0	0	0	0	0	0	0	11480	20	32768	0	0
19300	429	80170	2	80172	190	19	1116	0	0	0	0	0	0	0	0	0	0	0	11480	20	12288	0	0
19300	430	80171	2	80173	196	11	1117	0	0	0	0	0	0	0	0	0	0	0	11480	23	12288	0	0
19300	431	80170	1	80171	195	14	1116	0	0	0	0	0	0	0	0	0	0	0	11480	20	12288	0	0
19300	432	80166	4	80170	198	15	2232	0	0	0	0	0	0	0	0	0	0	0	22960	40	20480	0	0
19300	433	80168	3	80171	192	18	1116	0	0	0	0	0	0	0	0	0	0	0	11480	20	16384	0	0
19300	434	80168	4	80172	196	11	1115	0	0	0	0	0	0	0	0	0	0	0	11480	23	12288	0	0
19300	435	80168	4	80172	196	12	1118	0	0	0	0	0	0	0	0	0	0	0	11480	20	16384	0	0
19300	436	80171	1	80172	196	12	1121	0	0	0	0	0	0	0	0	0	0	0	11480	20	12288	0	0
19300	437	80169	2	80171	198	12	1116	0	0	0	0	0	0	0	0	0	0	0	11480	20	16384	0	0
19300	438	80165	3	80168	194	16	1116	0	0	0	0	0	0	0	0	0	0	0	11480	23	12288	0	0
19300	439	80167	2	80169	196	14	1117	0	0	0	0	0	0	0	0	0	0	0	11480	20	16384	0	0
19300	440	80168	2	80170	196	14	1116	0	0	0	0	0	0	0	0	0	0	0	11480	20	16384	0	0
19300	441	80167	3	80170	194	15	1117	0	0	0	0	0	0	0	0	0	0	0	11480	20	12288	0	0
19300	442	80170	3	80173	196	11	1116	0	0	0	0	0	0	0	0	0	0	0	11480	23	16384	0	0
19300	443	80168	2	80170	190	19	1115	0	0	0	0	0	0	0	0	0	0	0	11480	20	16384	0	0
19300	444	80167	3	80170	192	16	1120	0	0	0	0	0	0	0	0	0	0	0	11480	20	16384	0	0
19300	445	80170	2	80172	196	17	1118	0	0	0	0	0	0	0	0	0	0	0	11480	23	12288	0	0
19300	446	80169	4	80173	194	15	1117	0	0	0	0	0	0	0	0	0	0	0	11480	20	16384	0	0
19300	447	80168	3	80171	194	13	1116	0	0	0	0	0	0	0	0	0	0	0	11480	20	16384	0	0
19300	448	80168	2	80170	192	19	1116	0	0	0	0	0	0	0	0	0	0	0	11480	20	16384	0	0
19300	449	80173	1	80174	196	15	1118	0	0	0	0	0	0	0	0	0	0	0	11480	23	49152	7	0
19300	450	80171	0	80171	192	17	1115	0	0	0	0	0	0	0	0	0	0	0	11480	20	12288	0	0
19300	451	80170	1	80171	194	14	1116	0	0	0	0	0	0	0	0	0	0	0	11480	20	12288	0	0
19300	452	80170	0	80170	194	15	1114	0	0	0	0	0	0	0	0	0	0	0	11480	20	16384	0	0
19300	453	80164	1	80165	193	19	1121	0	0	0	0	0	0	0	0	0	0	0	11480	23	16384	0	0
19300	454	80168	2	80170	192	17	1121	0	0	0	0	0	0	0	0	0	0	0	11480	20	16384	0	0
19300	455	80168	4	80172	196	14	1117	0	0	0	0	0	0	0	0	0	0	0	11480	20	16384	0	0
19300	456	80169	2	80171	198	10	1116	0	0	0	0	0	0	0	0	0	0	0	11480	23	16384	0	0
19300	457	80170	3	80173	194	14	1116	0	0	0	0	0	0	0	0	0	0	0	11480	20	16384	0	0
19300	458	80170	1	80171	192	18	1117	0	0	0	0	0	0	0	0	0	0	0	11480	20	16384	0	0
19300	459	80172	0	80172	194	15	1117	0	0	0	0	0	0	0	0	0	0	0	11480	20	12288	0	0
19300	460	80170	2	80172	194	14	1116	0	0	0	0	0	0	0	0	0	0	0	11480	23	16384	0	0
19300	461	80168	2	80170	198	13	1114	0	0	0	0	0	0	0	0	0	0	0	11480	20	12288	0	0
19300	462	80169	1	80170	196	13	1120	0	0	0	0	0	0	0	0	0	0	0	11480	20	16384	0	0
19300	463	80169	2	80171	200	13	2236	0	0	0	0	0	0	0	0	0	0	0	22960	40	16384	0	0
19300	464	80169	2	80171	194	14	1116	0	0	0	0	0	0	0	0	0	0	0	11480	23	12288	0	0
19300	465	80168	1	80169	194	18	1116	0	0	0	0	0	0	0	0	0	0	0	11480	20	12288	0	0
19300	466	80168	3	80171	192	15	1116	0	0	0	0	0	0	0	0	0	0	0	11480	20	16384	0	0
19300	467	80164	2	80166	192	17	1116	0	0	0	0	0	0	0	0	0	0	0	11480	20	12288	0	0
19300	468	80168	3	80171	198	11	1114	0	0	0	0	0	0	0	0	0	0	0	11480	23	12288	0	0
19300	469	80171	1	80172	199	9	1116	0	0	0	0	0	0	0	0	0	0	0	11480	20	12288	0	0
19300	470	80169	1	80170	198	13	1115	0	0	0	0	0	0	0	0	0	0	0	11480	20	16384	0	0
19300	471	80169	2	80171	194	15	1121	0	0	0	0	0	0	0	0	0	0	0	11480	23	12288	0	0
19300	472	80171	0	80171	194	15	1121	0	0	0	0	0	0	0	0	0	0	0	11480	20	12288	0	0
19300	473	80170	2	80172	194	13	1116	0	0	0	0	0	0	0	0	0	0	0	11480	20	12288	0	0
19300	474	80168	3	80171	198	12	1116	0	0	0	0	0	0	0	0	0	0	0	11480	20	16384	0	0
19300	475	80170	1	80171	194	16	1117	0	0	0	0	0	0	0	0	0	0	0	11480	23	16384	0	0
19300	476	80169	3	80172	196	13	1116	0	0	0	0	0	0	0	0	0	0	0	11480	20	16384	0	0
19300	477	80164	0	80164	196	15	1115	0	0	0	0	0	0	0	0	0	0	0	11480	20	16384	0	0
19300	478	80171	0	80171	194	14	1117	0	0	0	0	0	0	0	0	0	0	0	11480	20	16384	0	0
19300	479	80169	2	80171	196	14	1114	0	0	0	0	0	0	0	0	0	0	0	11480	23	12288	0	0
19300	480	80167	4	80171	201	11	1120	0	0	0	0	0	0	0	0	0	0	0	11480	20	12288	0	0
19300	481	80171	1	80172	194	16	1120	0	0	0	0	0	0	0	0	0	0	0	11480	20	12288	0	0
19300	482	80169	1	80170	198	13	1116	0	0	0	0	0	0	0	0	0	0	0	11480	20	16384	0	0
19300	483	80170	1	80171	195	17	1116	0	0	0	0	0	0	0	0	0	0	0	11480	23	12288	0	0
19300	484	80169	1	80170	192	19	1117	0	0	0	0	0	0	0	0	0	0	0	11480	20	16384	0	0
19300	485	80163	2	80165	193	16	1116	0	0	0	0	0	0	0	0	0	0	0	11480	20	12288	0	0
19300	486	80167	4	80171	194	16	1115	0	0	0	0	0	0	0	0	0	0	0	11480	23	12288	0	0
19300	487	80171	1	80172	194	15	1116	0	0	0	0	0	0	0	0	0	0	0	11480	20	16384	0	0
19300	488	80171	1	80172	194	15	1114	0	0	0	0	0	0	0	0	0	0	0	11480	20	16384	0	0
19300	489	80171	2	80173	192	16	1122	0	0	0	0	0	0	0	0	0	0	0	11480	20	16384	0	0
19300	490	80171	4	80175	196	13	1120	0	0	0	0	0	0	0	0	0	0	0	11480	23	28672	0	0
19300	491	80163	3	80166	200	11	1117	0	0	0	0	0	0	0	0	0	0	0	11480	20	12288	0	0
19300	492	80172	0	80172	200	11	1116	0	0	0	0	0	0	0	0	0	0	0	11480	20	32768	0	0
19300	493	80171	2	80173	196	11	1116	0	0	0	0	0	0	0	0	0	0	0	11480	20	16384	0	0
19300	494	80172	2	80174	200	15	2231	0	0	0	0	0	0	0	0	0	0	0	22960	43	49152	7	0
19300	495	80170	2	80172	195	13	1115	0	0	0	0	0	0	0	0	0	0	0	11480	20	12288	0	0
19300	496	80170	2	80172	194	15	1116	0	0	0	0	0	0	0	0	0	0	0	11480	20	16384	0	0
19300	497	80164	2	80166	197	15	1114	0	0	0	0	0	0	0	0	0	0	0	11480	23	12288	0	0
19300	498	80171	0	80171	196	12	1120	0	0	0	0	0	0	0	0	0	0	0	11480	20	12288	0	0
19300	499	80166	4	80170	198	13	1120	0	0	0	0	0	0	0	0	0	0	0	11480	20	16384	0	0
19300	500	80169	4	80173	192	17	1116	0	0	0	0	0	0	0	0	0	0	0	11480	20	12288	0	0
19300	501	80173	0	80173	196	16	1116	0	0	0	0	0	0	0	0	0	0	0	11480	23	32768	0	0
19300	502	80169	2	80171	198	12	1116	0	0	0	0	0	0	0	0	0	0	0	11480	20	16384	0	0
19300	503	80166	0	80166	192	19	1117	0	0	0	0	0	0	0	0	0	0	0	11480	20	12288	0	0
19300	504	80170	2	80172	192	18	1115	0	0	0	0	0	0	0	0	0	0	0	11480	20	12288	0	0
19300	505	80172	0	80172	194	14	1117	0	0	0	0	0	0	0	0	0	0	0	11480	23	12288	0	0
19300	506	80172	1	80173	194	13	1115	0	0	0	0	0	0	0	0	0	0	0	11480	20	12288	0	0
19300	507	80169	3	80172	198	11	1121	0	0	0	0	0	0	0	0	0	0	0	11480	20	16384	0	0
19300	508	80168	1	80169	196	17	1121	0	0	0	0	0	0	0	0	0	0	0	11480	20	12288	0	0
19300	509	80163	3	80166	194	14	1116	0	0	0	0	0	0	0	0	0	0	0	11480	23	16384	0	0
19300	510	80171	1	80172	194	14	1117	0	0	0	0	0	0	0	0	0	0	0	11480	20	12288	0	0
19300	511	80167	4	80171	190	21	1116	0	0	0	0	0	0	0	0	0	0	0	11480	20	12288	0	0
19300	512	80171	0	80171	195	17	1116	0	0	0	0	0	0	0	0	0	0	0	11480	23	16384	0	0
19300	513	80170	2	80172	197	12	1115	0	0	0	0	0	0	0	0	0	0	0	11480	20	16384	0	0
19300	514	80169	1	80170	192	17	1116	0	0	0	0	0	0	0	0	0	0	0	11480	20	12288	0	0
19300	515	80164	4	80168	196	14	1115	0	0	0	0	0	0	0	0	0	0	0	11480	20	16384	0	0
19300	516	80171	0	80171	200	11	1121	0	0	0	0	0	0	0	0	0	0	0	11480	23	12288	0	0
19300	517	80168	3	80171	198	11	1121	0	0	0	0	0	0	0	0	0	0	0	11480	20	16384	0	0
19300	518	80170	1	80171	190	21	1116	0	0	0	0	0	0	0	0	0	0	0	11480	20	12288	0	0
19300	519	80169	2	80171	196	13	1116	0	0	0	0	0	0	0	0	0	0	0	11480	20	16384	0	0
19300	520	80167	1	80168	200	11	1116	0	0	0	0	0	0	0	0	0	0	0	11480	23	12288	0	0
19300	521	80169	2	80171	192	16	1117	0	0	0	0	0	0	0	0	0	0	0	11480	20	12288	0	0
19300	522	80172	2	80174	192	15	1115	0	0	0	0	0	0	0	0	0	0	0	11480	20	12288	0	0
19300	523	80171	1	80172	196	14	1116	0	0	0	0	0	0	0	0	0	0	0	11480	23	12288	0	0
19300	524	80173	1	80174	198	10	1115	0	0	0	0	0	0	0	0	0	0	0	11480	20	12288	0	0
19300	525	80166	2	80168	194	13	1122	0	0	0	0	0	0	0	0	0	0	0	11480	20	12288	0	0
19300	526	80170	3	80173	197	13	1120	0	0	0	0	0	0	0	0	0	0	0	11480	20	12288	0	0
19300	527	80172	0	80172	194	15	1116	0	0	0	0	0	0	0	0	0	0	0	11480	23	12288	0	0
19300	528	80170	3	80173	190	17	1116	0	0	0	0	0	0	0	0	0	0	0	11480	20	16384	0	0
19300	529	80169	2	80171	194	15	1116	0	0	0	0	0	0	0	0	0	0	0	11480	20	12288	0	0
19300	530	80165	2	80167	192	16	1116	0	0	0	0	0	0	0	0	0	0	0	11480	20	16384	0	0
19300	531	80171	2	80173	196	12	1115	0	0	0	0	0	0	0	0	0	0	0	11480	23	12288	0	0
19300	532	80171	1	80172	198	10	1116	0	0	0	0	0	0	0	0	0	0	0	11480	20	16384	0	0
19300	533	80169	1	80170	190	20	1114	0	0	0	0	0	0	0	0	0	0	0	11480	20	16384	0	0
19300	534	80170	2	80172	198	13	1121	0	0	0	0	0	0	0	0	0	0	0	11480	20	12288	0	0
19300	535	80166	0	80166	198	10	1120	0	0	0	0	0	0	0	0	0	0	0	11480	23	16384	0	0
19300	536	80171	1	80172	196	14	1116	0	0	0	0	0	0	0	0	0	0	0	11480	20	16384	0	0
19300	537	80166	4	80170	201	11	1117	0	0	0	0	0	0	0	0	0	0	0	11480	20	12288	0	0
19300	538	80170	2	80172	198	13	1117	0	0	0	0	0	0	0	0	0	0	0	11480	23	53248	7	0
19300	539	80167	6	80173	198	11	1117	0	0	0	0	0	0	0	0	0	0	0	11480	20	12288	0	0
19300	540	80164	2	80166	196	14	1114	0	0	0	0	0	0	0	0	0	0	0	11480	20	16384	0	0
19300	541	80169	2	80171	198	12	1116	0	0	0	0	0	0	0	0	0	0	0	11480	20	12288	0	0
19300	542	80168	3	80171	198	12	1115	0	0	0	0	0	0	0	0	0	0	0	11480	23	16384	0	0
19300	543	80169	3	80172	195	16	1120	0	0	0	0	0	0	0	0	0	0	0	11480	20	12288	0	0
19300	544	80170	2	80172	198	12	1120	0	0	0	0	0	0	0	0	0	0	0	11480	20	12288	0	0
19300	545	80163	3	80166	192	19	1116	0	0	0	0	0	0	0	0	0	0	0	11480	20	12288	0	0
19300	546	80169	3	80172	196	15	1116	0	0	0	0	0	0	0	0	0	0	0	11480	23	32768	0	0
19300	547	80167	4	80171	195	13	1117	0	0	0	0	0	0	0	0	0	0	0	11480	20	16384	0	0
19300	548	80170	1	80171	196	15	1117	0	0	0	0	0	0	0	0	0	0	0	11480	20	12288	0	0
19300	549	80166	7	80173	196	11	1114	0	0	0	0	0	0	0	0	0	0	0	11480	20	12288	0	0
19300	550	80166	2	80168	194	13	1117	0	0	0	0	0	0	0	0	0	0	0	11480	23	12288	0	0
19300	551	80169	2	80171	194	16	1114	0	0	0	0	0	0	0	0	0	0	0	11480	20	16384	0	0
19300	552	80169	4	80173	197	13	1120	0	0	0	0	0	0	0	0	0	0	0	11480	20	12288	0	0
19300	553	80171	0	80171	198	13	1121	0	0	0	0	0	0	0	0	0	0	0	11480	23	12288	0	0
19300	554	80166	1	80167	193	17	1117	0	0	0	0	0	0	0	0	0	0	0	11480	20	12288	0	0
19300	555	80166	4	80170	196	13	1116	0	0	0	0	0	0	0	0	0	0	0	11480	20	16384	0	0
19300	556	80171	2	80173	196	14	1118	0	0	0	0	0	0	0	0	0	0	0	11480	20	32768	0	0
19300	557	80173	2	80175	198	13	1116	0	0	0	0	0	0	0	0	0	0	0	11480	23	28672	0	0
19300	558	80169	0	80169	194	14	1114	0	0	0	0	0	0	0	0	0	0	0	11480	20	12288	0	0
19300	559	80171	0	80171	196	16	1116	0	0	0	0	0	0	0	0	0	0	0	11480	20	12288	0	0
19300	560	80172	0	80172	196	14	1114	0	0	0	0	0	0	0	0	0	0	0	11480	20	16384	0	0
19300	561	80168	3	80171	196	14	1121	0	0	0	0	0	0	0	0	0	0	0	11480	23	16384	0	0
19300	562	80169	1	80170	195	15	1121	0	0	0	0	0	0	0	0	0	0	0	11480	20	12288	0	0
19300	563	80167	2	80169	196	14	1116	0	0	0	0	0	0	0	0	0	0	0	11480	20	16384	0	0
19300	564	80171	0	80171	194	16	1117	0	0	0	0	0	0	0	0	0	0	0	11480	23	12288	0	0
19300	565	80170	2	80172	196	13	1117	0	0	0	0	0	0	0	0	0	0	0	11480	20	12288	0	0
19300	566	80167	4	80171	198	13	1116	0	0	0	0	0	0	0	0	0	0	0	11480	20	12288	0	0
19300	567	80164	1	80165	194	15	1114	0	0	0	0	0	0	0	0	0	0	0	11480	20	16384	0	0
19300	568	80169	2	80171	195	15	1117	0	0	0	0	0	0	0	0	0	0	0	11480	23	16384	0	0
19300	569	80168	4	80172	200	10	1114	0	0	0	0	0	0	0	0	0	0	0	11480	20	16384	0	0
19300	570	80172	0	80172	196	14	1120	0	0	0	0	0	0	0	0	0	0	0	11480	20	16384	0	0
19300	571	80163	2	80165	193	19	1120	0	0	0	0	0	0	0	0	0	0	0	11480	20	16384	0	0
19300	572	80167	5	80172	198	11	1116	0	0	0	0	0	0	0	0	0	0	0	11480	23	16384	0	0
19300	573	80172	1	80173	198	11	1116	0	0	0	0	0	0	0	0	0	0	0	11480	20	16384	0	0
19300	574	80166	5	80171	196	16	1116	0	0	0	0	0	0	0	0	0	0	0	11480	20	16384	0	0
19300	575	80163	2	80165	198	11	1116	0	0	0	0	0	0	0	0	0	0	0	11480	20	16384	0	0
19300	576	80171	2	80173	190	17	1114	0	0	0	0	0	0	0	0	0	0	0	11480	23	16384	0	0
19300	577	80169	3	80172	196	12	1117	0	0	0	0	0	0	0	0	0	0	0	11480	20	16384	0	0
19300	578	80167	5	80172	194	16	1114	0	0	0	0	0	0	0	0	0	0	0	11480	20	12288	0	0
19300	579	80160	3	80163	198	14	1120	0	0	0	0	0	0	0	0	0	0	0	11480	23	16384	0	0
19300	580	80168	2	80170	196	15	1120	0	0	0	0	0	0	0	0	0	0	0	11480	20	16384	0	0
19300	581	80167	4	80171	194	18	1116	0	0	0	0	0	0	0	0	0	0	0	11480	20	12288	0	0
19300	582	80171	1	80172	198	10	1116	0	0	0	0	0	0	0	0	0	0	0	11480	20	16384	0	0
19300	583	80170	2	80172	190	21	1117	0	0	0	0	0	0	0	0	0	0	0	11480	23	49152	7	0
19300	584	80170	4	80174	196	11	1116	0	0	0	0	0	0	0	0	0	0	0	11480	20	16384	0	0
19300	585	80171	2	80173	192	16	1114	0	0	0	0	0	0	0	0	0	0	0	11480	20	12288	0	0
19300	586	80159	6	80165	194	17	1117	0	0	0	0	0	0	0	0	0	0	0	11480	20	12288	0	0
19300	587	80169	2	80171	194	16	1116	0	0	0	0	0	0	0	0	0	0	0	11480	23	12288	0	0
19300	588	80169	1	80170	198	14	1120	0	0	0	0	0	0	0	0	0	0	0	11480	20	12288	0	0
19300	589	80168	3	80171	198	13	1120	0	0	0	0	0	0	0	0	0	0	0	11480	20	16384	0	0
19300	590	80166	1	80167	196	13	1118	0	0	0	0	0	0	0	0	0	0	0	11480	23	12288	0	0
19300	591	80169	1	80170	196	13	1117	0	0	0	0	0	0	0	0	0	0	0	11480	20	12288	0	0
19300	592	80172	1	80173	198	9	1116	0	0	0	0	0	0	0	0	0	0	0	11480	20	16384	0	0
19300	593	80169	4	80173	192	17	1116	0	0	0	0	0	0	0	0	0	0	0	11480	20	12288	0	0
19300	594	80164	2	80166	195	17	1114	0	0	0	0	0	0	0	0	0	0	0	11480	23	16384	0	0
19300	595	80169	1	80170	192	20	1116	0	0	0	0	0	0	0	0	0	0	0	11480	20	12288	0	0
19300	596	80169	4	80173	194	15	1115	0	0	0	0	0	0	0	0	0	0	0	11480	20	16384	0	0
19300	597	80168	2	80170	194	15	1120	0	0	0	0	0	0	0	0	0	0	0	11480	20	12288	0	0
19300	598	80171	0	80171	196	11	1120	0	0	0	0	0	0	0	0	0	0	0	11480	23	16384	0	0
19300	599	80170	2	80172	194	16	1116	0	0	0	0	0	0	0	0	0	0	0	11480	20	12288	0	0
19300	600	80170	2	80172	198	12	1117	0	0	0	0	0	0	0	0	0	0	0	11480	20	16384	0	0
19300	601	80166	2	80168	196	11	1116	0	0	0	0	0	0	0	0	0	0	0	11480	20	16384	0	0
19300	602	80173	1	80174	198	9	1116	0	0	0	0	0	0	0	0	0	0	0	11480	23	12288	0	0
19300	603	80169	2	80171	191	19	1116	0	0	0	0	0	0	0	0	0	0	0	11480	20	12288	0	0
19300	604	80167	5	80172	194	14	1116	0	0	0	0	0	0	0	0	0	0	0	11480	20	16384	0	0
19300	605	80168	2	80170	191	20	1115	0	0	0	0	0	0	0	0	0	0	0	11480	23	12288	0	0
19300	606	80171	1	80172	196	12	1120	0	0	0	0	0	0	0	0	0	0	0	11480	20	12288	0	0
19300	607	80171	0	80171	193	19	1118	0	0	0	0	0	0	0	0	0	0	0	11480	20	12288	0	0
19300	608	80170	2	80172	196	12	1116	0	0	0	0	0	0	0	0	0	0	0	11480	20	16384	0	0
19300	609	80164	1	80165	196	13	1116	0	0	0	0	0	0	0	0	0	0	0	11480	23	16384	0	0
19300	610	80167	5	80172	191	20	1116	0	0	0	0	0	0	0	0	0	0	0	11480	20	16384	0	0
19300	611	80171	2	80173	192	17	1116	0	0	0	0	0	0	0	0	0	0	0	11480	20	12288	0	0
19300	612	80167	2	80169	194	13	1114	0	0	0	0	0	0	0	0	0	0	0	11480	20	16384	0	0
19300	613	80174	0	80174	198	13	1117	0	0	0	0	0	0	0	0	0	0	0	11480	23	16384	0	0
19300	614	80169	3	80172	196	12	1115	0	0	0	0	0	0	0	0	0	0	0	11480	20	16384	0	0
19300	615	80169	2	80171	196	15	1120	0	0	0	0	0	0	0	0	0	0	0	11480	20	12288	0	0
19300	616	80161	5	80166	192	18	1119	0	0	0	0	0	0	0	0	0	0	0	11480	20	12288	0	0
19300	617	80171	1	80172	198	10	1118	0	0	0	0	0	0	0	0	0	0	0	11480	23	16384	0	0
19300	618	80167	5	80172	192	17	1117	0	0	0	0	0	0	0	0	0	0	0	11480	20	12288	0	0
19300	619	80171	0	80171	192	18	1116	0	0	0	0	0	0	0	0	0	0	0	11480	20	12288	0	0
19300	620	80166	2	80168	196	14	1117	0	0	0	0	0	0	0	0	0	0	0	11480	23	32768	0	0
19300	621	80173	1	80174	198	12	1114	0	0	0	0	0	0	0	0	0	0	0	11571	23	20480	0	0
19300	622	80171	2	80173	196	16	1116	0	0	0	0	0	0	0	0	0	0	0	11480	20	16384	0	0
19300	623	80170	3	80173	196	11	1115	0	0	0	0	0	0	0	0	0	0	0	11480	20	12288	0	0
19300	624	80171	1	80172	193	17	1120	0	0	0	0	0	0	0	0	0	0	0	11480	23	28672	0	0
19300	625	80171	11	80182	212	22	5245	0	0	0	0	0	0	0	0	0	0	0	856733	639	180224	26318	0
19300	626	80169	3	80172	196	14	1116	0	0	0	0	0	0	0	0	0	0	0	11480	20	16384	0	0
19300	627	80162	3	80165	196	16	1117	0	0	0	0	0	0	0	0	0	0	0	11480	20	12288	0	0
19300	628	80172	4	80176	194	14	1118	0	0	0	0	0	0	0	0	0	0	0	11480	23	53248	7	0
19300	629	80169	3	80172	196	15	1117	0	0	0	0	0	0	0	0	0	0	0	11480	20	16384	0	0
19300	630	80171	2	80173	194	13	1114	0	0	0	0	0	0	0	0	0	0	0	11480	20	16384	0	0
19300	631	80166	0	80166	196	12	1116	0	0	0	0	0	0	0	0	0	0	0	11480	23	12288	0	0
19300	632	80171	1	80172	195	17	1114	0	0	0	0	0	0	0	0	0	0	0	11480	20	12288	0	0
19300	633	80170	1	80171	196	15	1120	0	0	0	0	0	0	0	0	0	0	0	11480	20	12288	0	0
19300	634	80169	3	80172	198	13	1120	0	0	0	0	0	0	0	0	0	0	0	11480	20	12288	0	0
19300	635	80164	5	80169	197	14	1117	0	0	0	0	0	0	0	0	0	0	0	11480	23	32768	0	0
19300	636	80170	3	80173	192	18	1117	0	0	0	0	0	0	0	0	0	0	0	11480	20	16384	0	0
19300	637	80169	2	80171	195	15	1116	0	0	0	0	0	0	0	0	0	0	0	11480	20	16384	0	0
19300	638	80169	2	80171	196	16	1117	0	0	0	0	0	0	0	0	0	0	0	11480	20	12288	0	0
19300	639	80164	2	80166	198	10	1114	0	0	0	0	0	0	0	0	0	0	0	11480	23	16384	0	0
19300	640	80170	1	80171	197	15	1116	0	0	0	0	0	0	0	0	0	0	0	11480	20	12288	0	0
19300	641	80170	2	80172	198	11	1114	0	0	0	0	0	0	0	0	0	0	0	11480	20	12288	0	0
19300	642	80169	3	80172	198	12	1120	0	0	0	0	0	0	0	0	0	0	0	11480	20	12288	0	0
19300	643	80167	2	80169	196	14	1120	0	0	0	0	0	0	0	0	0	0	0	11480	23	16384	0	0
19300	644	80172	1	80173	194	13	1116	0	0	0	0	0	0	0	0	0	0	0	11480	20	16384	0	0
19300	645	80170	2	80172	198	11	1116	0	0	0	0	0	0	0	0	0	0	0	11480	20	16384	0	0
19300	646	80164	2	80166	192	16	1116	0	0	0	0	0	0	0	0	0	0	0	11480	23	12288	0	0
19300	647	80172	1	80173	195	13	1117	0	0	0	0	0	0	0	0	0	0	0	11480	20	12288	0	0
19300	648	80167	4	80171	192	17	1114	0	0	0	0	0	0	0	0	0	0	0	11480	20	16384	0	0
19300	649	80169	3	80172	197	11	1116	0	0	0	0	0	0	0	0	0	0	0	11480	20	12288	0	0
19300	650	80164	3	80167	196	12	1114	0	0	0	0	0	0	0	0	0	0	0	11480	23	16384	0	0
19300	651	80171	0	80171	198	12	1121	0	0	0	0	0	0	0	0	0	0	0	11480	20	12288	0	0
19300	652	80168	3	80171	194	17	1120	0	0	0	0	0	0	0	0	0	0	0	11480	20	12288	0	0
19300	653	80170	3	80173	194	13	1116	0	0	0	0	0	0	0	0	0	0	0	11480	20	16384	0	0
19300	654	80164	2	80166	192	17	1116	0	0	0	0	0	0	0	0	0	0	0	11480	23	16384	0	0
19300	655	80171	1	80172	198	10	1116	0	0	0	0	0	0	0	0	0	0	0	11480	20	12288	0	0
19300	656	80168	4	80172	196	14	1116	0	0	0	0	0	0	0	0	0	0	0	11480	20	16384	0	0
19300	657	80167	4	80171	198	15	1114	0	0	0	0	0	0	0	0	0	0	0	11480	23	16384	0	0
19300	658	80161	8	80169	192	16	1117	0	0	0	0	0	0	0	0	0	0	0	11480	20	12288	0	0
19300	659	80171	2	80173	194	14	1114	0	0	0	0	0	0	0	0	0	0	0	11570	23	20480	0	0
19300	660	80166	4	80170	196	15	1120	0	0	0	0	0	0	0	0	0	0	0	11480	20	16384	0	0
19300	661	80170	1	80171	198	12	1120	0	0	0	0	0	0	0	0	0	0	0	11480	23	12288	0	0
19300	662	80166	5	80171	198	13	1116	0	0	0	0	0	0	0	0	0	0	0	11480	20	16384	0	0
19300	663	80165	0	80165	196	16	1117	0	0	0	0	0	0	0	0	0	0	0	11480	20	16384	0	0
19300	664	80169	2	80171	198	13	1116	0	0	0	0	0	0	0	0	0	0	0	11480	20	16384	0	0
19300	665	80171	2	80173	194	13	1116	0	0	0	0	0	0	0	0	0	0	0	11480	23	16384	0	0
19300	666	80167	5	80172	193	18	1114	0	0	0	0	0	0	0	0	0	0	0	11480	20	16384	0	0
19300	667	80168	1	80169	198	12	1117	0	0	0	0	0	0	0	0	0	0	0	11480	20	12288	0	0
19300	668	80167	2	80169	192	18	1114	0	0	0	0	0	0	0	0	0	0	0	11480	20	16384	0	0
19300	669	80169	3	80172	194	16	1121	0	0	0	0	0	0	0	0	0	0	0	11480	23	16384	0	0
19300	670	80172	0	80172	196	14	1121	0	0	0	0	0	0	0	0	0	0	0	11480	20	16384	0	0
19300	671	80168	4	80172	194	16	1116	0	0	0	0	0	0	0	0	0	0	0	11480	20	12288	0	0
19300	672	80165	2	80167	198	9	1116	0	0	0	0	0	0	0	0	0	0	0	11480	23	16384	0	0
19300	673	80169	3	80172	192	16	1116	0	0	0	0	0	0	0	0	0	0	0	11480	20	12288	0	0
19300	674	80171	1	80172	192	16	1116	0	0	0	0	0	0	0	0	0	0	0	11480	20	12288	0	0
19300	675	80169	3	80172	192	18	1115	0	0	0	0	0	0	0	0	0	0	0	11480	20	12288	0	0
19300	676	80172	1	80173	196	11	1116	0	0	0	0	0	0	0	0	0	0	0	11480	23	16384	0	0
19300	677	80161	5	80166	194	15	1115	0	0	0	0	0	0	0	0	0	0	0	11480	20	16384	0	0
19300	678	80167	6	80173	196	11	1120	0	0	0	0	0	0	0	0	0	0	0	11480	20	16384	0	0
19300	679	80167	3	80170	194	17	1121	0	0	0	0	0	0	0	0	0	0	0	11480	20	16384	0	0
19300	680	80171	2	80173	200	9	1116	0	0	0	0	0	0	0	0	0	0	0	11480	23	16384	0	0
19300	681	80167	1	80168	194	16	1116	0	0	0	0	0	0	0	0	0	0	0	11480	20	12288	0	0
19300	682	80170	1	80171	198	10	1117	0	0	0	0	0	0	0	0	0	0	0	11480	20	12288	0	0
19300	683	80169	3	80172	194	14	1117	0	0	0	0	0	0	0	0	0	0	0	11480	20	16384	0	0
19300	684	80170	4	80174	196	13	1114	0	0	0	0	0	0	0	0	0	0	0	11480	23	32768	0	0
19300	685	80170	2	80172	194	16	1117	0	0	0	0	0	0	0	0	0	0	0	11480	20	16384	0	0
19300	686	80164	2	80166	192	19	1115	0	0	0	0	0	0	0	0	0	0	0	11480	20	16384	0	0
19300	687	80167	4	80171	197	14	1120	0	0	0	0	0	0	0	0	0	0	0	11480	23	16384	0	0
19300	688	80170	2	80172	195	16	1120	0	0	0	0	0	0	0	0	0	0	0	11480	20	16384	0	0
19300	689	80169	2	80171	196	15	1116	0	0	0	0	0	0	0	0	0	0	0	11480	20	16384	0	0
19300	690	80160	7	80167	194	15	1117	0	0	0	0	0	0	0	0	0	0	0	11480	20	12288	0	0
19300	691	80170	2	80172	192	18	1116	0	0	0	0	0	0	0	0	0	0	0	11480	23	12288	0	0
19300	692	80169	1	80170	196	13	1116	0	0	0	0	0	0	0	0	0	0	0	11480	20	16384	0	0
19300	693	80169	3	80172	194	14	1114	0	0	0	0	0	0	0	0	0	0	0	11480	20	16384	0	0
19300	694	80170	3	80173	198	10	1116	0	0	0	0	0	0	0	0	0	0	0	11480	20	16384	0	0
19300	695	80171	0	80171	194	15	1115	0	0	0	0	0	0	0	0	0	0	0	11480	23	12288	0	0
19300	696	80169	2	80171	196	15	1120	0	0	0	0	0	0	0	0	0	0	0	11480	20	16384	0	0
19300	697	80167	1	80168	198	9	1120	0	0	0	0	0	0	0	0	0	0	0	11480	20	16384	0	0
19300	698	80166	5	80171	194	17	1118	0	0	0	0	0	0	0	0	0	0	0	11480	23	16384	0	0
19300	699	80169	2	80171	196	15	1116	0	0	0	0	0	0	0	0	0	0	0	11480	20	12288	0	0
19300	700	80166	4	80170	200	11	1117	0	0	0	0	0	0	0	0	0	0	0	11480	20	12288	0	0
19300	701	80174	0	80174	194	15	1117	0	0	0	0	0	0	0	0	0	0	0	11480	20	16384	0	0
19300	702	80165	5	80170	196	14	1115	0	0	0	0	0	0	0	0	0	0	0	11480	23	12288	0	0
19300	703	80165	0	80165	192	18	1116	0	0	0	0	0	0	0	0	0	0	0	11480	20	12288	0	0
19300	704	80170	2	80172	194	14	1114	0	0	0	0	0	0	0	0	0	0	0	11480	20	16384	0	0
19300	705	80169	2	80171	194	15	1120	0	0	0	0	0	0	0	0	0	0	0	11480	20	16384	0	0
19300	706	80169	3	80172	193	18	1121	0	0	0	0	0	0	0	0	0	0	0	11480	23	16384	0	0
19300	707	80167	3	80170	194	19	1116	0	0	0	0	0	0	0	0	0	0	0	11480	20	16384	0	0
19300	708	80168	3	80171	198	11	1117	0	0	0	0	0	0	0	0	0	0	0	11480	20	16384	0	0
19300	709	80167	2	80169	192	15	1116	0	0	0	0	0	0	0	0	0	0	0	11480	20	16384	0	0
19300	710	80168	0	80168	194	18	1117	0	0	0	0	0	0	0	0	0	0	0	11480	23	12288	0	0
19300	711	80168	1	80169	196	15	1114	0	0	0	0	0	0	0	0	0	0	0	11480	20	12288	0	0
19300	712	80170	1	80171	196	14	1117	0	0	0	0	0	0	0	0	0	0	0	11480	20	12288	0	0
19300	713	80171	1	80172	200	10	1114	0	0	0	0	0	0	0	0	0	0	0	11480	23	16384	0	0
19300	714	80171	0	80171	196	14	1121	0	0	0	0	0	0	0	0	0	0	0	11480	20	12288	0	0
19300	715	80171	1	80172	196	14	1121	0	0	0	0	0	0	0	0	0	0	0	11480	20	16384	0	0
19300	716	80164	2	80166	198	12	1117	0	0	0	0	0	0	0	0	0	0	0	11480	20	16384	0	0
19300	717	80170	4	80174	198	14	1117	0	0	0	0	0	0	0	0	0	0	0	11480	23	53248	7	0
19300	718	80170	2	80172	198	12	1116	0	0	0	0	0	0	0	0	0	0	0	11480	20	12288	0	0
19300	719	80170	1	80171	198	12	1116	0	0	0	0	0	0	0	0	0	0	0	11480	20	12288	0	0
19300	720	80169	3	80172	194	14	1114	0	0	0	0	0	0	0	0	0	0	0	11480	20	12288	0	0
19300	721	80169	2	80171	194	14	1117	0	0	0	0	0	0	0	0	0	0	0	11480	23	16384	0	0
19300	722	80161	3	80164	200	11	1115	0	0	0	0	0	0	0	0	0	0	0	11480	20	16384	0	0
19300	723	80168	3	80171	196	12	1120	0	0	0	0	0	0	0	0	0	0	0	11480	20	16384	0	0
19300	724	80172	2	80174	196	15	1120	0	0	0	0	0	0	0	0	0	0	0	11480	23	16384	0	0
19300	725	80168	3	80171	196	12	1116	0	0	0	0	0	0	0	0	0	0	0	11480	20	16384	0	0
19300	726	80167	3	80170	196	15	1117	0	0	0	0	0	0	0	0	0	0	0	11480	20	16384	0	0
19300	727	80169	2	80171	196	14	1116	0	0	0	0	0	0	0	0	0	0	0	11480	20	16384	0	0
19300	728	80163	3	80166	191	21	1116	0	0	0	0	0	0	0	0	0	0	0	11480	23	16384	0	0
19300	729	80169	3	80172	192	16	1114	0	0	0	0	0	0	0	0	0	0	0	11480	20	12288	0	0
19300	730	80167	4	80171	196	13	1116	0	0	0	0	0	0	0	0	0	0	0	11480	20	16384	0	0
19300	731	80167	4	80171	192	18	1114	0	0	0	0	0	0	0	0	0	0	0	11480	20	16384	0	0
19300	732	80170	1	80171	196	15	1121	0	0	0	0	0	0	0	0	0	0	0	11480	23	16384	0	0
19300	733	80170	2	80172	196	14	1120	0	0	0	0	0	0	0	0	0	0	0	11480	20	16384	0	0
19300	734	80162	3	80165	196	14	1116	0	0	0	0	0	0	0	0	0	0	0	11480	20	16384	0	0
19300	735	80165	3	80168	194	21	1116	0	0	0	0	0	0	0	0	0	0	0	11480	20	12288	0	0
19300	736	80171	1	80172	196	12	1117	0	0	0	0	0	0	0	0	0	0	0	11480	23	12288	0	0
19300	737	80170	3	80173	190	17	1117	0	0	0	0	0	0	0	0	0	0	0	11480	20	16384	0	0
19300	738	80170	1	80171	199	14	1115	0	0	0	0	0	0	0	0	0	0	0	11480	20	12288	0	0
19300	739	80171	1	80172	198	10	1116	0	0	0	0	0	0	0	0	0	0	0	11480	23	12288	0	0
19300	740	80163	3	80166	196	12	1114	0	0	0	0	0	0	0	0	0	0	0	11480	20	16384	0	0
19300	741	80170	2	80172	197	12	1121	0	0	0	0	0	0	0	0	0	0	0	11480	20	16384	0	0
19300	742	80169	2	80171	194	15	1121	0	0	0	0	0	0	0	0	0	0	0	11480	20	16384	0	0
19300	743	80168	4	80172	196	12	1116	0	0	0	0	0	0	0	0	0	0	0	11480	23	12288	0	0
19300	744	80171	2	80173	196	11	1116	0	0	0	0	0	0	0	0	0	0	0	11480	20	16384	0	0
19300	745	80164	7	80171	194	15	1116	0	0	0	0	0	0	0	0	0	0	0	11480	20	16384	0	0
19300	746	80167	0	80167	194	16	1117	0	0	0	0	0	0	0	0	0	0	0	11480	20	12288	0	0
19300	747	80171	5	80176	198	12	1115	0	0	0	0	0	0	0	0	0	0	0	11480	23	12288	0	0
19300	748	80171	3	80174	194	15	1116	0	0	0	0	0	0	0	0	0	0	0	11480	20	36864	0	0
19300	749	80171	0	80171	195	18	1115	0	0	0	0	0	0	0	0	0	0	0	11480	20	16384	0	0
19300	750	80167	5	80172	194	15	1121	0	0	0	0	0	0	0	0	0	0	0	11480	20	12288	0	0
19300	751	80168	1	80169	192	17	1120	0	0	0	0	0	0	0	0	0	0	0	11480	23	16384	0	0
19300	752	80170	2	80172	196	11	1116	0	0	0	0	0	0	0	0	0	0	0	11480	20	12288	0	0
19300	753	80168	4	80172	196	12	1116	0	0	0	0	0	0	0	0	0	0	0	11480	20	12288	0	0
19300	754	80169	2	80171	196	13	1116	0	0	0	0	0	0	0	0	0	0	0	11480	23	16384	0	0
19300	755	80170	1	80171	196	14	1117	0	0	0	0	0	0	0	0	0	0	0	11480	20	12288	0	0
19300	756	80169	3	80172	194	17	1114	0	0	0	0	0	0	0	0	0	0	0	11480	20	12288	0	0
19300	757	80166	0	80166	198	10	1117	0	0	0	0	0	0	0	0	0	0	0	11480	20	12288	0	0
19300	758	80169	3	80172	192	15	1115	0	0	0	0	0	0	0	0	0	0	0	11480	23	12288	0	0
19300	759	80172	2	80174	198	12	1121	0	0	0	0	0	0	0	0	0	0	0	11480	20	12288	0	0
19300	760	80166	6	80172	188	20	1120	0	0	0	0	0	0	0	0	0	0	0	11480	20	16384	0	0
19300	761	80170	2	80172	198	10	1118	0	0	0	0	0	0	0	0	0	0	0	11480	20	16384	0	0
19300	762	80171	3	80174	196	15	1117	0	0	0	0	0	0	0	0	0	0	0	11480	23	53248	7	0
19300	763	80164	1	80165	194	17	1116	0	0	0	0	0	0	0	0	0	0	0	11480	20	16384	0	0
19300	764	80173	1	80174	199	9	1117	0	0	0	0	0	0	0	0	0	0	0	11480	20	16384	0	0
19300	765	80170	1	80171	188	21	1117	0	0	0	0	0	0	0	0	0	0	0	11480	23	12288	0	0
19300	766	80167	3	80170	200	11	1116	0	0	0	0	0	0	0	0	0	0	0	11480	20	16384	0	0
19300	767	80172	0	80172	196	14	1116	0	0	0	0	0	0	0	0	0	0	0	11480	20	12288	0	0
19300	768	80172	1	80173	199	11	1120	0	0	0	0	0	0	0	0	0	0	0	11480	20	12288	0	0
19300	769	80168	1	80169	195	15	1118	0	0	0	0	0	0	0	0	0	0	0	11480	23	28672	0	0
19300	770	80168	3	80171	194	14	1117	0	0	0	0	0	0	0	0	0	0	0	11480	20	12288	0	0
19300	771	80167	4	80171	196	15	1117	0	0	0	0	0	0	0	0	0	0	0	11480	20	12288	0	0
19300	772	80169	3	80172	196	12	1116	0	0	0	0	0	0	0	0	0	0	0	11480	20	12288	0	0
19300	773	80168	3	80171	198	11	1116	0	0	0	0	0	0	0	0	0	0	0	11480	23	16384	0	0
19300	774	80168	3	80171	194	16	1115	0	0	0	0	0	0	0	0	0	0	0	11480	20	12288	0	0
19300	775	80164	1	80165	194	18	1116	0	0	0	0	0	0	0	0	0	0	0	11480	20	16384	0	0
19300	776	80171	1	80172	194	16	1114	0	0	0	0	0	0	0	0	0	0	0	11480	20	12288	0	0
19300	777	80170	15	80185	223	28	9121	0	0	0	0	0	0	0	0	0	0	0	1688915	1263	61440	51872	0
19300	778	80169	3	80172	198	11	1118	0	0	0	0	0	0	0	0	0	0	0	11480	20	16384	0	0
19300	779	80168	5	80173	196	11	1116	0	0	0	0	0	0	0	0	0	0	0	11480	20	16384	0	0
19300	780	80168	4	80172	196	14	1118	0	0	0	0	0	0	0	0	0	0	0	11480	23	32768	0	0
19300	781	80162	2	80164	194	17	1117	0	0	0	0	0	0	0	0	0	0	0	11480	20	16384	0	0
19300	782	80169	3	80172	190	19	1116	0	0	0	0	0	0	0	0	0	0	0	11480	20	16384	0	0
19300	783	80169	3	80172	196	14	1115	0	0	0	0	0	0	0	0	0	0	0	11480	20	12288	0	0
19300	784	80169	4	80173	190	18	1116	0	0	0	0	0	0	0	0	0	0	0	11480	23	12288	0	0
19300	785	80170	2	80172	198	11	1114	0	0	0	0	0	0	0	0	0	0	0	11480	20	12288	0	0
19300	786	80172	0	80172	198	11	1121	0	0	0	0	0	0	0	0	0	0	0	11480	20	16384	0	0
19300	787	80168	0	80168	192	16	1120	0	0	0	0	0	0	0	0	0	0	0	11480	20	12288	0	0
19300	788	80167	2	80169	192	18	1116	0	0	0	0	0	0	0	0	0	0	0	11480	23	16384	0	0
19300	789	80170	2	80172	190	18	1116	0	0	0	0	0	0	0	0	0	0	0	11480	20	16384	0	0
19300	790	80169	2	80171	200	11	1117	0	0	0	0	0	0	0	0	0	0	0	11480	20	12288	0	0
19300	791	80167	5	80172	196	12	1117	0	0	0	0	0	0	0	0	0	0	0	11480	23	16384	0	0
19300	792	80172	0	80172	198	10	1115	0	0	0	0	0	0	0	0	0	0	0	11480	20	16384	0	0
19300	793	80166	3	80169	198	14	1116	0	0	0	0	0	0	0	0	0	0	0	11480	20	16384	0	0
19300	794	80169	3	80172	198	10	1114	0	0	0	0	0	0	0	0	0	0	0	11480	20	16384	0	0
19300	795	80171	1	80172	200	10	1120	0	0	0	0	0	0	0	0	0	0	0	11480	23	12288	0	0
19300	796	80168	3	80171	194	16	1120	0	0	0	0	0	0	0	0	0	0	0	11480	20	16384	0	0
19300	797	80171	1	80172	198	12	1116	0	0	0	0	0	0	0	0	0	0	0	11480	20	16384	0	0
19300	798	80170	2	80172	196	14	1117	0	0	0	0	0	0	0	0	0	0	0	11480	20	12288	0	0
19300	799	80168	3	80171	194	16	1117	0	0	0	0	0	0	0	0	0	0	0	11480	23	12288	0	0
19300	800	80163	2	80165	200	10	1116	0	0	0	0	0	0	0	0	0	0	0	11480	20	16384	0	0
19300	801	80171	2	80173	196	11	1114	0	0	0	0	0	0	0	0	0	0	0	11480	20	16384	0	0
19300	802	80169	2	80171	196	15	1118	0	0	0	0	0	0	0	0	0	0	0	11480	20	12288	0	0
19300	803	80168	7	80175	195	14	1116	0	0	0	0	0	0	0	0	0	0	0	11480	23	28672	0	0
19300	804	80166	4	80170	196	17	1120	0	0	0	0	0	0	0	0	0	0	0	11480	20	16384	0	0
19300	805	80171	1	80172	196	12	1120	0	0	0	0	0	0	0	0	0	0	0	11480	20	16384	0	0
19300	806	80165	0	80165	194	15	1117	0	0	0	0	0	0	0	0	0	0	0	11480	23	53248	7	0
19300	807	80168	2	80170	198	13	1116	0	0	0	0	0	0	0	0	0	0	0	11480	20	16384	0	0
19300	808	80168	4	80172	192	16	1117	0	0	0	0	0	0	0	0	0	0	0	11480	20	12288	0	0
19300	809	80171	1	80172	196	14	1116	0	0	0	0	0	0	0	0	0	0	0	11480	20	12288	0	0
19300	810	80169	3	80172	195	15	1114	0	0	0	0	0	0	0	0	0	0	0	11480	23	16384	0	0
19300	811	80171	1	80172	200	9	1116	0	0	0	0	0	0	0	0	0	0	0	11480	20	12288	0	0
19300	812	80162	4	80166	196	14	1114	0	0	0	0	0	0	0	0	0	0	0	11480	20	36864	0	0
19300	813	80171	1	80172	200	9	1120	0	0	0	0	0	0	0	0	0	0	0	11480	20	12288	0	0
19300	814	80170	3	80173	188	21	1120	0	0	0	0	0	0	0	0	0	0	0	11480	23	16384	0	0
19300	815	80169	3	80172	192	17	1117	0	0	0	0	0	0	0	0	0	0	0	11480	20	16384	0	0
19300	816	80170	2	80172	192	18	1116	0	0	0	0	0	0	0	0	0	0	0	11480	20	12288	0	0
19300	817	80166	5	80171	192	18	1116	0	0	0	0	0	0	0	0	0	0	0	11480	20	16384	0	0
19300	818	80166	2	80168	192	16	1117	0	0	0	0	0	0	0	0	0	0	0	11480	23	16384	0	0
19300	819	80166	3	80169	193	18	1114	0	0	0	0	0	0	0	0	0	0	0	11480	20	12288	0	0
19300	820	80168	4	80172	194	15	1117	0	0	0	0	0	0	0	0	0	0	0	11480	20	12288	0	0
19300	821	80169	1	80170	198	12	1114	0	0	0	0	0	0	0	0	0	0	0	11480	23	12288	0	0
19300	822	80170	2	80172	200	10	1121	0	0	0	0	0	0	0	0	0	0	0	11480	20	12288	0	0
19300	823	80167	4	80171	196	12	1121	0	0	0	0	0	0	0	0	0	0	0	11480	20	12288	0	0
19300	824	80167	4	80171	198	12	1117	0	0	0	0	0	0	0	0	0	0	0	11480	20	16384	0	0
19300	825	80171	0	80171	196	14	1117	0	0	0	0	0	0	0	0	0	0	0	11480	23	16384	0	0
19300	826	80166	4	80170	196	12	1117	0	0	0	0	0	0	0	0	0	0	0	11480	20	12288	0	0
19300	827	80171	1	80172	198	13	1117	0	0	0	0	0	0	0	0	0	0	0	11480	20	16384	0	0
19300	828	80160	5	80165	198	12	1115	0	0	0	0	0	0	0	0	0	0	0	11480	20	16384	0	0
19300	829	80168	2	80170	196	14	1116	0	0	0	0	0	0	0	0	0	0	0	11480	23	16384	0	0
19300	830	80167	2	80169	193	19	1115	0	0	0	0	0	0	0	0	0	0	0	11480	20	16384	0	0
19300	831	80167	4	80171	196	12	1121	0	0	0	0	0	0	0	0	0	0	0	11480	20	16384	0	0
19300	832	80170	1	80171	195	18	1121	0	0	0	0	0	0	0	0	0	0	0	11480	23	12288	0	0
19300	833	80169	2	80171	196	12	1118	0	0	0	0	0	0	0	0	0	0	0	11480	20	16384	0	0
19300	834	80167	5	80172	192	17	1116	0	0	0	0	0	0	0	0	0	0	0	11480	20	12288	0	0
19300	835	80168	3	80171	195	14	1117	0	0	0	0	0	0	0	0	0	0	0	11480	20	12288	0	0
19300	836	80171	1	80172	197	13	1116	0	0	0	0	0	0	0	0	0	0	0	11480	23	12288	0	0
19300	837	80160	4	80164	194	17	1115	0	0	0	0	0	0	0	0	0	0	0	11480	20	16384	0	0
19300	838	80173	0	80173	194	15	1116	0	0	0	0	0	0	0	0	0	0	0	11480	20	16384	0	0
19300	839	80168	2	80170	199	12	1114	0	0	0	0	0	0	0	0	0	0	0	11480	20	16384	0	0
19300	840	80170	1	80171	190	19	1121	0	0	0	0	0	0	0	0	0	0	0	11480	23	12288	0	0
19300	841	80169	1	80170	195	16	1121	0	0	0	0	0	0	0	0	0	0	0	11480	20	12288	0	0
19300	842	80169	2	80171	196	16	1116	0	0	0	0	0	0	0	0	0	0	0	11480	20	12288	0	0
19300	843	80169	2	80171	196	14	1116	0	0	0	0	0	0	0	0	0	0	0	11480	20	16384	0	0
19300	844	80171	2	80173	198	12	1117	0	0	0	0	0	0	0	0	0	0	0	11480	23	16384	0	0
19300	845	80168	4	80172	198	11	1116	0	0	0	0	0	0	0	0	0	0	0	11480	20	16384	0	0
19300	846	80169	3	80172	196	12	1114	0	0	0	0	0	0	0	0	0	0	0	11480	20	16384	0	0
19300	847	80168	1	80169	196	12	1116	0	0	0	0	0	0	0	0	0	0	0	11480	23	32768	0	0
19300	848	80165	5	80170	190	17	1114	0	0	0	0	0	0	0	0	0	0	0	11480	20	12288	0	0
19300	849	80170	1	80171	196	12	1120	0	0	0	0	0	0	0	0	0	0	0	11480	20	16384	0	0
19300	850	80169	1	80170	198	13	1121	0	0	0	0	0	0	0	0	0	0	0	11480	20	12288	0	0
19300	851	80169	6	80175	198	12	1118	0	0	0	0	0	0	0	0	0	0	0	11480	23	53248	7	0
19300	852	80164	3	80167	197	15	1117	0	0	0	0	0	0	0	0	0	0	0	11480	20	16384	0	0
19300	853	80170	1	80171	195	13	1117	0	0	0	0	0	0	0	0	0	0	0	11480	20	16384	0	0
19300	854	80167	2	80169	194	15	1116	0	0	0	0	0	0	0	0	0	0	0	11480	20	16384	0	0
19300	855	80167	3	80170	196	13	1114	0	0	0	0	0	0	0	0	0	0	0	11480	23	16384	0	0
19300	856	80168	2	80170	196	15	1117	0	0	0	0	0	0	0	0	0	0	0	11480	20	16384	0	0
19300	857	80169	2	80171	196	13	1114	0	0	0	0	0	0	0	0	0	0	0	11480	20	12288	0	0
19300	858	80170	2	80172	198	12	1121	0	0	0	0	0	0	0	0	0	0	0	11480	23	16384	0	0
19300	859	80170	1	80171	196	14	1120	0	0	0	0	0	0	0	0	0	0	0	11480	20	12288	0	0
19300	860	80169	2	80171	200	10	1116	0	0	0	0	0	0	0	0	0	0	0	11480	20	16384	0	0
19300	861	80171	1	80172	198	11	1116	0	0	0	0	0	0	0	0	0	0	0	11480	20	12288	0	0
19300	862	80165	2	80167	196	15	1116	0	0	0	0	0	0	0	0	0	0	0	11480	23	12288	0	0
19300	863	80165	7	80172	196	13	1116	0	0	0	0	0	0	0	0	0	0	0	11480	20	16384	0	0
19300	864	80172	1	80173	192	15	1116	0	0	0	0	0	0	0	0	0	0	0	11480	20	12288	0	0
19300	865	80168	1	80169	198	14	1116	0	0	0	0	0	0	0	0	0	0	0	11480	20	16384	0	0
19300	866	80169	2	80171	196	15	1115	0	0	0	0	0	0	0	0	0	0	0	11480	23	12288	0	0
19300	867	80169	4	80173	196	11	1121	0	0	0	0	0	0	0	0	0	0	0	11480	20	16384	0	0
19300	868	80168	2	80170	194	17	1121	0	0	0	0	0	0	0	0	0	0	0	11480	20	12288	0	0
19300	869	80166	4	80170	199	13	1116	0	0	0	0	0	0	0	0	0	0	0	11480	20	16384	0	0
19300	870	80169	2	80171	194	15	1116	0	0	0	0	0	0	0	0	0	0	0	11480	23	12288	0	0
19300	871	80166	5	80171	196	12	1116	0	0	0	0	0	0	0	0	0	0	0	11480	20	16384	0	0
19300	872	80168	2	80170	196	13	1117	0	0	0	0	0	0	0	0	0	0	0	11480	20	12288	0	0
19300	873	80169	3	80172	193	18	1114	0	0	0	0	0	0	0	0	0	0	0	11480	23	12288	0	0
19300	874	80168	2	80170	196	14	1116	0	0	0	0	0	0	0	0	0	0	0	11480	20	12288	0	0
19300	875	80163	4	80167	198	12	1114	0	0	0	0	0	0	0	0	0	0	0	11480	20	16384	0	0
19300	876	80167	4	80171	195	17	1121	0	0	0	0	0	0	0	0	0	0	0	11480	20	32768	0	0
19300	877	80169	2	80171	196	14	1120	0	0	0	0	0	0	0	0	0	0	0	11480	23	12288	0	0
19300	878	80171	1	80172	195	15	1116	0	0	0	0	0	0	0	0	0	0	0	11480	20	12288	0	0
19300	879	80170	0	80170	196	16	1117	0	0	0	0	0	0	0	0	0	0	0	11480	20	16384	0	0
19300	880	80169	3	80172	192	16	1116	0	0	0	0	0	0	0	0	0	0	0	11480	20	16384	0	0
19300	881	80168	2	80170	196	15	1117	0	0	0	0	0	0	0	0	0	0	0	11480	23	16384	0	0
19300	882	80169	2	80171	200	10	1115	0	0	0	0	0	0	0	0	0	0	0	11480	20	16384	0	0
19300	883	80169	3	80172	192	17	1117	0	0	0	0	0	0	0	0	0	0	0	11480	20	12288	0	0
19300	884	80169	3	80172	194	15	1115	0	0	0	0	0	0	0	0	0	0	0	11480	20	12288	0	0
19300	885	80168	1	80169	196	14	1120	0	0	0	0	0	0	0	0	0	0	0	11480	23	12288	0	0
19300	886	80165	4	80169	195	16	1120	0	0	0	0	0	0	0	0	0	0	0	11480	20	16384	0	0
19300	887	80169	2	80171	192	18	1117	0	0	0	0	0	0	0	0	0	0	0	11480	20	12288	0	0
19300	888	80168	2	80170	198	11	1117	0	0	0	0	0	0	0	0	0	0	0	11480	23	16384	0	0
19300	889	80169	3	80172	200	9	1117	0	0	0	0	0	0	0	0	0	0	0	11480	20	12288	0	0
19300	890	80168	2	80170	192	17	1117	0	0	0	0	0	0	0	0	0	0	0	11480	20	16384	0	0
19300	891	80169	3	80172	194	14	1114	0	0	0	0	0	0	0	0	0	0	0	11480	20	12288	0	0
19300	892	80170	2	80172	194	15	1117	0	0	0	0	0	0	0	0	0	0	0	11480	23	12288	0	0
19300	893	80169	2	80171	196	14	1115	0	0	0	0	0	0	0	0	0	0	0	11480	20	16384	0	0
19300	894	80169	2	80171	190	20	1120	0	0	0	0	0	0	0	0	0	0	0	11480	20	12288	0	0
19300	895	80168	2	80170	194	15	1122	0	0	0	0	0	0	0	0	0	0	0	11480	20	12288	0	0
19300	896	80165	5	80170	196	14	1117	0	0	0	0	0	0	0	0	0	0	0	11480	23	49152	7	0
19300	897	80168	4	80172	198	10	1116	0	0	0	0	0	0	0	0	0	0	0	11480	20	16384	0	0
19300	898	80169	2	80171	190	21	1116	0	0	0	0	0	0	0	0	0	0	0	11480	20	16384	0	0
19300	899	80169	2	80171	194	16	1116	0	0	0	0	0	0	0	0	0	0	0	11480	23	16384	0	0
19300	900	80170	2	80172	192	15	1114	0	0	0	0	0	0	0	0	0	0	0	11480	20	16384	0	0
19300	901	80165	5	80170	201	11	1116	0	0	0	0	0	0	0	0	0	0	0	11480	20	16384	0	0
19300	902	80169	2	80171	192	17	1114	0	0	0	0	0	0	0	0	0	0	0	11480	20	12288	0	0
19300	903	80169	2	80171	194	16	1120	0	0	0	0	0	0	0	0	0	0	0	11480	23	12288	0	0
19300	904	80168	2	80170	192	19	1121	0	0	0	0	0	0	0	0	0	0	0	11480	20	12288	0	0
19300	905	80171	2	80173	198	12	1116	0	0	0	0	0	0	0	0	0	0	0	11480	20	16384	0	0
19300	906	80170	2	80172	196	14	1116	0	0	0	0	0	0	0	0	0	0	0	11480	20	16384	0	0
19300	907	80165	1	80166	199	11	1117	0	0	0	0	0	0	0	0	0	0	0	11480	23	12288	0	0
19300	908	80167	5	80172	194	16	1116	0	0	0	0	0	0	0	0	0	0	0	11480	20	16384	0	0
19300	909	80171	0	80171	194	16	1115	0	0	0	0	0	0	0	0	0	0	0	11480	20	16384	0	0
19300	910	80169	1	80170	192	19	1117	0	0	0	0	0	0	0	0	0	0	0	11480	20	12288	0	0
19300	911	80169	3	80172	198	12	1115	0	0	0	0	0	0	0	0	0	0	0	11480	23	16384	0	0
19300	912	80172	1	80173	200	9	1121	0	0	0	0	0	0	0	0	0	0	0	11480	20	12288	0	0
19300	913	80170	2	80172	194	14	1120	0	0	0	0	0	0	0	0	0	0	0	11480	20	12288	0	0
19300	914	80165	2	80167	198	14	1116	0	0	0	0	0	0	0	0	0	0	0	11480	23	28672	0	0
19300	915	80170	1	80171	198	12	1116	0	0	0	0	0	0	0	0	0	0	0	11480	20	12288	0	0
19300	916	80170	2	80172	196	12	1116	0	0	0	0	0	0	0	0	0	0	0	11480	20	12288	0	0
19300	917	80169	4	80173	192	15	1116	0	0	0	0	0	0	0	0	0	0	0	11480	20	12288	0	0
19300	918	80172	0	80172	190	19	1114	0	0	0	0	0	0	0	0	0	0	0	11480	23	16384	0	0
19300	919	80168	3	80171	196	14	1116	0	0	0	0	0	0	0	0	0	0	0	11480	20	16384	0	0
19300	920	80169	2	80171	197	14	1115	0	0	0	0	0	0	0	0	0	0	0	11480	20	12288	0	0
19300	921	80167	2	80169	198	11	1120	0	0	0	0	0	0	0	0	0	0	0	11480	20	16384	0	0
19300	922	80167	2	80169	197	14	1120	0	0	0	0	0	0	0	0	0	0	0	11480	23	16384	0	0
19300	923	80170	1	80171	197	13	1117	0	0	0	0	0	0	0	0	0	0	0	11480	20	16384	0	0
19300	924	80169	3	80172	193	17	1117	0	0	0	0	0	0	0	0	0	0	0	11480	20	12288	0	0
19300	925	80169	3	80172	194	14	1116	0	0	0	0	0	0	0	0	0	0	0	11480	23	16384	0	0
19300	926	80167	4	80171	196	14	1117	0	0	0	0	0	0	0	0	0	0	0	11480	20	16384	0	0
19300	927	80168	2	80170	198	13	1117	0	0	0	0	0	0	0	0	0	0	0	11480	20	12288	0	0
19300	928	80167	2	80169	194	15	1117	0	0	0	0	0	0	0	0	0	0	0	11480	20	16384	0	0
19300	929	80169	2	80171	198	11	1114	0	0	0	0	0	0	0	0	0	0	0	11480	23	12288	0	0
19300	930	80169	2	80171	194	18	1118	0	0	0	0	0	0	0	0	0	0	0	11480	20	12288	0	0
19300	931	80170	2	80172	198	11	1119	0	0	0	0	0	0	0	0	0	0	0	11480	20	12288	0	0
19300	932	80170	2	80172	192	16	1116	0	0	0	0	0	0	0	0	0	0	0	11480	20	12288	0	0
19300	933	80169	2	80171	196	12	1116	0	0	0	0	0	0	0	0	0	0	0	11480	23	12288	0	0
19300	934	80169	3	80172	194	15	1117	0	0	0	0	0	0	0	0	0	0	0	11480	20	16384	0	0
19300	935	80168	2	80170	200	10	1116	0	0	0	0	0	0	0	0	0	0	0	11480	20	16384	0	0
19300	936	80166	2	80168	197	14	1114	0	0	0	0	0	0	0	0	0	0	0	11480	20	12288	0	0
19300	937	80168	2	80170	196	16	1116	0	0	0	0	0	0	0	0	0	0	0	11480	23	16384	0	0
19300	938	80169	3	80172	190	18	1114	0	0	0	0	0	0	0	0	0	0	0	11480	20	16384	0	0
19300	939	80168	2	80170	192	19	1120	0	0	0	0	0	0	0	0	0	0	0	11480	20	16384	0	0
19300	940	80169	2	80171	190	20	1118	0	0	0	0	0	0	0	0	0	0	0	11480	23	32768	0	0
19300	941	80170	2	80172	198	12	1117	0	0	0	0	0	0	0	0	0	0	0	11480	20	12288	0	0
19300	942	80167	4	80171	198	12	1117	0	0	0	0	0	0	0	0	0	0	0	11480	20	16384	0	0
19300	943	80165	3	80168	192	16	1116	0	0	0	0	0	0	0	0	0	0	0	11480	20	16384	0	0
19300	944	80168	2	80170	194	17	1118	0	0	0	0	0	0	0	0	0	0	0	11480	23	16384	0	0
19300	945	80170	1	80171	196	15	1114	0	0	0	0	0	0	0	0	0	0	0	11480	20	12288	0	0
19300	946	80170	1	80171	197	14	1116	0	0	0	0	0	0	0	0	0	0	0	11480	20	16384	0	0
19300	947	80169	3	80172	194	17	1115	0	0	0	0	0	0	0	0	0	0	0	11480	20	12288	0	0
19300	948	80167	3	80170	196	15	1121	0	0	0	0	0	0	0	0	0	0	0	11480	23	32768	0	0
19300	949	80166	2	80168	198	12	1121	0	0	0	0	0	0	0	0	0	0	0	11480	20	12288	0	0
19300	950	80168	2	80170	196	13	1116	0	0	0	0	0	0	0	0	0	0	0	11480	20	16384	0	0
19300	951	80170	2	80172	196	14	1118	0	0	0	0	0	0	0	0	0	0	0	11480	20	12288	0	0
19300	952	80172	1	80173	194	16	1117	0	0	0	0	0	0	0	0	0	0	0	11480	23	12288	0	0
19300	953	80170	2	80172	194	14	1117	0	0	0	0	0	0	0	0	0	0	0	11480	20	16384	0	0
19300	954	80165	1	80166	192	16	1114	0	0	0	0	0	0	0	0	0	0	0	11480	20	12288	0	0
19300	955	80171	1	80172	196	14	1117	0	0	0	0	0	0	0	0	0	0	0	11480	23	12288	0	0
19300	956	80170	1	80171	196	14	1114	0	0	0	0	0	0	0	0	0	0	0	11480	20	16384	0	0
19300	957	80168	3	80171	196	14	1122	0	0	0	0	0	0	0	0	0	0	0	11480	20	12288	0	0
19300	958	80170	2	80172	198	12	1121	0	0	0	0	0	0	0	0	0	0	0	11480	20	16384	0	0
19300	959	80164	2	80166	200	10	1116	0	0	0	0	0	0	0	0	0	0	0	11480	23	16384	0	0
19300	960	80170	2	80172	194	16	1116	0	0	0	0	0	0	0	0	0	0	0	11480	20	12288	0	0
19300	961	80168	3	80171	198	13	1116	0	0	0	0	0	0	0	0	0	0	0	11480	20	16384	0	0
19300	962	80170	1	80171	198	13	1116	0	0	0	0	0	0	0	0	0	0	0	11480	20	12288	0	0
19300	963	80167	4	80171	192	18	1114	0	0	0	0	0	0	0	0	0	0	0	11480	23	12288	0	0
19300	964	80163	1	80164	194	18	1116	0	0	0	0	0	0	0	0	0	0	0	11480	20	16384	0	0
19300	965	80169	1	80170	198	13	1114	0	0	0	0	0	0	0	0	0	0	0	11480	20	16384	0	0
19300	966	80169	2	80171	190	19	1120	0	0	0	0	0	0	0	0	0	0	0	11480	23	12288	0	0
19300	967	80172	1	80173	196	11	1120	0	0	0	0	0	0	0	0	0	0	0	11480	20	12288	0	0
19300	968	80169	1	80170	194	11	1116	0	0	0	0	0	0	0	0	0	0	0	11480	20	16384	0	0
19300	969	80169	2	80171	196	12	1116	0	0	0	0	0	0	0	0	0	0	0	11480	20	16384	0	0
19300	970	80171	4	80175	192	17	1116	0	0	0	0	0	0	0	0	0	0	0	11480	23	32768	0	0
19300	971	80169	2	80171	192	16	1116	0	0	0	0	0	0	0	0	0	0	0	11480	20	16384	0	0
19300	972	80171	0	80171	196	14	1115	0	0	0	0	0	0	0	0	0	0	0	11480	20	12288	0	0
19300	973	80165	0	80165	194	16	1117	0	0	0	0	0	0	0	0	0	0	0	11480	20	12288	0	0
19300	974	80170	1	80171	194	15	1115	0	0	0	0	0	0	0	0	0	0	0	11480	23	12288	0	0
19300	975	80166	5	80171	196	14	1120	0	0	0	0	0	0	0	0	0	0	0	11480	20	16384	0	0
19300	976	80168	3	80171	198	14	1121	0	0	0	0	0	0	0	0	0	0	0	11480	20	16384	0	0
19300	977	80172	0	80172	194	14	1116	0	0	0	0	0	0	0	0	0	0	0	11480	20	12288	0	0
19300	978	80167	4	80171	194	15	1116	0	0	0	0	0	0	0	0	0	0	0	11480	23	16384	0	0
19300	979	80168	1	80169	198	12	1116	0	0	0	0	0	0	0	0	0	0	0	11480	20	12288	0	0
19300	980	80171	1	80172	190	17	1117	0	0	0	0	0	0	0	0	0	0	0	11480	20	16384	0	0
19300	981	80168	2	80170	192	18	1114	0	0	0	0	0	0	0	0	0	0	0	11480	23	16384	0	0
19300	982	80171	2	80173	195	13	1116	0	0	0	0	0	0	0	0	0	0	0	11480	20	16384	0	0
19300	983	80170	1	80171	190	21	1115	0	0	0	0	0	0	0	0	0	0	0	11480	20	16384	0	0
19300	984	80167	2	80169	199	9	1121	0	0	0	0	0	0	0	0	0	0	0	11480	20	16384	0	0
19300	985	80172	4	80176	198	12	1123	0	0	0	0	0	0	0	0	0	0	0	11480	23	49152	7	0
19300	986	80170	3	80173	198	12	1117	0	0	0	0	0	0	0	0	0	0	0	11480	20	12288	0	0
19300	987	80166	1	80167	196	13	1117	0	0	0	0	0	0	0	0	0	0	0	11480	20	16384	0	0
19300	988	80170	3	80173	196	11	1117	0	0	0	0	0	0	0	0	0	0	0	11480	20	16384	0	0
19300	989	80172	1	80173	194	14	1118	0	0	0	0	0	0	0	0	0	0	0	11480	23	12288	0	0
19300	990	80168	3	80171	194	18	1114	0	0	0	0	0	0	0	0	0	0	0	11480	20	16384	0	0
19300	991	80163	3	80166	196	12	1116	0	0	0	0	0	0	0	0	0	0	0	11480	20	16384	0	0
19300	992	80169	2	80171	194	16	1114	0	0	0	0	0	0	0	0	0	0	0	11480	23	12288	0	0
19300	993	80168	5	80173	196	13	1121	0	0	0	0	0	0	0	0	0	0	0	11480	20	28672	0	0
19300	994	80171	1	80172	198	10	1121	0	0	0	0	0	0	0	0	0	0	0	11480	20	12288	0	0
19300	995	80163	2	80165	196	14	1116	0	0	0	0	0	0	0	0	0	0	0	11480	20	12288	0	0
19300	996	80170	3	80173	194	16	1117	0	0	0	0	0	0	0	0	0	0	0	11571	26	20480	0	0
19300	997	80169	2	80171	198	12	1116	0	0	0	0	0	0	0	0	0	0	0	11480	20	16384	0	0
19300	998	80169	2	80171	194	16	1116	0	0	0	0	0	0	0	0	0	0	0	11480	20	16384	0	0
19300	999	80164	4	80168	196	14	1114	0	0	0	0	0	0	0	0	0	0	0	11480	20	16384	0	0
19300	1000	80170	3	80173	196	14	1116	0	0	0	0	0	0	0	0	0	0	0	11480	23	16384	0	0
