RUNID	ITERNUM	METIME	PRTIME	TPRTIME	DIFF	TDIFF	NRPROCS	NPROCS
23941	1	16034	16032	16230	2	198	4	93
23941	2	16035	16032	16231	3	199	5	92
23941	3	16034	16032	16226	2	194	3	92
23941	4	16036	16033	16231	3	198	4	92
23941	5	16042	16040	16238	2	198	4	92
23941	6	16033	16032	16229	1	197	3	92
23941	7	16036	16033	16231	3	198	4	92
23941	8	16036	16034	16230	2	196	4	92
23941	9	16034	16032	16229	2	197	3	92
23941	10	16035	16033	16230	2	197	5	92
23941	11	16042	16039	16236	3	197	5	92
23941	12	16034	16033	16230	1	197	3	92
23941	13	16035	16033	16230	2	197	5	92
23941	14	16034	16033	16228	1	195	3	92
23941	15	16036	16033	16230	3	197	3	92
23941	16	16038	16036	16234	2	198	4	92
23941	17	16039	16038	16235	1	197	3	92
23941	18	16036	16033	16231	3	198	4	92
23941	19	16036	16033	16230	3	197	5	92
23941	20	16033	16031	16229	2	198	4	92
23941	21	16036	16034	16232	2	198	4	92
23941	22	16041	16039	16235	2	196	4	92
23941	23	16036	16036	16231	0	195	3	92
23941	24	16036	16033	16231	3	198	4	92
23941	25	16035	16033	16231	2	198	4	92
23941	26	16034	16032	16229	2	197	3	92
23941	27	16036	16033	16232	3	199	5	92
23941	28	16040	16038	16236	2	198	4	92
23941	29	16035	16034	16231	1	197	3	92
23941	30	16035	16034	16230	1	196	4	92
23941	31	16034	16032	16228	2	196	3	92
23941	32	16036	16033	16229	3	196	4	92
23941	33	16036	16033	16231	3	198	4	92
23941	34	16040	16039	16234	1	195	3	92
23941	35	16036	16032	16231	4	199	5	92
23941	36	16036	16033	16231	3	198	5	92
23941	37	16036	16033	16232	3	199	5	92
23941	38	16035	16034	16230	1	196	4	92
23941	39	16036	16034	16230	2	196	4	92
23941	40	16040	16039	16234	1	195	3	92
23941	41	16036	16034	16232	2	198	4	92
23941	42	16034	16033	16228	1	195	3	92
23941	43	16034	16032	16229	2	197	3	92
23941	44	16036	16033	16230	3	197	5	92
23941	45	16034	16032	16228	2	196	4	92
23941	46	16042	16040	16236	2	196	4	92
23941	47	16035	16033	16230	2	197	5	92
23941	48	16034	16033	16228	1	195	3	92
23941	49	16035	16033	16231	2	198	4	92
23941	50	16035	16034	16230	1	196	4	92
23941	51	16035	16034	16231	1	197	3	92
23941	52	16042	16039	16238	3	199	5	92
23941	53	16035	16032	16231	3	199	5	92
23941	54	16034	16031	16228	3	197	4	92
23941	55	16036	16033	16231	3	198	4	92
23941	56	16034	16033	16230	1	197	3	92
23941	57	16035	16034	16231	1	197	3	92
23941	58	16042	16039	16237	3	198	5	92
23941	59	16033	16033	16228	0	195	3	92
23941	60	16036	16033	16230	3	197	5	92
23941	61	16036	16034	16230	2	196	4	92
23941	62	16034	16032	16227	2	195	3	92
23941	63	16038	16035	16234	3	199	4	92
23941	64	16042	16039	16235	3	196	4	92
23941	65	16033	16032	16229	1	197	3	92
23941	66	16036	16034	16230	2	196	4	92
23941	67	16036	16034	16232	2	198	4	92
23941	68	16034	16033	16230	1	197	3	92
23941	69	16038	16035	16232	3	197	5	92
23941	70	16039	16037	16235	2	198	4	92
23941	71	16034	16033	16229	1	196	4	92
23941	72	16036	16034	16232	2	198	4	92
23941	73	16034	16031	16229	3	198	4	92
23941	74	16036	16034	16230	2	196	4	92
23941	75	16038	16037	16233	1	196	4	92
23941	76	16039	16037	16234	2	197	3	92
23941	77	16036	16032	16231	4	199	5	92
23941	78	16035	16033	16231	2	198	4	92
23941	79	16034	16033	16230	1	197	3	92
23941	80	16035	16033	16231	2	198	4	92
23941	81	16040	16038	16234	2	196	4	92
23941	82	16038	16037	16232	1	195	3	92
23941	83	16035	16033	16231	2	198	4	92
23941	84	16033	16033	16228	0	195	3	92
23941	85	16036	16034	16232	2	198	4	92
23941	86	16036	16033	16231	3	198	4	92
23941	87	16038	16037	16234	1	197	3	92
23941	88	16040	16036	16235	4	199	5	92
23941	89	16035	16034	16230	1	196	4	92
23941	90	16034	16032	16229	2	197	3	92
23941	91	16035	16033	16231	2	198	4	92
23941	92	16036	16034	16232	2	198	4	92
23941	93	16039	16038	16233	1	195	3	92
23941	94	16038	16036	16232	2	196	4	92
23941	95	16035	16033	16231	2	198	4	92
23941	96	16034	16032	16230	2	198	4	92
23941	97	16036	16034	16230	2	196	4	92
23941	98	16034	16033	16228	1	195	3	92
23941	99	16041	16039	16235	2	196	4	92
23941	100	16038	16036	16234	2	198	4	92
23941	101	16034	16032	16229	2	197	3	92
23941	102	16036	16034	16230	2	196	4	92
23941	103	16036	16033	16232	3	199	5	92
23941	104	16034	16033	16230	1	197	3	92
23941	105	16042	16040	16254	2	214	6	93
23941	106	16037	16035	16233	2	198	4	92
23941	107	16033	16032	16229	1	197	3	92
23941	108	16037	16034	16233	3	199	5	92
23941	109	16036	16033	16231	3	198	4	92
23941	110	16034	16033	16228	1	195	3	92
23941	111	16042	16040	16237	2	197	4	92
23941	112	16036	16034	16229	2	195	3	92
23941	113	16036	16033	16229	3	196	4	92
23941	114	16036	16033	16230	3	197	5	92
23941	115	16034	16032	16229	2	197	3	92
23941	116	16035	16033	16231	2	198	4	92
23941	117	16042	16040	16236	2	196	4	92
23941	118	16035	16034	16229	1	195	3	92
23941	119	16035	16033	16231	2	198	4	92
23941	120	16036	16033	16231	3	198	4	92
23941	121	16035	16034	16231	1	197	3	92
23941	122	16036	16033	16231	3	198	4	92
23941	123	16042	16039	16237	3	198	4	92
23941	124	16035	16034	16229	1	195	3	92
23941	125	16036	16034	16231	2	197	4	92
23941	126	16033	16032	16229	1	197	3	92
23941	127	16034	16033	16230	1	197	3	92
23941	128	16036	16032	16231	4	199	5	92
23941	129	16040	16040	16234	0	194	3	92
23941	130	16036	16034	16232	2	198	4	92
23941	131	16035	16033	16231	2	198	4	92
23941	132	16034	16032	16228	2	196	4	92
23941	133	16035	16034	16230	1	196	4	92
23941	134	16036	16034	16230	2	196	4	92
23941	135	16040	16039	16234	1	195	3	92
23941	136	16036	16033	16232	3	199	5	92
23941	137	16035	16034	16230	1	196	4	92
23941	138	16033	16032	16229	1	197	3	92
23941	139	16036	16034	16232	2	198	4	92
23941	140	16034	16032	16228	2	196	4	92
23941	141	16040	16039	16234	1	195	3	92
23941	142	16035	16034	16230	1	196	4	92
23941	143	16034	16032	16230	2	198	4	92
23941	144	16036	16033	16231	3	198	4	92
23941	145	16036	16034	16230	2	196	4	92
23941	146	16034	16033	16229	1	196	3	92
23941	147	16042	16039	16238	3	199	5	92
23941	148	16036	16033	16231	3	198	4	92
23941	149	16033	16033	16228	0	195	3	92
23941	150	16036	16033	16231	3	198	4	92
23941	151	16035	16033	16230	2	197	5	92
23941	152	16034	16033	16230	1	197	3	92
23941	153	16042	16040	16236	2	196	4	92
23941	154	16034	16033	16228	1	195	3	92
23941	155	16033	16031	16229	2	198	4	92
23941	156	16036	16034	16230	2	196	4	92
23941	157	16034	16033	16228	1	195	3	92
23941	158	16035	16033	16230	2	197	5	92
23941	159	16042	16040	16238	2	198	4	92
23941	160	16033	16033	16228	0	195	3	92
23941	161	16036	16033	16232	3	199	5	92
23941	162	16036	16033	16233	3	200	4	92
23941	163	16034	16032	16229	2	197	3	92
23941	164	16036	16034	16232	2	198	4	92
23941	165	16042	16039	16238	3	199	5	92
23941	166	16034	16032	16229	2	197	3	92
23941	167	16035	16033	16231	2	198	4	92
23941	168	16034	16032	16229	2	197	3	92
23941	169	16034	16032	16230	2	198	4	92
23941	170	16036	16033	16232	3	199	5	92
23941	171	16040	16039	16234	1	195	3	92
23941	172	16036	16034	16232	2	198	4	92
23941	173	16036	16034	16232	2	198	4	92
23941	174	16033	16032	16229	1	197	3	92
23941	175	16036	16034	16241	2	207	6	93
23941	176	16036	16035	16231	1	196	4	92
23941	177	16039	16039	16234	0	195	3	92
23941	178	16035	16033	16231	2	198	4	92
23941	179	16036	16034	16230	2	196	4	92
23941	180	16033	16033	16228	0	195	3	92
23941	181	16036	16033	16230	3	197	5	92
23941	182	16034	16032	16228	2	196	4	92
23941	183	16040	16039	16236	1	197	3	92
23941	184	16035	16034	16230	1	196	4	92
23941	185	16035	16033	16228	2	195	3	92
23941	186	16036	16033	16232	3	199	4	92
23941	187	16035	16034	16230	1	196	4	92
23941	188	16034	16032	16228	2	196	4	92
23941	189	16042	16039	16236	3	197	5	92
23941	190	16035	16033	16230	2	197	5	92
23941	191	16034	16032	16228	2	196	4	92
23941	192	16036	16034	16230	2	196	4	92
23941	193	16035	16033	16231	2	198	4	92
23941	194	16035	16034	16229	1	195	3	92
23941	195	16042	16039	16237	3	198	4	92
23941	196	16034	16033	16228	1	195	3	92
23941	197	16033	16032	16228	1	196	4	92
23941	198	16035	16034	16230	1	196	4	92
23941	199	16033	16032	16229	1	197	3	92
23941	200	16036	16034	16232	2	198	4	92
23941	201	16042	16040	16238	2	198	4	92
23941	202	16034	16033	16230	1	197	3	92
23941	203	16035	16033	16231	2	198	4	92
23941	204	16036	16032	16231	4	199	5	92
23941	205	16033	16031	16229	2	198	4	92
23941	206	16037	16035	16232	2	197	5	92
23941	207	16042	16039	16235	3	196	4	92
23941	208	16034	16032	16230	2	198	4	92
23941	209	16036	16033	16231	3	198	4	92
23941	210	16034	16032	16238	2	206	5	93
23941	211	16033	16033	16228	0	195	3	92
23941	212	16037	16035	16231	2	196	4	92
23941	213	16040	16038	16236	2	198	4	92
23941	214	16037	16034	16232	3	198	4	92
23941	215	16035	16033	16231	2	198	4	92
23941	216	16034	16032	16229	2	197	3	92
23941	217	16035	16034	16230	1	196	4	92
23941	218	16037	16035	16233	2	198	4	92
23941	219	16040	16039	16234	1	195	3	92
23941	220	16036	16032	16231	4	199	5	92
23941	221	16036	16032	16231	4	199	5	92
23941	222	16034	16033	16228	1	195	3	92
23941	223	16036	16034	16232	2	198	4	92
23941	224	16036	16035	16231	1	196	4	92
23941	225	16040	16039	16236	1	197	3	92
23941	226	16035	16033	16231	2	198	4	92
23941	227	16034	16032	16230	2	198	4	92
23941	228	16034	16032	16230	2	198	4	92
23941	229	16036	16034	16230	2	196	4	92
23941	230	16034	16034	16229	0	195	3	92
23941	231	16042	16040	16238	2	198	4	92
23941	232	16035	16034	16230	1	196	4	92
23941	233	16034	16033	16228	1	195	3	92
23941	234	16036	16034	16230	2	196	4	92
23941	235	16035	16033	16231	2	198	4	92
23941	236	16035	16033	16229	2	196	4	92
23941	237	16042	16040	16236	2	196	4	92
23941	238	16036	16034	16230	2	196	4	92
23941	239	16034	16033	16230	1	197	3	92
23941	240	16036	16032	16230	4	198	4	92
23941	241	16033	16032	16229	1	197	3	92
23941	242	16035	16034	16231	1	197	3	92
23941	243	16042	16039	16238	3	199	5	92
23941	244	16034	16032	16228	2	196	4	92
23941	245	16036	16034	16240	2	206	6	93
23941	246	16035	16033	16231	2	198	4	92
23941	247	16033	16032	16229	1	197	3	92
23941	248	16036	16035	16231	1	196	4	92
23941	249	16042	16040	16238	2	198	4	92
23941	250	16033	16032	16228	1	196	4	92
23941	251	16035	16033	16230	2	197	5	92
23941	252	16035	16033	16230	2	197	5	92
23941	253	16034	16033	16228	1	195	3	92
23941	254	16037	16035	16233	2	198	4	92
23941	255	16042	16040	16236	2	196	4	92
23941	256	16034	16033	16228	1	195	3	92
23941	257	16036	16034	16232	2	198	4	92
23941	258	16033	16031	16229	2	198	4	92
23941	259	16036	16034	16230	2	196	4	92
23941	260	16038	16037	16233	1	196	4	92
23941	261	16039	16037	16234	2	197	3	92
23941	262	16035	16033	16230	2	197	5	92
23941	263	16036	16033	16233	3	200	4	92
23941	264	16034	16033	16228	1	195	3	92
23941	265	16035	16033	16231	2	198	4	92
23941	266	16039	16036	16233	3	197	5	92
23941	267	16039	16037	16233	2	196	4	92
23941	268	16036	16034	16232	2	198	4	92
23941	269	16036	16034	16232	2	198	4	92
23941	270	16033	16032	16229	1	197	3	92
23941	271	16036	16034	16230	2	196	4	92
23941	272	16037	16036	16233	1	197	3	92
23941	273	16039	16038	16234	1	196	4	92
23941	274	16036	16033	16230	3	197	5	92
23941	275	16034	16033	16228	1	195	3	92
23941	276	16035	16034	16230	1	196	4	92
23941	277	16035	16034	16230	1	196	4	92
23941	278	16038	16037	16234	1	197	3	92
23941	279	16040	16037	16237	3	200	4	92
23941	280	16036	16034	16237	2	203	6	93
23941	281	16034	16032	16229	2	197	4	92
23941	282	16036	16033	16230	3	197	5	92
23941	283	16036	16033	16231	3	198	4	92
23941	284	16038	16036	16233	2	197	3	92
23941	285	16040	16037	16235	3	198	4	92
23941	286	16033	16032	16229	1	197	3	92
23941	287	16035	16033	16229	2	196	4	92
23941	288	16036	16033	16231	3	198	4	92
23941	289	16034	16032	16229	2	197	3	92
23941	290	16041	16037	16236	4	199	5	92
23941	291	16039	16036	16234	3	198	4	92
23941	292	16034	16033	16228	1	195	3	92
23941	293	16036	16033	16231	3	198	4	92
23941	294	16036	16034	16230	2	196	4	92
23941	295	16034	16032	16229	2	197	3	92
23941	296	16042	16040	16238	2	198	4	92
23941	297	16037	16035	16232	2	197	5	92
23941	298	16034	16032	16230	2	198	4	92
23941	299	16035	16033	16231	2	198	4	92
23941	300	16034	16033	16228	1	195	3	92
23941	301	16034	16032	16231	2	199	4	92
23941	302	16040	16038	16233	2	195	5	92
23941	303	16037	16036	16231	1	195	3	92
23941	304	16036	16034	16230	2	196	4	92
23941	305	16036	16034	16230	2	196	4	92
23941	306	16033	16032	16228	1	196	4	92
23941	307	16036	16034	16232	2	198	4	92
23941	308	16038	16036	16234	2	198	4	92
23941	309	16039	16038	16235	1	197	3	92
23941	310	16036	16033	16230	3	197	5	92
23941	311	16036	16034	16232	2	198	4	92
23941	312	16034	16032	16229	2	197	3	92
23941	313	16035	16034	16230	1	196	4	92
23941	314	16034	16032	16230	2	198	4	92
23941	315	16040	16039	16241	1	202	5	93
23941	316	16036	16034	16230	2	196	4	92
23941	317	16034	16032	16228	2	196	3	92
23941	318	16035	16033	16230	2	197	5	92
23941	319	16036	16033	16231	3	198	4	92
23941	320	16034	16033	16228	1	195	3	92
23941	321	16041	16040	16236	1	196	4	92
23941	322	16035	16033	16230	2	197	5	92
23941	323	16035	16033	16230	2	197	3	92
23941	324	16036	16034	16232	2	198	4	92
23941	325	16036	16034	16230	2	196	4	92
23941	326	16034	16033	16230	1	197	3	92
23941	327	16042	16039	16235	3	196	4	92
23941	328	16034	16033	16228	1	195	3	92
23941	329	16034	16033	16230	1	197	3	92
23941	330	16036	16034	16230	2	196	4	92
23941	331	16034	16033	16230	1	197	3	92
23941	332	16036	16033	16233	3	200	4	92
23941	333	16042	16039	16235	3	196	4	92
23941	334	16036	16034	16232	2	198	4	92
23941	335	16036	16033	16230	3	197	5	92
23941	336	16036	16034	16230	2	196	4	92
23941	337	16034	16032	16228	2	196	4	92
23941	338	16036	16034	16230	2	196	4	92
23941	339	16039	16037	16235	2	198	4	92
23941	340	16039	16038	16235	1	197	3	92
23941	341	16036	16034	16232	2	198	4	92
23941	342	16035	16033	16230	2	197	5	92
23941	343	16034	16031	16230	3	199	4	92
23941	344	16036	16034	16232	2	198	4	92
23941	345	16035	16034	16231	1	197	3	92
23941	346	16042	16040	16238	2	198	4	92
23941	347	16035	16033	16230	2	197	5	92
23941	348	16034	16032	16229	2	197	3	92
23941	349	16035	16033	16231	2	198	4	92
23941	350	16036	16034	16235	2	201	6	93
23941	351	16034	16033	16230	1	197	3	92
23941	352	16042	16040	16236	2	196	4	92
23941	353	16036	16033	16231	3	198	4	92
23941	354	16034	16033	16230	1	197	3	92
23941	355	16036	16034	16232	2	198	4	92
23941	356	16036	16033	16229	3	196	4	92
23941	357	16033	16032	16229	1	197	3	92
23941	358	16042	16040	16236	2	196	4	92
23941	359	16033	16033	16228	0	195	3	92
23941	360	16036	16033	16231	3	198	4	92
23941	361	16036	16033	16230	3	197	4	92
23941	362	16034	16033	16228	1	195	3	92
23941	363	16035	16034	16230	1	196	4	92
23941	364	16042	16040	16236	2	196	4	92
23941	365	16034	16033	16228	1	195	3	92
23941	366	16036	16033	16232	3	199	5	92
23941	367	16036	16034	16230	2	196	4	92
23941	368	16034	16032	16229	2	197	3	92
23941	369	16036	16034	16232	2	198	4	92
23941	370	16041	16038	16235	3	197	5	92
23941	371	16037	16035	16232	2	197	3	92
23941	372	16035	16034	16230	1	196	4	92
23941	373	16034	16033	16230	1	197	3	92
23941	374	16036	16032	16229	4	197	5	92
23941	375	16036	16034	16230	2	196	4	92
23941	376	16036	16035	16230	1	195	3	92
23941	377	16042	16039	16235	3	196	4	92
23941	378	16035	16033	16231	2	198	4	92
23941	379	16033	16032	16229	1	197	3	92
23941	380	16036	16034	16230	2	196	4	92
23941	381	16035	16034	16230	1	196	4	92
23941	382	16034	16032	16228	2	196	4	92
23941	383	16042	16039	16235	3	196	4	92
23941	384	16036	16034	16232	2	198	4	92
23941	385	16034	16032	16228	2	196	4	92
23941	386	16036	16034	16230	2	196	4	92
23941	387	16034	16033	16228	1	195	3	92
23941	388	16036	16033	16231	3	198	4	92
23941	389	16042	16040	16236	2	196	4	92
23941	390	16034	16033	16228	1	195	3	92
23941	391	16036	16034	16232	2	198	4	92
23941	392	16036	16034	16231	2	197	5	92
23941	393	16034	16031	16230	3	199	4	92
23941	394	16036	16033	16232	3	199	5	92
23941	395	16043	16040	16236	3	196	4	92
23941	396	16035	16034	16231	1	197	3	92
23941	397	16036	16034	16230	2	196	4	92
23941	398	16036	16033	16231	3	198	4	92
23941	399	16034	16033	16228	1	195	3	92
23941	400	16036	16032	16231	4	199	5	92
23941	401	16037	16037	16232	0	195	3	92
23941	402	16038	16037	16235	1	198	4	92
23941	403	16035	16033	16229	2	196	4	92
23941	404	16034	16032	16228	2	196	3	92
23941	405	16036	16034	16230	2	196	4	92
23941	406	16036	16033	16231	3	198	4	92
23941	407	16035	16034	16230	1	196	4	92
23941	408	16042	16039	16238	3	199	5	92
23941	409	16036	16032	16229	4	197	5	92
23941	410	16034	16033	16230	1	197	3	92
23941	411	16036	16034	16230	2	196	4	92
23941	412	16036	16034	16232	2	198	4	92
23941	413	16034	16033	16230	1	197	3	92
23941	414	16042	16040	16236	2	196	4	92
23941	415	16034	16032	16230	2	198	4	92
23941	416	16034	16032	16228	2	196	4	92
23941	417	16036	16034	16232	2	198	4	92
23941	418	16033	16033	16228	0	195	3	92
23941	419	16036	16033	16231	3	198	4	92
23941	420	16042	16040	16243	2	203	6	93
23941	421	16035	16034	16229	1	195	3	92
23941	422	16036	16033	16231	3	198	4	92
23941	423	16035	16032	16231	3	199	5	92
23941	424	16034	16032	16230	2	198	4	92
23941	425	16036	16033	16231	3	198	4	92
23941	426	16042	16040	16238	2	198	4	92
23941	427	16034	16033	16228	1	195	3	92
23941	428	16036	16033	16231	3	198	4	92
23941	429	16034	16033	16228	1	195	3	92
23941	430	16034	16033	16228	1	195	3	92
23941	431	16036	16033	16229	3	196	4	92
23941	432	16039	16038	16233	1	195	3	92
23941	433	16038	16035	16232	3	197	5	92
23941	434	16036	16033	16231	3	198	4	92
23941	435	16034	16032	16228	2	196	4	92
23941	436	16035	16033	16229	2	196	4	92
23941	437	16036	16032	16231	4	199	5	92
23941	438	16037	16036	16231	1	195	3	92
23941	439	16040	16038	16236	2	198	4	92
23941	440	16036	16032	16231	4	199	4	92
23941	441	16034	16032	16228	2	196	4	92
23941	442	16036	16034	16232	2	198	4	92
23941	443	16034	16033	16228	1	195	3	92
23941	444	16034	16034	16229	0	195	3	92
23941	445	16042	16038	16237	4	199	5	92
23941	446	16034	16033	16228	1	195	3	92
23941	447	16036	16034	16230	2	196	4	92
23941	448	16035	16033	16229	2	196	4	92
23941	449	16034	16032	16230	2	198	4	92
23941	450	16036	16033	16232	3	199	5	92
23941	451	16042	16039	16238	3	199	5	92
23941	452	16033	16031	16229	2	198	4	92
23941	453	16036	16034	16232	2	198	4	92
23941	454	16036	16033	16231	3	198	4	92
23941	455	16033	16033	16228	0	195	3	92
23941	456	16036	16032	16231	4	199	5	92
23941	457	16040	16038	16235	2	197	3	92
23941	458	16034	16033	16228	1	195	3	92
23941	459	16036	16033	16232	3	199	5	92
23941	460	16034	16032	16228	2	196	4	92
23941	461	16035	16034	16230	1	196	4	92
23941	462	16035	16034	16230	1	196	4	92
23941	463	16040	16039	16236	1	197	3	92
23941	464	16036	16033	16230	3	197	5	92
23941	465	16035	16034	16230	1	196	4	92
23941	466	16034	16032	16229	2	197	3	92
23941	467	16035	16033	16230	2	197	5	92
23941	468	16036	16033	16232	3	199	5	92
23941	469	16039	16039	16234	0	195	3	92
23941	470	16037	16035	16231	2	196	4	92
23941	471	16034	16033	16228	1	195	3	92
23941	472	16034	16032	16228	2	196	4	92
23941	473	16035	16033	16231	2	198	4	92
23941	474	16033	16032	16229	1	197	3	92
23941	475	16040	16037	16236	3	199	5	92
23941	476	16039	16037	16235	2	198	4	92
23941	477	16034	16032	16229	2	197	3	92
23941	478	16036	16034	16230	2	196	4	92
23941	479	16036	16033	16232	3	199	5	92
23941	480	16033	16033	16228	0	195	3	92
23941	481	16038	16036	16232	2	196	4	92
23941	482	16041	16039	16237	2	198	4	92
23941	483	16033	16032	16229	1	197	3	92
23941	484	16036	16034	16230	2	196	4	92
23941	485	16036	16034	16230	2	196	4	92
23941	486	16033	16033	16228	0	195	3	92
23941	487	16036	16034	16230	2	196	4	92
23941	488	16039	16039	16234	0	195	3	92
23941	489	16036	16034	16230	2	196	4	92
23941	490	16036	16034	16238	2	204	6	93
23941	491	16033	16033	16228	0	195	3	92
23941	492	16036	16033	16231	3	198	4	92
23941	493	16036	16034	16232	2	198	4	92
23941	494	16040	16039	16236	1	197	3	92
23941	495	16035	16033	16231	2	198	4	92
23941	496	16035	16033	16231	2	198	4	92
23941	497	16034	16032	16228	2	196	4	92
23941	498	16036	16033	16232	3	199	4	92
23941	499	16036	16034	16230	2	196	4	92
23941	500	16039	16036	16232	3	196	4	92
23941	501	16039	16036	16235	3	199	5	92
23941	502	16034	16032	16230	2	198	3	92
23941	503	16036	16033	16231	3	198	4	92
23941	504	16036	16032	16233	4	201	5	92
23941	505	16034	16032	16228	2	196	4	92
23941	506	16037	16035	16231	2	196	4	92
23941	507	16042	16040	16238	2	198	4	92
23941	508	16034	16032	16228	2	196	4	92
23941	509	16036	16033	16231	3	198	4	92
23941	510	16036	16035	16231	1	196	4	92
23941	511	16034	16031	16229	3	198	4	92
23941	512	16036	16033	16232	3	199	5	92
23941	513	16042	16040	16236	2	196	4	92
23941	514	16034	16033	16228	1	195	3	92
23941	515	16036	16034	16231	2	197	4	92
23941	516	16033	16032	16228	1	196	4	92
23941	517	16033	16032	16229	1	197	3	92
23941	518	16036	16033	16231	3	198	4	92
23941	519	16040	16039	16236	1	197	3	92
23941	520	16037	16034	16231	3	197	5	92
23941	521	16036	16034	16230	2	196	4	92
23941	522	16033	16032	16227	1	195	3	92
23941	523	16036	16033	16230	3	197	5	92
23941	524	16035	16034	16230	1	196	4	92
23941	525	16037	16035	16232	2	197	3	92
23941	526	16041	16039	16235	2	196	4	92
23941	527	16036	16033	16232	3	199	5	92
23941	528	16034	16033	16228	1	195	3	92
23941	529	16036	16034	16232	2	198	4	92
23941	530	16036	16033	16231	3	198	4	92
23941	531	16035	16032	16228	3	196	4	92
23941	532	16042	16040	16236	2	196	4	92
23941	533	16034	16032	16229	2	197	3	92
23941	534	16035	16033	16229	2	196	4	92
23941	535	16036	16033	16232	3	199	5	92
23941	536	16034	16033	16228	1	195	3	92
23941	537	16036	16033	16231	3	198	4	92
23941	538	16042	16040	16238	2	198	4	92
23941	539	16034	16033	16230	1	197	3	92
23941	540	16036	16034	16230	2	196	4	92
23941	541	16036	16032	16229	4	197	5	92
23941	542	16034	16033	16228	1	195	3	92
23941	543	16036	16034	16232	2	198	4	92
23941	544	16042	16040	16236	2	196	4	92
23941	545	16034	16033	16228	1	195	3	92
23941	546	16036	16033	16231	3	198	4	92
23941	547	16034	16033	16228	1	195	3	92
23941	548	16036	16034	16232	2	198	4	92
23941	549	16036	16033	16232	3	199	5	92
23941	550	16038	16036	16234	2	198	4	92
23941	551	16038	16036	16234	2	198	4	92
23941	552	16036	16034	16232	2	198	4	92
23941	553	16034	16033	16228	1	195	3	92
23941	554	16036	16034	16232	2	198	4	92
23941	555	16036	16034	16230	2	196	4	92
23941	556	16036	16034	16230	2	196	4	92
23941	557	16041	16039	16235	2	196	4	92
23941	558	16036	16034	16232	2	198	4	92
23941	559	16035	16033	16229	2	196	4	92
23941	560	16036	16033	16232	3	199	5	92
23941	561	16033	16033	16228	0	195	3	92
23941	562	16035	16032	16231	3	199	5	92
23941	563	16042	16040	16238	2	198	4	92
23941	564	16034	16032	16228	2	196	4	92
23941	565	16036	16034	16232	2	198	4	92
23941	566	16036	16034	16232	2	198	4	92
23941	567	16034	16032	16229	2	197	3	92
23941	568	16036	16034	16232	2	198	4	92
23941	569	16042	16039	16238	3	199	5	92
23941	570	16034	16032	16230	2	198	4	92
23941	571	16036	16034	16230	2	196	4	92
23941	572	16035	16033	16231	2	198	4	92
23941	573	16034	16032	16231	2	199	3	92
23941	574	16037	16034	16230	3	196	4	92
23941	575	16041	16039	16236	2	197	3	92
23941	576	16036	16034	16232	2	198	4	92
23941	577	16036	16033	16232	3	199	5	92
23941	578	16034	16033	16230	1	197	3	92
23941	579	16036	16034	16230	2	196	4	92
23941	580	16036	16034	16230	2	196	4	92
23941	581	16040	16039	16234	1	195	3	92
23941	582	16037	16035	16233	2	198	4	92
23941	583	16036	16033	16231	3	198	4	92
23941	584	16033	16031	16229	2	198	4	92
23941	585	16035	16033	16230	2	197	5	92
23941	586	16036	16033	16232	3	199	5	92
23941	587	16038	16037	16234	1	197	3	92
23941	588	16040	16038	16235	2	197	4	92
23941	589	16034	16033	16230	1	197	3	92
23941	590	16035	16033	16229	2	196	4	92
23941	591	16035	16033	16229	2	196	4	92
23941	592	16034	16032	16230	2	198	4	92
23941	593	16038	16036	16232	2	196	4	92
23941	594	16041	16039	16236	2	197	5	92
23941	595	16033	16032	16229	1	197	3	92
23941	596	16036	16034	16232	2	198	4	92
23941	597	16036	16033	16231	3	198	4	92
23941	598	16033	16033	16228	0	195	3	92
23941	599	16036	16033	16232	3	199	5	92
23941	600	16042	16039	16238	3	199	5	92
23941	601	16034	16032	16230	2	198	4	92
23941	602	16036	16034	16230	2	196	4	92
23941	603	16034	16033	16228	1	195	3	92
23941	604	16036	16033	16231	3	198	4	92
23941	605	16036	16033	16231	3	198	4	92
23941	606	16040	16039	16234	1	195	3	92
23941	607	16036	16033	16230	3	197	5	92
23941	608	16036	16033	16230	3	197	5	92
23941	609	16034	16033	16228	1	195	3	92
23941	610	16036	16034	16230	2	196	4	92
23941	611	16036	16033	16231	3	198	4	92
23941	612	16040	16039	16234	1	195	3	92
23941	613	16037	16035	16233	2	198	4	92
23941	614	16036	16033	16232	3	199	5	92
23941	615	16034	16032	16228	2	196	4	92
23941	616	16035	16032	16231	3	199	5	92
23941	617	16033	16033	16228	0	195	3	92
23941	618	16039	16037	16233	2	196	4	92
23941	619	16040	16039	16235	1	196	4	92
23941	620	16034	16034	16229	0	195	3	92
23941	621	16036	16034	16232	2	198	4	92
23941	622	16036	16033	16230	3	197	5	92
23941	623	16034	16032	16229	2	197	3	92
23941	624	16037	16034	16230	3	196	4	92
23941	625	16042	16040	16238	2	198	4	92
23941	626	16034	16033	16228	1	195	3	92
23941	627	16036	16033	16231	3	198	4	92
23941	628	16036	16034	16230	2	196	4	92
23941	629	16034	16033	16228	1	195	3	92
23941	630	16035	16033	16230	2	197	5	92
23941	631	16040	16037	16234	3	197	5	92
23941	632	16035	16034	16232	1	198	4	92
23941	633	16035	16034	16230	1	196	4	92
23941	634	16034	16033	16228	1	195	3	92
23941	635	16035	16033	16229	2	196	4	92
23941	636	16036	16034	16232	2	198	4	92
23941	637	16037	16035	16232	2	197	3	92
23941	638	16041	16037	16236	4	199	5	92
23941	639	16036	16033	16230	3	197	5	92
23941	640	16034	16033	16228	1	195	3	92
23941	641	16036	16034	16232	2	198	4	92
23941	642	16035	16034	16230	1	196	4	92
23941	643	16034	16032	16230	2	198	4	92
23941	644	16042	16040	16238	2	198	4	92
23941	645	16033	16032	16228	1	196	4	92
23941	646	16036	16032	16231	4	199	5	92
23941	647	16035	16034	16230	1	196	4	92
23941	648	16034	16033	16228	1	195	3	92
23941	649	16036	16034	16230	2	196	4	92
23941	650	16042	16040	16236	2	196	4	92
23941	651	16034	16032	16228	2	196	4	92
23941	652	16036	16034	16232	2	198	4	92
23941	653	16036	16033	16232	3	199	5	92
23941	654	16034	16033	16230	1	197	3	92
23941	655	16035	16034	16230	1	196	4	92
23941	656	16041	16039	16237	2	198	4	92
23941	657	16036	16035	16230	1	195	3	92
23941	658	16036	16034	16230	2	196	4	92
23941	659	16034	16033	16230	1	197	3	92
23941	660	16036	16032	16229	4	197	5	92
23941	661	16035	16033	16230	2	197	5	92
23941	662	16036	16035	16230	1	195	3	92
23941	663	16042	16039	16237	3	198	4	92
23941	664	16036	16034	16230	2	196	4	92
23941	665	16034	16033	16228	1	195	3	92
23941	666	16036	16034	16230	2	196	4	92
23941	667	16035	16033	16231	2	198	4	92
23941	668	16033	16032	16228	1	196	4	92
23941	669	16042	16040	16236	2	196	4	92
23941	670	16036	16033	16231	3	198	4	92
23941	671	16034	16032	16229	2	197	3	92
23941	672	16036	16034	16230	2	196	4	92
23941	673	16033	16033	16228	0	195	3	92
23941	674	16036	16034	16232	2	198	4	92
23941	675	16042	16039	16236	3	197	5	92
23941	676	16034	16032	16228	2	196	4	92
23941	677	16036	16033	16230	3	197	4	92
23941	678	16036	16034	16230	2	196	4	92
23941	679	16033	16033	16228	0	195	3	92
23941	680	16036	16033	16231	3	198	4	92
23941	681	16041	16038	16235	3	197	4	92
23941	682	16036	16036	16231	0	195	3	92
23941	683	16036	16033	16231	3	198	4	92
23941	684	16036	16033	16230	3	197	5	92
23941	685	16034	16033	16228	1	195	3	92
23941	686	16036	16034	16232	2	198	4	92
23941	687	16036	16035	16232	1	197	3	92
23941	688	16042	16038	16237	4	199	5	92
23941	689	16035	16034	16230	1	196	4	92
23941	690	16034	16033	16230	1	197	3	92
23941	691	16037	16033	16230	4	197	5	92
23941	692	16036	16034	16231	2	197	4	92
23941	693	16034	16032	16229	2	197	3	92
23941	694	16042	16040	16236	2	196	4	92
23941	695	16036	16033	16232	3	199	5	92
23941	696	16034	16032	16231	2	199	3	92
23941	697	16036	16034	16230	2	196	4	92
23941	698	16036	16034	16232	2	198	4	92
23941	699	16034	16031	16229	3	198	4	92
23941	700	16042	16040	16236	2	196	4	92
23941	701	16034	16033	16228	1	195	3	92
23941	702	16036	16034	16230	2	196	4	92
23941	703	16036	16034	16232	2	198	4	92
23941	704	16033	16032	16229	1	197	3	92
23941	705	16036	16033	16231	3	198	4	92
23941	706	16041	16039	16236	2	197	5	92
23941	707	16036	16034	16231	2	197	3	92
23941	708	16036	16034	16232	2	198	4	92
23941	709	16036	16034	16232	2	198	4	92
23941	710	16034	16032	16230	2	198	4	92
23941	711	16036	16034	16232	2	198	4	92
23941	712	16040	16038	16236	2	198	4	92
23941	713	16038	16035	16233	3	198	4	92
23941	714	16036	16034	16232	2	198	4	92
23941	715	16033	16032	16227	1	195	3	92
23941	716	16036	16034	16232	2	198	4	92
23941	717	16036	16034	16230	2	196	4	92
23941	718	16035	16034	16229	1	195	3	92
23941	719	16042	16040	16236	2	196	4	92
23941	720	16036	16034	16232	2	198	4	92
23941	721	16034	16032	16228	2	196	4	92
23941	722	16036	16032	16233	4	201	5	92
23941	723	16036	16034	16232	2	198	4	92
23941	724	16033	16032	16228	1	196	4	92
23941	725	16042	16040	16236	2	196	4	92
23941	726	16036	16034	16230	2	196	4	92
23941	727	16034	16033	16230	1	197	3	92
23941	728	16036	16033	16230	3	197	5	92
23941	729	16034	16033	16228	1	195	3	92
23941	730	16035	16033	16231	2	198	4	92
23941	731	16042	16040	16238	2	198	4	92
23941	732	16034	16033	16230	1	197	3	92
23941	733	16036	16034	16232	2	198	4	92
23941	734	16036	16033	16231	3	198	4	92
23941	735	16034	16033	16228	1	195	3	92
23941	736	16035	16034	16230	1	196	4	92
23941	737	16042	16040	16238	2	198	4	92
23941	738	16036	16034	16229	2	195	3	92
23941	739	16035	16033	16230	2	197	5	92
23941	740	16036	16033	16230	3	197	5	92
23941	741	16034	16033	16228	1	195	3	92
23941	742	16036	16034	16232	2	198	4	92
23941	743	16038	16036	16233	2	197	3	92
23941	744	16039	16036	16235	3	199	5	92
23941	745	16036	16034	16230	2	196	4	92
23941	746	16034	16033	16230	1	197	3	92
23941	747	16035	16033	16231	2	198	4	92
23941	748	16036	16033	16233	3	200	4	92
23941	749	16036	16034	16229	2	195	3	92
23941	750	16042	16040	16236	2	196	4	92
23941	751	16035	16032	16231	3	199	5	92
23941	752	16034	16033	16230	1	197	3	92
23941	753	16035	16034	16230	1	196	4	92
23941	754	16035	16034	16230	1	196	4	92
23941	755	16034	16032	16229	2	197	3	92
23941	756	16042	16040	16236	2	196	4	92
23941	757	16034	16033	16228	1	195	3	92
23941	758	16036	16034	16232	2	198	4	92
23941	759	16036	16033	16231	3	198	4	92
23941	760	16034	16033	16228	1	195	3	92
23941	761	16036	16034	16230	2	196	4	92
23941	762	16042	16040	16238	2	198	4	92
23941	763	16033	16031	16229	2	198	4	92
23941	764	16036	16033	16232	3	199	5	92
23941	765	16036	16034	16230	2	196	4	92
23941	766	16034	16032	16229	2	197	3	92
23941	767	16036	16034	16230	2	196	4	92
23941	768	16040	16039	16236	1	197	3	92
23941	769	16034	16033	16228	1	195	3	92
23941	770	16036	16032	16231	4	199	5	92
23941	771	16034	16033	16230	1	197	3	92
23941	772	16035	16033	16230	2	197	5	92
23941	773	16036	16033	16231	3	198	4	92
23941	774	16040	16039	16236	1	197	3	92
23941	775	16037	16035	16231	2	196	4	92
23941	776	16036	16034	16230	2	196	4	92
23941	777	16034	16033	16230	1	197	3	92
23941	778	16038	16036	16234	2	198	4	92
23941	779	16036	16033	16230	3	197	5	92
23941	780	16037	16037	16232	0	195	3	92
23941	781	16040	16037	16233	3	196	4	92
23941	782	16033	16033	16228	0	195	3	92
23941	783	16034	16033	16230	1	197	3	92
23941	784	16036	16034	16232	2	198	4	92
23941	785	16034	16033	16228	1	195	3	92
23941	786	16039	16037	16234	2	197	5	92
23941	787	16041	16037	16236	4	199	5	92
23941	788	16034	16032	16228	2	196	4	92
23941	789	16036	16034	16230	2	196	4	92
23941	790	16036	16033	16231	3	198	4	92
23941	791	16034	16033	16228	1	195	3	92
23941	792	16038	16036	16232	2	196	4	92
23941	793	16041	16039	16236	2	197	5	92
23941	794	16034	16033	16228	1	195	3	92
23941	795	16035	16034	16230	1	196	4	92
23941	796	16036	16035	16230	1	195	3	92
23941	797	16034	16031	16230	3	199	5	92
23941	798	16036	16033	16231	3	198	4	92
23941	799	16040	16039	16234	1	195	3	92
23941	800	16036	16033	16230	3	197	5	92
23941	801	16035	16033	16230	2	197	5	92
23941	802	16035	16033	16228	2	195	3	92
23941	803	16035	16034	16230	1	196	4	92
23941	804	16036	16034	16230	2	196	4	92
23941	805	16038	16037	16234	1	197	3	92
23941	806	16040	16037	16233	3	196	4	92
23941	807	16035	16033	16230	2	197	5	92
23941	808	16034	16033	16229	1	196	4	92
23941	809	16036	16034	16230	2	196	4	92
23941	810	16034	16032	16229	2	197	3	92
23941	811	16034	16032	16228	2	196	4	92
23941	812	16042	16040	16236	2	196	4	92
23941	813	16034	16033	16230	1	197	3	92
23941	814	16036	16033	16231	3	198	4	92
23941	815	16036	16033	16230	3	197	5	92
23941	816	16034	16032	16230	2	198	3	92
23941	817	16036	16034	16230	2	196	4	92
23941	818	16040	16036	16234	4	198	5	92
23941	819	16038	16037	16232	1	195	3	92
23941	820	16035	16033	16231	2	198	4	92
23941	821	16036	16034	16231	2	197	4	92
23941	822	16034	16033	16228	1	195	3	92
23941	823	16035	16034	16230	1	196	4	92
23941	824	16036	16034	16230	2	196	4	92
23941	825	16040	16039	16234	1	195	3	92
23941	826	16036	16033	16230	3	197	5	92
23941	827	16034	16032	16229	2	197	3	92
23941	828	16036	16034	16232	2	198	4	92
23941	829	16035	16034	16230	1	196	4	92
23941	830	16034	16032	16229	2	197	4	92
23941	831	16042	16039	16238	3	199	5	92
23941	832	16036	16035	16231	1	196	4	92
23941	833	16034	16033	16230	1	197	3	92
23941	834	16036	16033	16232	3	199	5	92
23941	835	16036	16033	16231	3	198	4	92
23941	836	16034	16033	16228	1	195	3	92
23941	837	16037	16035	16231	2	196	4	92
23941	838	16040	16037	16235	3	198	4	92
23941	839	16034	16033	16228	1	195	3	92
23941	840	16036	16034	16232	2	198	4	92
23941	841	16035	16032	16228	3	196	4	92
23941	842	16035	16034	16230	1	196	4	92
23941	843	16036	16034	16232	2	198	4	92
23941	844	16040	16039	16236	1	197	3	92
23941	845	16035	16033	16230	2	197	5	92
23941	846	16035	16033	16231	2	198	4	92
23941	847	16033	16033	16228	0	195	3	92
23941	848	16036	16033	16231	3	198	4	92
23941	849	16036	16033	16230	3	197	5	92
23941	850	16037	16036	16233	1	197	3	92
23941	851	16040	16038	16236	2	198	4	92
23941	852	16034	16033	16228	1	195	3	92
23941	853	16034	16031	16230	3	199	4	92
23941	854	16035	16033	16231	2	198	4	92
23941	855	16035	16034	16229	1	195	3	92
23941	856	16036	16034	16230	2	196	4	92
23941	857	16042	16039	16236	3	197	5	92
23941	858	16034	16033	16228	1	195	3	92
23941	859	16036	16034	16230	2	196	4	92
23941	860	16036	16034	16232	2	198	4	92
23941	861	16034	16032	16230	2	198	4	92
23941	862	16036	16034	16230	2	196	4	92
23941	863	16041	16038	16237	3	199	5	92
23941	864	16036	16035	16230	1	195	3	92
23941	865	16036	16033	16231	3	198	4	92
23941	866	16034	16033	16232	1	199	3	92
23941	867	16033	16032	16228	1	196	4	92
23941	868	16035	16034	16230	1	196	4	92
23941	869	16035	16034	16231	1	197	3	92
23941	870	16042	16040	16236	2	196	4	92
23941	871	16036	16033	16230	3	197	5	92
23941	872	16034	16033	16230	1	197	3	92
23941	873	16036	16033	16231	3	198	4	92
23941	874	16036	16033	16230	3	197	5	92
23941	875	16034	16032	16230	2	198	4	92
23941	876	16042	16039	16235	3	196	4	92
23941	877	16036	16034	16232	2	198	4	92
23941	878	16034	16033	16230	1	197	3	92
23941	879	16036	16034	16232	2	198	4	92
23941	880	16034	16033	16232	1	199	3	92
23941	881	16034	16033	16230	1	197	3	92
23941	882	16040	16037	16236	3	199	5	92
23941	883	16037	16035	16231	2	196	4	92
23941	884	16036	16033	16229	3	196	4	92
23941	885	16036	16034	16232	2	198	4	92
23941	886	16034	16033	16228	1	195	3	92
23941	887	16035	16034	16230	1	196	4	92
23941	888	16036	16035	16231	1	196	4	92
23941	889	16041	16038	16234	3	196	4	92
23941	890	16035	16033	16230	2	197	5	92
23941	891	16037	16035	16231	2	196	4	92
23941	892	16034	16033	16228	1	195	3	92
23941	893	16036	16034	16230	2	196	4	92
23941	894	16034	16032	16230	2	198	4	92
23941	895	16040	16039	16236	1	197	3	92
23941	896	16036	16033	16231	3	198	4	92
23941	897	16034	16033	16228	1	195	3	92
23941	898	16036	16033	16232	3	199	5	92
23941	899	16036	16034	16230	2	196	4	92
23941	900	16034	16033	16228	1	195	3	92
23941	901	16039	16036	16234	3	198	4	92
23941	902	16041	16037	16236	4	199	5	92
23941	903	16034	16033	16228	1	195	3	92
23941	904	16036	16034	16232	2	198	4	92
23941	905	16036	16033	16230	3	197	5	92
23941	906	16034	16033	16228	1	195	3	92
23941	907	16035	16034	16230	1	196	4	92
23941	908	16040	16038	16234	2	196	3	92
23941	909	16033	16032	16228	1	196	4	92
23941	910	16036	16034	16232	2	198	4	92
23941	911	16033	16032	16227	1	195	3	92
23941	912	16035	16034	16230	1	196	4	92
23941	913	16036	16033	16232	3	199	5	92
23941	914	16039	16039	16234	0	195	3	92
23941	915	16037	16035	16231	2	196	4	92
23941	916	16036	16034	16230	2	196	4	92
23941	917	16034	16033	16228	1	195	3	92
23941	918	16036	16034	16230	2	196	4	92
23941	919	16036	16033	16232	3	199	5	92
23941	920	16035	16033	16231	2	198	4	92
23941	921	16042	16040	16238	2	198	4	92
23941	922	16034	16032	16230	2	198	4	92
23941	923	16034	16033	16228	1	195	3	92
23941	924	16036	16034	16230	2	196	4	92
23941	925	16034	16033	16230	1	197	3	92
23941	926	16036	16033	16231	3	198	4	92
23941	927	16042	16039	16237	3	198	4	92
23941	928	16034	16032	16228	2	196	4	92
23941	929	16036	16034	16232	2	198	4	92
23941	930	16035	16034	16230	1	196	4	92
23941	931	16034	16033	16228	1	195	3	92
23941	932	16036	16034	16230	2	196	4	92
23941	933	16041	16039	16237	2	198	4	92
23941	934	16036	16034	16230	2	196	4	92
23941	935	16036	16033	16230	3	197	5	92
23941	936	16034	16033	16230	1	197	3	92
23941	937	16033	16033	16228	0	195	3	92
23941	938	16036	16033	16232	3	199	5	92
23941	939	16035	16034	16229	1	195	3	92
23941	940	16042	16040	16236	2	196	4	92
23941	941	16035	16033	16231	2	198	4	92
23941	942	16034	16032	16228	2	196	4	92
23941	943	16036	16034	16230	2	196	4	92
23941	944	16036	16033	16232	3	199	5	92
23941	945	16034	16033	16230	1	197	3	92
23941	946	16042	16039	16238	3	199	5	92
23941	947	16035	16033	16231	2	198	4	92
23941	948	16034	16033	16230	1	197	3	92
23941	949	16035	16033	16231	2	198	4	92
23941	950	16034	16031	16227	3	196	4	92
23941	951	16034	16033	16230	1	197	3	92
23941	952	16041	16039	16235	2	196	4	92
23941	953	16035	16035	16230	0	195	3	92
23941	954	16036	16033	16232	3	199	5	92
23941	955	16036	16033	16232	3	199	5	92
23941	956	16033	16033	16228	0	195	3	92
23941	957	16036	16034	16232	2	198	4	92
23941	958	16037	16036	16232	1	196	4	92
23941	959	16039	16038	16235	1	197	3	92
23941	960	16035	16034	16230	1	196	4	92
23941	961	16036	16034	16232	2	198	4	92
23941	962	16034	16032	16228	2	196	4	92
23941	963	16036	16032	16233	4	201	5	92
23941	964	16034	16033	16228	1	195	3	92
23941	965	16040	16038	16235	2	197	3	92
23941	966	16035	16034	16230	1	196	4	92
23941	967	16033	16033	16228	0	195	3	92
23941	968	16036	16034	16230	2	196	4	92
23941	969	16036	16033	16231	3	198	4	92
23941	970	16034	16032	16230	2	198	4	92
23941	971	16040	16038	16234	2	196	4	92
23941	972	16039	16037	16233	2	196	4	92
23941	973	16034	16033	16228	1	195	3	92
23941	974	16035	16033	16229	2	196	4	92
23941	975	16036	16034	16230	2	196	4	92
23941	976	16033	16033	16228	0	195	3	92
23941	977	16037	16035	16232	2	197	4	92
23941	978	16042	16038	16237	4	199	5	92
23941	979	16033	16033	16228	0	195	3	92
23941	980	16036	16033	16231	3	198	4	92
23941	981	16034	16033	16228	1	195	3	92
23941	982	16036	16034	16230	2	196	4	92
23941	983	16036	16033	16229	3	196	4	92
23941	984	16039	16039	16234	0	195	3	92
23941	985	16036	16033	16230	3	197	5	92
23941	986	16036	16034	16231	2	197	4	92
23941	987	16033	16032	16229	1	197	3	92
23941	988	16036	16033	16231	3	198	4	92
23941	989	16035	16034	16230	1	196	4	92
23941	990	16040	16039	16234	1	195	3	92
23941	991	16036	16034	16232	2	198	4	92
23941	992	16035	16032	16231	3	199	5	92
23941	993	16034	16032	16228	2	196	4	92
23941	994	16036	16033	16232	3	199	5	92
23941	995	16034	16033	16228	1	195	3	92
23941	996	16038	16037	16233	1	196	4	92
23941	997	16044	16040	16237	4	197	5	92
23941	998	16033	16033	16228	0	195	3	92
23941	999	16036	16034	16232	2	198	4	92
23941	1000	16035	16033	16230	2	197	5	92
