RUNID	ITERNUM	METIME	PRTIME	TPRTIME	DIFF	TDIFF	NRPROCS	NPROCS
23961	1	16034	16032	16231	2	199	5	93
23961	2	16036	16034	16231	2	197	4	92
23961	3	16038	16036	16234	2	198	4	92
23961	4	16038	16036	16234	2	198	4	92
23961	5	16036	16035	16230	1	195	3	92
23961	6	16034	16031	16229	3	198	4	92
23961	7	16039	16036	16234	3	198	4	92
23961	8	16035	16035	16232	0	197	3	92
23961	9	16038	16036	16230	2	194	4	92
23961	10	16033	16032	16229	1	197	3	92
23961	11	16038	16035	16233	3	198	4	92
23961	12	16038	16036	16232	2	196	4	92
23961	13	16037	16035	16232	2	197	3	92
23961	14	16038	16035	16234	3	199	5	92
23961	15	16034	16031	16230	3	199	5	92
23961	16	16036	16034	16232	2	198	4	92
23961	17	16038	16036	16234	2	198	4	92
23961	18	16038	16036	16234	2	198	4	92
23961	19	16036	16034	16231	2	197	3	92
23961	20	16036	16034	16230	2	196	4	92
23961	21	16038	16036	16232	2	196	4	92
23961	22	16036	16035	16232	1	197	3	92
23961	23	16038	16036	16234	2	198	4	92
23961	24	16032	16031	16228	1	197	3	92
23961	25	16036	16035	16232	1	197	3	92
23961	26	16038	16036	16234	2	198	4	92
23961	27	16036	16035	16232	1	197	3	92
23961	28	16038	16034	16233	4	199	5	92
23961	29	16034	16031	16228	3	197	5	92
23961	30	16036	16034	16230	2	196	4	92
23961	31	16038	16036	16232	2	196	4	92
23961	32	16038	16036	16234	2	198	4	92
23961	33	16033	16031	16228	2	197	3	92
23961	34	16038	16036	16234	2	198	4	92
23961	35	16039	16036	16234	3	198	4	92
23961	36	16036	16035	16232	1	197	3	92
23961	37	16038	16036	16234	2	198	4	92
23961	38	16032	16031	16229	1	198	4	92
23961	39	16036	16035	16232	1	197	3	92
23961	40	16038	16036	16233	2	197	4	92
23961	41	16035	16035	16232	0	197	3	92
23961	42	16037	16036	16230	1	194	4	92
23961	43	16037	16034	16232	3	198	4	92
23961	44	16036	16035	16232	1	197	3	92
23961	45	16038	16036	16232	2	196	4	92
23961	46	16038	16035	16234	3	199	5	92
23961	47	16032	16030	16226	2	196	4	92
23961	48	16038	16035	16234	3	199	5	92
23961	49	16038	16035	16233	3	198	4	92
23961	50	16037	16035	16232	2	197	3	92
23961	51	16038	16036	16232	2	196	4	92
23961	52	16034	16032	16230	2	198	4	92
23961	53	16037	16035	16232	2	197	3	92
23961	54	16038	16035	16231	3	196	4	92
23961	55	16036	16035	16228	1	193	3	92
23961	56	16035	16033	16231	2	198	4	92
23961	57	16038	16036	16234	2	198	4	92
23961	58	16036	16035	16232	1	197	3	92
23961	59	16038	16036	16234	2	198	4	92
23961	60	16039	16036	16234	3	198	4	92
23961	61	16032	16029	16227	3	198	4	92
23961	62	16038	16035	16232	3	197	5	92
23961	63	16038	16035	16232	3	197	5	92
23961	64	16036	16034	16232	2	198	4	92
23961	65	16038	16034	16229	4	195	5	92
23961	66	16035	16033	16232	2	199	5	92
23961	67	16036	16034	16229	2	195	3	92
23961	68	16038	16036	16232	2	196	4	92
23961	69	16036	16036	16231	0	195	3	92
23961	70	16032	16031	16229	1	198	4	92
23961	71	16037	16036	16234	1	198	4	92
23961	72	16036	16035	16230	1	195	3	92
23961	73	16039	16035	16234	4	199	5	92
23961	74	16038	16035	16234	3	199	5	92
23961	75	16032	16029	16227	3	198	4	92
23961	76	16038	16036	16234	2	198	4	92
23961	77	16038	16037	16233	1	196	4	92
23961	78	16036	16035	16232	1	197	3	92
23961	79	16035	16034	16232	1	198	4	92
23961	80	16038	16036	16232	2	196	4	92
23961	81	16036	16035	16232	1	197	3	92
23961	82	16038	16035	16232	3	197	5	92
23961	83	16036	16036	16231	0	195	3	92
23961	84	16031	16031	16226	0	195	3	92
23961	85	16039	16036	16234	3	198	4	92
23961	86	16036	16035	16230	1	195	3	92
23961	87	16038	16036	16234	2	198	4	92
23961	88	16038	16035	16233	3	198	4	92
23961	89	16035	16032	16230	3	198	4	92
23961	90	16038	16035	16234	3	199	5	92
23961	91	16038	16036	16234	2	198	4	92
23961	92	16037	16035	16232	2	197	3	92
23961	93	16034	16032	16229	2	197	4	92
23961	94	16038	16036	16234	2	198	4	92
23961	95	16036	16035	16232	1	197	3	92
23961	96	16038	16035	16232	3	197	5	92
23961	97	16038	16036	16234	2	198	4	92
23961	98	16034	16033	16228	1	195	3	92
23961	99	16038	16036	16234	2	198	4	92
23961	100	16036	16035	16232	1	197	3	92
23961	101	16038	16036	16233	2	197	4	92
23961	102	16034	16031	16227	3	196	4	92
23961	103	16036	16034	16232	2	198	4	92
23961	104	16038	16036	16232	2	196	4	92
23961	105	16038	16036	16250	2	214	6	93
23961	106	16036	16035	16230	1	195	3	92
23961	107	16034	16032	16228	2	196	4	92
23961	108	16038	16036	16234	2	198	4	92
23961	109	16036	16034	16232	2	198	4	92
23961	110	16038	16035	16234	3	199	5	92
23961	111	16035	16032	16230	3	198	4	92
23961	112	16036	16035	16232	1	197	3	92
23961	113	16038	16036	16232	2	196	4	92
23961	114	16036	16035	16232	1	197	3	92
23961	115	16038	16036	16232	2	196	4	92
23961	116	16034	16031	16230	3	199	5	92
23961	117	16036	16034	16230	2	196	4	92
23961	118	16038	16037	16231	1	194	4	92
23961	119	16038	16036	16232	2	196	4	92
23961	120	16037	16036	16231	1	195	3	92
23961	121	16039	16036	16234	3	198	5	92
23961	122	16038	16035	16232	3	197	5	92
23961	123	16038	16035	16232	3	197	5	92
23961	124	16038	16036	16234	2	198	4	92
23961	125	16034	16032	16230	2	198	4	92
23961	126	16037	16036	16231	1	195	3	92
23961	127	16038	16035	16234	3	199	5	92
23961	128	16036	16034	16232	2	198	4	92
23961	129	16038	16036	16234	2	198	4	92
23961	130	16034	16032	16230	2	198	4	92
23961	131	16037	16035	16232	2	197	3	92
23961	132	16038	16036	16234	2	198	4	92
23961	133	16037	16036	16234	1	198	4	92
23961	134	16032	16030	16226	2	196	4	92
23961	135	16038	16036	16232	2	196	5	92
23961	136	16038	16036	16234	2	198	4	92
23961	137	16036	16034	16232	2	198	4	92
23961	138	16039	16036	16234	3	198	4	92
23961	139	16034	16032	16228	2	196	4	92
23961	140	16036	16034	16230	2	196	4	92
23961	141	16038	16035	16234	3	199	5	92
23961	142	16036	16035	16232	1	197	3	92
23961	143	16037	16034	16232	3	198	4	92
23961	144	16037	16035	16233	2	198	4	92
23961	145	16036	16035	16232	1	197	3	92
23961	146	16038	16036	16232	2	196	4	92
23961	147	16038	16036	16234	2	198	4	92
23961	148	16032	16030	16228	2	198	4	92
23961	149	16038	16036	16234	2	198	4	92
23961	150	16038	16036	16232	2	196	4	92
23961	151	16036	16036	16230	0	194	3	92
23961	152	16038	16036	16232	2	196	4	92
23961	153	16034	16032	16229	2	197	5	92
23961	154	16036	16034	16231	2	197	4	92
23961	155	16038	16036	16232	2	196	4	92
23961	156	16036	16036	16231	0	195	3	92
23961	157	16034	16032	16230	2	198	4	92
23961	158	16038	16036	16232	2	196	4	92
23961	159	16036	16035	16230	1	195	3	92
23961	160	16039	16035	16234	4	199	5	92
23961	161	16038	16036	16232	2	196	4	92
23961	162	16032	16030	16228	2	198	4	92
23961	163	16038	16036	16232	2	196	4	92
23961	164	16038	16037	16233	1	196	4	92
23961	165	16036	16035	16232	1	197	3	92
23961	166	16037	16036	16234	1	198	4	92
23961	167	16036	16033	16230	3	197	5	92
23961	168	16036	16035	16232	1	197	3	92
23961	169	16038	16036	16234	2	198	4	92
23961	170	16035	16035	16232	0	197	3	92
23961	171	16034	16032	16230	2	198	4	92
23961	172	16038	16036	16232	2	196	4	92
23961	173	16036	16035	16232	1	197	3	92
23961	174	16038	16035	16234	3	199	5	92
23961	175	16038	16036	16234	2	198	4	92
23961	176	16031	16031	16228	0	197	3	92
23961	177	16038	16036	16234	2	198	4	92
23961	178	16038	16036	16234	2	198	4	92
23961	179	16037	16035	16232	2	197	3	92
23961	180	16038	16035	16232	3	197	5	92
23961	181	16036	16034	16231	2	197	5	92
23961	182	16036	16035	16232	1	197	3	92
23961	183	16038	16036	16234	2	198	4	92
23961	184	16036	16035	16230	1	195	3	92
23961	185	16033	16032	16230	1	198	4	92
23961	186	16038	16036	16234	2	198	4	92
23961	187	16036	16034	16232	2	198	4	92
23961	188	16038	16037	16231	1	194	4	92
23961	189	16038	16036	16232	2	196	4	92
23961	190	16032	16031	16226	1	195	3	92
23961	191	16038	16036	16234	2	198	4	92
23961	192	16038	16036	16232	2	196	4	92
23961	193	16037	16035	16232	2	197	3	92
23961	194	16037	16034	16231	3	197	5	92
23961	195	16036	16033	16232	3	199	5	92
23961	196	16036	16035	16230	1	195	3	92
23961	197	16039	16036	16234	3	198	4	92
23961	198	16036	16035	16232	1	197	3	92
23961	199	16034	16031	16227	3	196	4	92
23961	200	16038	16036	16232	2	196	4	92
23961	201	16036	16034	16232	2	198	4	92
23961	202	16038	16035	16234	3	199	5	92
23961	203	16038	16035	16231	3	196	4	92
23961	204	16032	16031	16226	1	195	3	92
23961	205	16038	16036	16234	2	198	4	92
23961	206	16038	16036	16234	2	198	4	92
23961	207	16036	16034	16232	2	198	4	92
23961	208	16037	16035	16231	2	196	4	92
23961	209	16036	16035	16229	1	194	4	92
23961	210	16037	16035	16232	2	197	3	92
23961	211	16038	16036	16234	2	198	4	92
23961	212	16036	16035	16232	1	197	3	92
23961	213	16032	16030	16226	2	196	4	92
23961	214	16038	16035	16234	3	199	5	92
23961	215	16036	16034	16232	2	198	4	92
23961	216	16038	16036	16232	2	196	4	92
23961	217	16038	16036	16234	2	198	4	92
23961	218	16032	16031	16228	1	197	3	92
23961	219	16038	16035	16234	3	199	5	92
23961	220	16038	16035	16232	3	197	5	92
23961	221	16036	16034	16232	2	198	4	92
23961	222	16035	16032	16231	3	199	5	92
23961	223	16038	16034	16233	4	199	5	92
23961	224	16036	16034	16230	2	196	4	92
23961	225	16038	16035	16233	3	198	4	92
23961	226	16036	16035	16232	1	197	3	92
23961	227	16032	16031	16226	1	195	3	92
23961	228	16038	16036	16234	2	198	4	92
23961	229	16036	16035	16230	1	195	3	92
23961	230	16038	16036	16234	2	198	4	92
23961	231	16038	16036	16234	2	198	4	92
23961	232	16032	16031	16228	1	197	3	92
23961	233	16039	16036	16234	3	198	4	92
23961	234	16038	16036	16232	2	196	4	92
23961	235	16037	16035	16232	2	197	3	92
23961	236	16036	16035	16233	1	198	4	92
23961	237	16037	16035	16233	2	198	4	92
23961	238	16036	16035	16232	1	197	3	92
23961	239	16038	16036	16230	2	194	4	92
23961	240	16038	16036	16234	2	198	4	92
23961	241	16031	16030	16228	1	198	4	92
23961	242	16038	16036	16232	2	196	4	92
23961	243	16036	16034	16232	2	198	4	92
23961	244	16038	16035	16234	3	199	5	92
23961	245	16038	16036	16234	2	198	4	92
23961	246	16032	16030	16226	2	196	4	92
23961	247	16038	16036	16232	2	196	4	92
23961	248	16038	16036	16234	2	198	4	92
23961	249	16036	16035	16232	1	197	3	92
23961	250	16039	16036	16234	3	198	4	92
23961	251	16035	16033	16229	2	196	4	92
23961	252	16036	16034	16232	2	198	4	92
23961	253	16038	16035	16234	3	199	5	92
23961	254	16036	16035	16235	1	200	4	92
23961	255	16034	16034	16229	0	195	3	92
23961	256	16037	16035	16233	2	198	4	92
23961	257	16036	16035	16230	1	195	3	92
23961	258	16038	16035	16231	3	196	4	92
23961	259	16038	16035	16234	3	199	5	92
23961	260	16032	16029	16225	3	196	4	92
23961	261	16038	16036	16234	2	198	4	92
23961	262	16038	16036	16234	2	198	4	92
23961	263	16037	16035	16232	2	197	3	92
23961	264	16038	16036	16232	2	196	4	92
23961	265	16033	16032	16228	1	196	4	92
23961	266	16037	16034	16232	3	198	4	92
23961	267	16038	16036	16234	2	198	4	92
23961	268	16036	16035	16232	1	197	3	92
23961	269	16036	16035	16230	1	195	3	92
23961	270	16035	16032	16228	3	196	4	92
23961	271	16036	16035	16232	1	197	3	92
23961	272	16039	16035	16233	4	198	4	92
23961	273	16038	16035	16234	3	199	5	92
23961	274	16034	16033	16228	1	195	3	92
23961	275	16038	16036	16234	2	198	4	92
23961	276	16038	16036	16234	2	198	4	92
23961	277	16036	16035	16232	1	197	3	92
23961	278	16038	16035	16233	3	198	4	92
23961	279	16034	16031	16228	3	197	5	92
23961	280	16036	16034	16232	2	198	4	92
23961	281	16038	16036	16234	2	198	4	92
23961	282	16037	16035	16233	2	198	4	92
23961	283	16036	16035	16230	1	195	3	92
23961	284	16035	16033	16229	2	196	4	92
23961	285	16036	16035	16232	1	197	3	92
23961	286	16036	16034	16230	2	196	4	92
23961	287	16038	16035	16234	3	199	5	92
23961	288	16034	16033	16228	1	195	3	92
23961	289	16038	16035	16233	3	198	4	92
23961	290	16038	16036	16234	2	198	4	92
23961	291	16035	16035	16232	0	197	3	92
23961	292	16039	16036	16234	3	198	4	92
23961	293	16034	16032	16228	2	196	4	92
23961	294	16037	16035	16232	2	197	3	92
23961	295	16038	16036	16234	2	198	4	92
23961	296	16038	16035	16234	3	199	5	92
23961	297	16036	16034	16230	2	196	4	92
23961	298	16033	16030	16227	3	197	5	92
23961	299	16036	16035	16232	1	197	3	92
23961	300	16036	16035	16233	1	198	4	92
23961	301	16038	16036	16234	2	198	4	92
23961	302	16036	16034	16231	2	197	3	92
23961	303	16036	16034	16232	2	198	4	92
23961	304	16038	16036	16232	2	196	4	92
23961	305	16036	16035	16230	1	195	3	92
23961	306	16038	16036	16234	2	198	4	92
23961	307	16035	16033	16231	2	198	4	92
23961	308	16036	16035	16230	1	195	3	92
23961	309	16038	16036	16234	2	198	4	92
23961	310	16039	16036	16234	3	198	4	92
23961	311	16036	16035	16232	1	197	3	92
23961	312	16033	16031	16229	2	198	4	92
23961	313	16036	16035	16232	1	197	3	92
23961	314	16037	16034	16252	3	218	6	93
23961	315	16038	16035	16232	3	197	5	92
23961	316	16037	16034	16232	3	198	4	92
23961	317	16034	16031	16228	3	197	5	92
23961	318	16038	16035	16234	3	199	5	92
23961	319	16036	16034	16230	2	196	4	92
23961	320	16038	16036	16230	2	194	4	92
23961	321	16037	16035	16233	2	198	4	92
23961	322	16034	16033	16226	1	193	3	92
23961	323	16038	16036	16234	2	198	4	92
23961	324	16038	16036	16232	2	196	4	92
23961	325	16036	16035	16228	1	193	3	92
23961	326	16034	16032	16230	2	198	4	92
23961	327	16036	16035	16232	1	197	3	92
23961	328	16038	16036	16234	2	198	4	92
23961	329	16038	16037	16233	1	196	4	92
23961	330	16036	16035	16230	1	195	3	92
23961	331	16034	16031	16229	3	198	4	92
23961	332	16038	16037	16231	1	194	4	92
23961	333	16036	16035	16232	1	197	3	92
23961	334	16038	16036	16234	2	198	4	92
23961	335	16038	16036	16232	2	196	4	92
23961	336	16032	16031	16229	1	198	4	92
23961	337	16038	16035	16234	3	199	5	92
23961	338	16038	16035	16234	3	199	5	92
23961	339	16036	16034	16232	2	198	4	92
23961	340	16036	16033	16231	3	198	4	92
23961	341	16036	16035	16230	1	195	3	92
23961	342	16036	16035	16232	1	197	3	92
23961	343	16038	16037	16233	1	196	4	92
23961	344	16036	16035	16230	1	195	3	92
23961	345	16034	16032	16228	2	196	4	92
23961	346	16038	16036	16234	2	198	4	92
23961	347	16036	16035	16232	1	197	3	92
23961	348	16038	16036	16232	2	196	4	92
23961	349	16038	16036	16234	2	198	4	92
23961	350	16032	16031	16226	1	195	3	92
23961	351	16038	16036	16234	2	198	4	92
23961	352	16038	16036	16232	2	196	4	92
23961	353	16036	16036	16231	0	195	3	92
23961	354	16038	16035	16232	3	197	5	92
23961	355	16033	16032	16230	1	198	4	92
23961	356	16036	16034	16232	2	198	4	92
23961	357	16038	16035	16232	3	197	5	92
23961	358	16036	16034	16228	2	194	4	92
23961	359	16034	16031	16230	3	199	5	92
23961	360	16038	16035	16231	3	196	4	92
23961	361	16036	16035	16232	1	197	3	92
23961	362	16038	16036	16234	2	198	4	92
23961	363	16038	16036	16232	2	196	4	92
23961	364	16032	16031	16228	1	197	3	92
23961	365	16038	16037	16231	1	194	4	92
23961	366	16038	16036	16232	2	196	4	92
23961	367	16036	16035	16232	1	197	3	92
23961	368	16038	16036	16232	2	196	4	92
23961	369	16032	16031	16228	1	197	3	92
23961	370	16036	16035	16230	1	195	3	92
23961	371	16038	16036	16234	2	198	4	92
23961	372	16036	16035	16231	1	196	3	92
23961	373	16037	16034	16232	3	198	4	92
23961	374	16037	16035	16229	2	194	4	92
23961	375	16037	16035	16232	2	197	3	92
23961	376	16039	16036	16234	3	198	4	92
23961	377	16038	16035	16232	3	197	5	92
23961	378	16032	16030	16227	2	197	4	92
23961	379	16038	16036	16232	2	196	4	92
23961	380	16038	16036	16233	2	197	5	92
23961	381	16036	16034	16231	2	197	3	92
23961	382	16038	16036	16234	2	198	4	92
23961	383	16032	16031	16228	1	197	3	92
23961	384	16036	16035	16230	1	195	3	92
23961	385	16038	16036	16233	2	197	4	92
23961	386	16036	16036	16231	0	195	3	92
23961	387	16038	16035	16232	3	197	5	92
23961	388	16034	16032	16230	2	198	4	92
23961	389	16036	16035	16232	1	197	3	92
23961	390	16038	16036	16232	2	196	4	92
23961	391	16038	16036	16234	2	198	4	92
23961	392	16035	16034	16229	1	195	3	92
23961	393	16037	16035	16232	2	197	4	92
23961	394	16038	16036	16233	2	197	4	92
23961	395	16036	16034	16232	2	198	4	92
23961	396	16038	16035	16234	3	199	5	92
23961	397	16032	16031	16229	1	198	4	92
23961	398	16036	16034	16230	2	196	4	92
23961	399	16038	16035	16234	3	199	5	92
23961	400	16036	16034	16232	2	198	4	92
23961	401	16039	16036	16234	3	198	4	92
23961	402	16034	16031	16229	3	198	4	92
23961	403	16036	16035	16230	1	195	3	92
23961	404	16038	16036	16234	2	198	4	92
23961	405	16038	16036	16234	2	198	4	92
23961	406	16036	16035	16232	1	197	3	92
23961	407	16034	16032	16228	2	196	4	92
23961	408	16039	16036	16234	3	198	4	92
23961	409	16037	16035	16232	2	197	3	92
23961	410	16038	16036	16232	2	196	4	92
23961	411	16036	16036	16229	0	193	3	92
23961	412	16033	16031	16230	2	199	5	92
23961	413	16038	16036	16232	2	196	4	92
23961	414	16036	16035	16232	1	197	3	92
23961	415	16038	16036	16232	2	196	4	92
23961	416	16039	16035	16234	4	199	5	92
23961	417	16033	16032	16229	1	197	3	92
23961	418	16038	16035	16232	3	197	5	92
23961	419	16038	16036	16232	2	196	4	92
23961	420	16036	16034	16232	2	198	4	92
23961	421	16036	16034	16232	2	198	4	92
23961	422	16037	16034	16233	3	199	5	92
23961	423	16036	16035	16229	1	194	4	92
23961	424	16038	16036	16234	2	198	4	92
23961	425	16036	16035	16230	1	195	3	92
23961	426	16034	16032	16230	2	198	4	92
23961	427	16038	16036	16232	2	196	4	92
23961	428	16036	16035	16232	1	197	3	92
23961	429	16038	16034	16233	4	199	5	92
23961	430	16038	16035	16234	3	199	5	92
23961	431	16032	16031	16226	1	195	3	92
23961	432	16038	16037	16231	1	194	4	92
23961	433	16038	16036	16230	2	194	4	92
23961	434	16036	16035	16230	1	195	3	92
23961	435	16037	16035	16234	2	199	5	92
23961	436	16033	16031	16230	2	199	5	92
23961	437	16037	16035	16232	2	197	3	92
23961	438	16039	16036	16234	3	198	4	92
23961	439	16036	16035	16232	1	197	3	92
23961	440	16038	16036	16232	2	196	4	92
23961	441	16035	16032	16230	3	198	4	92
23961	442	16037	16035	16232	2	197	3	92
23961	443	16038	16036	16234	2	198	4	92
23961	444	16038	16035	16232	3	197	5	92
23961	445	16034	16033	16228	1	195	3	92
23961	446	16037	16035	16233	2	198	4	92
23961	447	16038	16036	16232	2	196	4	92
23961	448	16036	16035	16232	1	197	3	92
23961	449	16038	16036	16234	2	198	4	92
23961	450	16034	16032	16228	2	196	4	92
23961	451	16036	16035	16230	1	195	3	92
23961	452	16038	16036	16234	2	198	4	92
23961	453	16036	16035	16232	1	197	3	92
23961	454	16038	16036	16232	2	196	4	92
23961	455	16034	16032	16230	2	198	4	92
23961	456	16036	16035	16232	1	197	3	92
23961	457	16037	16036	16233	1	197	4	92
23961	458	16038	16035	16234	3	199	5	92
23961	459	16036	16034	16232	2	198	4	92
23961	460	16034	16032	16230	2	198	4	92
23961	461	16038	16036	16234	2	198	4	92
23961	462	16036	16035	16232	1	197	3	92
23961	463	16038	16036	16230	2	194	4	92
23961	464	16038	16036	16234	2	198	4	92
23961	465	16033	16031	16229	2	198	4	92
23961	466	16038	16036	16234	2	198	4	92
23961	467	16036	16035	16232	1	197	3	92
23961	468	16038	16036	16234	2	198	4	92
23961	469	16036	16034	16232	2	198	4	92
23961	470	16035	16033	16229	2	196	4	92
23961	471	16038	16036	16234	2	198	4	92
23961	472	16038	16036	16234	2	198	4	92
23961	473	16036	16035	16231	1	196	3	92
23961	474	16034	16032	16230	2	198	4	92
23961	475	16038	16035	16231	3	196	4	92
23961	476	16036	16034	16230	2	196	4	92
23961	477	16037	16035	16234	2	199	5	92
23961	478	16036	16035	16232	1	197	3	92
23961	479	16032	16031	16227	1	196	3	92
23961	480	16038	16036	16234	2	198	4	92
23961	481	16036	16035	16232	1	197	3	92
23961	482	16038	16036	16232	2	196	4	92
23961	483	16037	16035	16234	2	199	5	92
23961	484	16032	16031	16226	1	195	3	92
23961	485	16039	16036	16234	3	198	4	92
23961	486	16038	16036	16234	2	198	4	92
23961	487	16036	16034	16231	2	197	3	92
23961	488	16038	16036	16233	2	197	4	92
23961	489	16035	16032	16229	3	197	5	92
23961	490	16036	16034	16230	2	196	4	92
23961	491	16038	16036	16234	2	198	4	92
23961	492	16036	16034	16231	2	197	3	92
23961	493	16034	16033	16228	1	195	3	92
23961	494	16038	16035	16233	3	198	4	92
23961	495	16036	16035	16232	1	197	3	92
23961	496	16038	16035	16232	3	197	5	92
23961	497	16038	16036	16234	2	198	4	92
23961	498	16032	16030	16225	2	195	3	92
23961	499	16038	16036	16234	2	198	4	92
23961	500	16037	16036	16234	1	198	4	92
23961	501	16036	16035	16232	1	197	3	92
23961	502	16038	16035	16234	3	199	5	92
23961	503	16034	16030	16229	4	199	5	92
23961	504	16036	16035	16232	1	197	3	92
23961	505	16039	16036	16234	3	198	4	92
23961	506	16036	16035	16232	1	197	3	92
23961	507	16036	16035	16232	1	197	3	92
23961	508	16034	16032	16230	2	198	4	92
23961	509	16036	16035	16230	1	195	3	92
23961	510	16038	16035	16234	3	199	5	92
23961	511	16037	16036	16234	1	198	4	92
23961	512	16036	16035	16232	1	197	3	92
23961	513	16036	16033	16231	3	198	4	92
23961	514	16038	16036	16234	2	198	4	92
23961	515	16037	16035	16232	2	197	3	92
23961	516	16038	16035	16232	3	197	5	92
23961	517	16036	16033	16231	3	198	4	92
23961	518	16036	16034	16230	2	196	4	92
23961	519	16038	16036	16234	2	198	4	92
23961	520	16036	16035	16232	1	197	3	92
23961	521	16039	16036	16234	3	198	4	92
23961	522	16034	16032	16228	2	196	4	92
23961	523	16036	16034	16232	2	198	4	92
23961	524	16038	16035	16233	3	198	4	92
23961	525	16038	16036	16234	2	198	4	92
23961	526	16036	16035	16230	1	195	3	92
23961	527	16034	16032	16230	2	198	4	92
23961	528	16038	16036	16234	2	198	4	92
23961	529	16036	16034	16232	2	198	4	92
23961	530	16038	16035	16234	3	199	5	92
23961	531	16037	16035	16233	2	198	4	92
23961	532	16035	16034	16229	1	195	3	92
23961	533	16038	16036	16234	2	198	4	92
23961	534	16036	16035	16232	1	197	3	92
23961	535	16038	16036	16232	2	196	4	92
23961	536	16035	16031	16230	4	199	5	92
23961	537	16036	16034	16230	2	196	4	92
23961	538	16038	16035	16234	3	199	4	92
23961	539	16038	16036	16232	2	196	4	92
23961	540	16036	16035	16230	1	195	3	92
23961	541	16034	16032	16228	2	196	4	92
23961	542	16038	16035	16233	3	198	4	92
23961	543	16036	16034	16230	2	196	4	92
23961	544	16038	16035	16230	3	195	5	92
23961	545	16039	16036	16234	3	198	4	92
23961	546	16032	16030	16227	2	197	3	92
23961	547	16038	16037	16233	1	196	4	92
23961	548	16036	16035	16232	1	197	3	92
23961	549	16038	16036	16232	2	196	4	92
23961	550	16037	16034	16232	3	198	5	92
23961	551	16034	16032	16228	2	196	4	92
23961	552	16038	16035	16232	3	197	5	92
23961	553	16038	16035	16232	3	197	5	92
23961	554	16036	16034	16230	2	196	4	92
23961	555	16034	16031	16228	3	197	5	92
23961	556	16038	16036	16234	2	198	4	92
23961	557	16036	16035	16232	1	197	3	92
23961	558	16041	16039	16235	2	196	4	92
23961	559	16039	16036	16234	3	198	4	92
23961	560	16032	16031	16226	1	195	3	92
23961	561	16038	16036	16232	2	196	4	92
23961	562	16035	16034	16232	1	198	4	92
23961	563	16038	16035	16231	3	196	4	92
23961	564	16037	16036	16232	1	196	4	92
23961	565	16032	16032	16227	0	195	3	92
23961	566	16038	16036	16234	2	198	4	92
23961	567	16038	16036	16234	2	198	4	92
23961	568	16036	16035	16232	1	197	3	92
23961	569	16036	16034	16230	2	196	4	92
23961	570	16038	16034	16233	4	199	5	92
23961	571	16036	16034	16232	2	198	4	92
23961	572	16038	16035	16234	3	199	5	92
23961	573	16036	16034	16235	2	201	5	92
23961	574	16032	16030	16228	2	198	4	92
23961	575	16038	16036	16234	2	198	4	92
23961	576	16037	16035	16232	2	197	3	92
23961	577	16037	16035	16234	2	199	5	92
23961	578	16038	16036	16234	2	198	4	92
23961	579	16031	16031	16228	0	197	3	92
23961	580	16039	16035	16234	4	199	5	92
23961	581	16038	16036	16232	2	196	4	92
23961	582	16036	16035	16232	1	197	3	92
23961	583	16038	16035	16233	3	198	4	92
23961	584	16035	16034	16232	1	198	4	92
23961	585	16036	16035	16232	1	197	3	92
23961	586	16038	16036	16234	2	198	4	92
23961	587	16036	16035	16232	1	197	3	92
23961	588	16032	16031	16228	1	197	3	92
23961	589	16038	16036	16234	2	198	4	92
23961	590	16036	16034	16231	2	197	3	92
23961	591	16038	16036	16234	2	198	4	92
23961	592	16038	16036	16234	2	198	4	92
23961	593	16032	16031	16226	1	195	3	92
23961	594	16038	16036	16232	2	196	4	92
23961	595	16038	16035	16234	3	199	5	92
23961	596	16036	16034	16232	2	198	4	92
23961	597	16037	16035	16234	2	199	5	92
23961	598	16035	16032	16229	3	197	5	92
23961	599	16036	16034	16232	2	198	4	92
23961	600	16038	16036	16232	2	196	4	92
23961	601	16036	16034	16232	2	198	4	92
23961	602	16033	16032	16229	1	197	5	92
23961	603	16038	16036	16232	2	196	4	92
23961	604	16036	16035	16232	1	197	3	92
23961	605	16038	16036	16234	2	198	4	92
23961	606	16038	16036	16234	2	198	4	92
23961	607	16032	16031	16226	1	195	3	92
23961	608	16038	16035	16232	3	197	5	92
23961	609	16038	16035	16232	3	197	5	92
23961	610	16036	16035	16232	1	197	3	92
23961	611	16038	16037	16233	1	196	4	92
23961	612	16034	16032	16228	2	196	4	92
23961	613	16037	16035	16232	2	197	3	92
23961	614	16038	16036	16234	2	198	4	92
23961	615	16036	16034	16230	2	196	4	92
23961	616	16038	16035	16234	3	199	5	92
23961	617	16036	16033	16231	3	198	4	92
23961	618	16036	16035	16232	1	197	3	92
23961	619	16038	16036	16234	2	198	4	92
23961	620	16039	16036	16234	3	198	4	92
23961	621	16033	16032	16228	1	196	3	92
23961	622	16038	16035	16234	3	199	5	92
23961	623	16038	16036	16232	2	196	4	92
23961	624	16036	16035	16232	1	197	3	92
23961	625	16038	16036	16234	2	198	4	92
23961	626	16033	16032	16228	1	196	4	92
23961	627	16036	16035	16232	1	197	3	92
23961	628	16038	16035	16234	3	199	5	92
23961	629	16036	16034	16232	2	198	4	92
23961	630	16037	16036	16234	1	198	4	92
23961	631	16034	16033	16227	1	194	4	92
23961	632	16036	16035	16231	1	196	3	92
23961	633	16038	16036	16233	2	197	4	92
23961	634	16038	16035	16234	3	199	5	92
23961	635	16034	16032	16228	2	196	4	92
23961	636	16037	16036	16230	1	194	4	92
23961	637	16038	16036	16232	2	196	4	92
23961	638	16036	16035	16232	1	197	3	92
23961	639	16038	16037	16231	1	194	4	92
23961	640	16034	16032	16228	2	196	4	92
23961	641	16036	16035	16230	1	195	3	92
23961	642	16038	16036	16232	2	196	4	92
23961	643	16036	16035	16230	1	195	4	92
23961	644	16038	16036	16234	2	198	4	92
23961	645	16034	16031	16229	3	198	4	92
23961	646	16036	16035	16232	1	197	3	92
23961	647	16038	16037	16231	1	194	4	92
23961	648	16038	16036	16234	2	198	4	92
23961	649	16037	16035	16232	2	197	3	92
23961	650	16035	16032	16231	3	199	5	92
23961	651	16038	16035	16234	3	199	5	92
23961	652	16036	16034	16230	2	196	4	92
23961	653	16038	16035	16234	3	199	5	92
23961	654	16033	16031	16229	2	198	4	92
23961	655	16036	16034	16232	2	198	4	92
23961	656	16038	16036	16232	2	196	4	92
23961	657	16036	16036	16231	0	195	3	92
23961	658	16038	16036	16234	2	198	4	92
23961	659	16034	16031	16229	3	198	4	92
23961	660	16036	16035	16230	1	195	3	92
23961	661	16038	16036	16234	2	198	4	92
23961	662	16038	16036	16234	2	198	4	92
23961	663	16036	16035	16232	1	197	3	92
23961	664	16034	16032	16230	2	198	4	92
23961	665	16038	16036	16234	2	198	4	92
23961	666	16036	16036	16231	0	195	3	92
23961	667	16038	16036	16234	2	198	4	92
23961	668	16034	16033	16230	1	197	3	92
23961	669	16035	16035	16229	0	194	3	92
23961	670	16038	16036	16234	2	198	4	92
23961	671	16036	16035	16232	1	197	3	92
23961	672	16038	16035	16234	3	199	5	92
23961	673	16034	16031	16228	3	197	5	92
23961	674	16036	16033	16229	3	196	4	92
23961	675	16038	16035	16234	3	199	5	92
23961	676	16038	16035	16232	3	197	5	92
23961	677	16036	16034	16232	2	198	4	92
23961	678	16034	16032	16228	2	196	4	92
23961	679	16038	16036	16232	2	196	4	92
23961	680	16036	16034	16230	2	196	4	92
23961	681	16037	16036	16234	1	198	4	92
23961	682	16036	16035	16230	1	195	3	92
23961	683	16034	16032	16228	2	196	4	92
23961	684	16038	16036	16231	2	195	4	92
23961	685	16036	16035	16232	1	197	3	92
23961	686	16039	16036	16234	3	198	4	92
23961	687	16035	16033	16229	2	196	4	92
23961	688	16036	16035	16232	1	197	3	92
23961	689	16038	16036	16233	2	197	4	92
23961	690	16039	16036	16233	3	197	5	92
23961	691	16037	16034	16232	3	198	4	92
23961	692	16034	16031	16230	3	199	5	92
23961	693	16038	16034	16234	4	200	5	92
23961	694	16036	16034	16230	2	196	4	92
23961	695	16038	16036	16232	2	196	4	92
23961	696	16035	16034	16232	1	198	4	92
23961	697	16033	16032	16229	1	197	3	92
23961	698	16037	16036	16234	1	198	4	92
23961	699	16036	16036	16231	0	195	3	92
23961	700	16038	16036	16234	2	198	4	92
23961	701	16035	16033	16231	2	198	4	92
23961	702	16036	16035	16232	1	197	3	92
23961	703	16039	16036	16234	3	198	4	92
23961	704	16039	16037	16233	2	196	4	92
23961	705	16036	16035	16230	1	195	3	92
23961	706	16034	16032	16230	2	198	4	92
23961	707	16038	16035	16233	3	198	4	92
23961	708	16036	16035	16232	1	197	3	92
23961	709	16038	16036	16234	2	198	4	92
23961	710	16036	16035	16234	1	199	3	92
23961	711	16032	16032	16225	0	193	3	92
23961	712	16038	16036	16234	2	198	4	92
23961	713	16036	16034	16231	2	197	4	92
23961	714	16038	16035	16234	3	199	5	92
23961	715	16036	16033	16230	3	197	5	92
23961	716	16036	16034	16230	2	196	4	92
23961	717	16038	16036	16232	2	196	4	92
23961	718	16038	16036	16233	2	197	4	92
23961	719	16036	16036	16230	0	194	3	92
23961	720	16034	16032	16228	2	196	4	92
23961	721	16038	16036	16234	2	198	4	92
23961	722	16036	16035	16232	1	197	3	92
23961	723	16039	16036	16234	3	198	4	92
23961	724	16036	16035	16232	1	197	3	92
23961	725	16032	16031	16228	1	197	3	92
23961	726	16038	16036	16233	2	197	4	92
23961	727	16036	16035	16230	1	195	3	92
23961	728	16038	16037	16233	1	196	4	92
23961	729	16036	16034	16230	2	196	4	92
23961	730	16035	16035	16230	0	195	3	92
23961	731	16038	16036	16232	2	196	4	92
23961	732	16038	16035	16233	3	198	5	92
23961	733	16036	16034	16230	2	196	4	92
23961	734	16034	16031	16228	3	197	5	92
23961	735	16037	16035	16234	2	199	5	92
23961	736	16036	16035	16230	1	195	4	92
23961	737	16039	16035	16234	4	199	5	92
23961	738	16036	16035	16232	1	197	3	92
23961	739	16032	16031	16227	1	196	4	92
23961	740	16038	16035	16233	3	198	4	92
23961	741	16036	16036	16231	0	195	3	92
23961	742	16037	16036	16234	1	198	4	92
23961	743	16037	16035	16233	2	198	4	92
23961	744	16033	16033	16230	0	197	3	92
23961	745	16039	16036	16234	3	198	4	92
23961	746	16038	16036	16232	2	196	4	92
23961	747	16036	16035	16230	1	195	3	92
23961	748	16034	16032	16230	2	198	4	92
23961	749	16038	16036	16234	2	198	4	92
23961	750	16036	16035	16232	1	197	3	92
23961	751	16038	16036	16232	2	196	4	92
23961	752	16036	16035	16231	1	196	3	92
23961	753	16033	16032	16229	1	197	4	92
23961	754	16038	16036	16232	2	196	4	92
23961	755	16036	16035	16232	1	197	3	92
23961	756	16038	16036	16231	2	195	5	92
23961	757	16038	16035	16234	3	199	5	92
23961	758	16033	16030	16228	3	198	4	92
23961	759	16038	16037	16233	1	196	4	92
23961	760	16038	16036	16232	2	196	4	92
23961	761	16036	16035	16230	1	195	3	92
23961	762	16035	16032	16230	3	198	4	92
23961	763	16038	16036	16230	2	194	4	92
23961	764	16036	16035	16230	1	195	3	92
23961	765	16039	16036	16234	3	198	4	92
23961	766	16036	16036	16229	0	193	3	92
23961	767	16034	16031	16227	3	196	4	92
23961	768	16038	16036	16232	2	196	4	92
23961	769	16036	16035	16230	1	195	3	92
23961	770	16039	16036	16234	3	198	4	92
23961	771	16038	16036	16234	2	198	4	92
23961	772	16032	16030	16226	2	196	4	92
23961	773	16038	16035	16234	3	199	5	92
23961	774	16038	16036	16234	2	198	4	92
23961	775	16036	16034	16229	2	195	3	92
23961	776	16036	16034	16232	2	198	4	92
23961	777	16041	16038	16236	3	198	4	92
23961	778	16036	16035	16232	1	197	3	92
23961	779	16038	16035	16234	3	199	5	92
23961	780	16036	16034	16232	2	198	4	92
23961	781	16034	16032	16230	2	198	4	92
23961	782	16038	16036	16234	2	198	4	92
23961	783	16036	16035	16232	1	197	3	92
23961	784	16037	16036	16234	1	198	4	92
23961	785	16039	16035	16232	4	197	5	92
23961	786	16031	16030	16226	1	196	4	92
23961	787	16037	16036	16234	1	198	4	92
23961	788	16038	16034	16231	4	197	5	92
23961	789	16036	16035	16232	1	197	3	92
23961	790	16037	16034	16232	3	198	4	92
23961	791	16037	16035	16233	2	198	4	92
23961	792	16036	16035	16232	1	197	3	92
23961	793	16038	16036	16234	2	198	4	92
23961	794	16036	16035	16232	1	197	3	92
23961	795	16034	16031	16229	3	198	4	92
23961	796	16038	16037	16233	1	196	4	92
23961	797	16036	16035	16230	1	195	3	92
23961	798	16038	16036	16234	2	198	4	92
23961	799	16038	16035	16234	3	199	5	92
23961	800	16031	16030	16225	1	195	3	92
23961	801	16038	16036	16232	2	196	4	92
23961	802	16038	16035	16234	3	199	5	92
23961	803	16037	16035	16232	2	197	3	92
23961	804	16037	16035	16231	2	196	4	92
23961	805	16036	16035	16231	1	196	4	92
23961	806	16036	16035	16230	1	195	3	92
23961	807	16039	16036	16234	3	198	4	92
23961	808	16035	16034	16232	1	198	4	92
23961	809	16034	16031	16228	3	197	5	92
23961	810	16038	16036	16234	2	198	4	92
23961	811	16036	16035	16232	1	197	3	92
23961	812	16038	16035	16234	3	199	5	92
23961	813	16038	16036	16234	2	198	4	92
23961	814	16031	16031	16228	0	197	3	92
23961	815	16038	16035	16234	3	199	5	92
23961	816	16038	16036	16232	2	196	4	92
23961	817	16036	16035	16230	1	195	3	92
23961	818	16039	16036	16234	3	198	4	92
23961	819	16032	16030	16228	2	198	4	92
23961	820	16036	16034	16232	2	198	4	92
23961	821	16038	16036	16234	2	198	4	92
23961	822	16036	16035	16232	1	197	3	92
23961	823	16036	16034	16232	2	198	4	92
23961	824	16037	16035	16233	2	198	4	92
23961	825	16036	16035	16232	1	197	3	92
23961	826	16038	16035	16234	3	199	5	92
23961	827	16038	16035	16232	3	197	5	92
23961	828	16032	16031	16228	1	197	3	92
23961	829	16038	16037	16231	1	194	4	92
23961	830	16037	16036	16234	1	198	4	92
23961	831	16036	16036	16229	0	193	3	92
23961	832	16038	16036	16234	2	198	4	92
23961	833	16032	16030	16226	2	196	4	92
23961	834	16036	16035	16232	1	197	3	92
23961	835	16038	16036	16234	2	198	4	92
23961	836	16037	16035	16232	2	197	3	92
23961	837	16036	16035	16231	1	196	4	92
23961	838	16037	16034	16230	3	196	4	92
23961	839	16036	16034	16230	2	196	4	92
23961	840	16038	16035	16234	3	199	5	92
23961	841	16038	16035	16233	3	198	4	92
23961	842	16032	16031	16226	1	195	3	92
23961	843	16038	16036	16234	2	198	4	92
23961	844	16038	16036	16230	2	194	4	92
23961	845	16036	16035	16232	1	197	3	92
23961	846	16037	16035	16234	2	199	5	92
23961	847	16032	16030	16226	2	196	4	92
23961	848	16036	16035	16232	1	197	3	92
23961	849	16038	16036	16234	2	198	4	92
23961	850	16036	16035	16232	1	197	3	92
23961	851	16038	16035	16231	3	196	4	92
23961	852	16036	16034	16232	2	198	4	92
23961	853	16036	16034	16232	2	198	4	92
23961	854	16038	16035	16234	3	199	5	92
23961	855	16039	16036	16234	3	198	4	92
23961	856	16033	16031	16228	2	197	3	92
23961	857	16038	16036	16230	2	194	4	92
23961	858	16038	16036	16234	2	198	4	92
23961	859	16036	16035	16232	1	197	3	92
23961	860	16038	16035	16234	3	199	5	92
23961	861	16032	16030	16228	2	198	4	92
23961	862	16038	16036	16232	2	196	4	92
23961	863	16038	16036	16234	2	198	4	92
23961	864	16037	16035	16232	2	197	3	92
23961	865	16038	16036	16234	2	198	4	92
23961	866	16034	16031	16230	3	199	5	92
23961	867	16036	16034	16232	2	198	4	92
23961	868	16038	16036	16232	2	196	4	92
23961	869	16039	16036	16234	3	198	4	92
23961	870	16032	16032	16229	0	197	3	92
23961	871	16038	16036	16230	2	194	4	92
23961	872	16038	16036	16234	2	198	4	92
23961	873	16037	16034	16232	3	198	4	92
23961	874	16038	16035	16232	3	197	5	92
23961	875	16032	16031	16226	1	195	3	92
23961	876	16036	16036	16230	0	194	3	92
23961	877	16038	16036	16234	2	198	4	92
23961	878	16036	16035	16230	1	195	3	92
23961	879	16038	16035	16233	3	198	4	92
23961	880	16034	16030	16229	4	199	5	92
23961	881	16036	16034	16232	2	198	4	92
23961	882	16038	16036	16230	2	194	4	92
23961	883	16038	16036	16234	2	198	4	92
23961	884	16036	16035	16232	1	197	3	92
23961	885	16036	16034	16230	2	196	4	92
23961	886	16037	16036	16234	1	198	4	92
23961	887	16037	16034	16232	3	198	4	92
23961	888	16038	16035	16234	3	199	5	92
23961	889	16033	16032	16227	1	195	3	92
23961	890	16038	16036	16234	2	198	4	92
23961	891	16038	16036	16234	2	198	4	92
23961	892	16036	16035	16232	1	197	3	92
23961	893	16038	16035	16234	3	199	5	92
23961	894	16034	16031	16230	3	199	5	92
23961	895	16036	16035	16232	1	197	3	92
23961	896	16038	16036	16232	2	196	4	92
23961	897	16038	16037	16231	1	194	4	92
23961	898	16036	16035	16230	1	195	3	92
23961	899	16034	16032	16228	2	196	4	92
23961	900	16038	16036	16234	2	198	4	92
23961	901	16036	16035	16231	1	196	3	92
23961	902	16038	16037	16233	1	196	4	92
23961	903	16036	16034	16231	2	197	3	92
23961	904	16036	16034	16230	2	196	4	92
23961	905	16038	16036	16234	2	198	4	92
23961	906	16036	16035	16232	1	197	3	92
23961	907	16038	16036	16234	2	198	4	92
23961	908	16035	16032	16231	3	199	5	92
23961	909	16036	16035	16232	1	197	3	92
23961	910	16038	16035	16232	3	197	5	92
23961	911	16038	16035	16234	3	199	5	92
23961	912	16036	16035	16232	1	197	3	92
23961	913	16034	16032	16228	2	196	4	92
23961	914	16038	16036	16234	2	198	4	92
23961	915	16036	16035	16232	1	197	3	92
23961	916	16038	16036	16234	2	198	4	92
23961	917	16037	16035	16232	2	197	3	92
23961	918	16034	16031	16230	3	199	5	92
23961	919	16038	16036	16234	2	198	4	92
23961	920	16037	16035	16232	2	197	3	92
23961	921	16038	16036	16232	2	196	4	92
23961	922	16038	16036	16232	2	196	4	92
23961	923	16034	16032	16229	2	197	3	92
23961	924	16038	16035	16234	3	199	5	92
23961	925	16038	16034	16231	4	197	5	92
23961	926	16036	16035	16232	1	197	3	92
23961	927	16035	16033	16231	2	198	4	92
23961	928	16038	16036	16234	2	198	4	92
23961	929	16036	16035	16230	1	195	3	92
23961	930	16038	16036	16232	2	196	4	92
23961	931	16036	16035	16232	1	197	3	92
23961	932	16033	16030	16229	3	199	5	92
23961	933	16038	16036	16234	2	198	4	92
23961	934	16036	16035	16232	1	197	3	92
23961	935	16038	16036	16232	2	196	4	92
23961	936	16038	16036	16232	2	196	4	92
23961	937	16032	16031	16228	1	197	3	92
23961	938	16039	16035	16234	4	199	5	92
23961	939	16038	16033	16230	5	197	5	92
23961	940	16036	16034	16230	2	196	4	92
23961	941	16038	16036	16234	2	198	4	92
23961	942	16033	16031	16228	2	197	3	92
23961	943	16036	16035	16232	1	197	3	92
23961	944	16038	16036	16234	2	198	4	92
23961	945	16037	16035	16232	2	197	3	92
23961	946	16036	16034	16232	2	198	4	92
23961	947	16037	16035	16231	2	196	4	92
23961	948	16036	16035	16232	1	197	3	92
23961	949	16039	16036	16234	3	198	4	92
23961	950	16038	16037	16232	1	195	4	92
23961	951	16033	16032	16227	1	195	3	92
23961	952	16038	16035	16234	3	199	5	92
23961	953	16038	16036	16234	2	198	4	92
23961	954	16036	16035	16230	1	195	3	92
23961	955	16038	16036	16234	2	198	4	92
23961	956	16032	16031	16226	1	195	3	92
23961	957	16036	16035	16232	1	197	3	92
23961	958	16038	16035	16232	3	197	5	92
23961	959	16036	16034	16232	2	198	4	92
23961	960	16038	16036	16234	2	198	4	92
23961	961	16033	16032	16230	1	198	4	92
23961	962	16036	16035	16230	1	195	3	92
23961	963	16038	16036	16234	2	198	4	92
23961	964	16038	16036	16234	2	198	4	92
23961	965	16036	16034	16232	2	198	4	92
23961	966	16033	16030	16227	3	197	5	92
23961	967	16038	16036	16234	2	198	4	92
23961	968	16036	16035	16232	1	197	3	92
23961	969	16037	16036	16234	1	198	4	92
23961	970	16037	16035	16232	2	197	3	92
23961	971	16032	16030	16228	2	198	4	92
23961	972	16039	16035	16234	4	199	5	92
23961	973	16036	16035	16232	1	197	3	92
23961	974	16038	16036	16230	2	194	4	92
23961	975	16038	16036	16230	2	194	4	92
23961	976	16033	16031	16228	2	197	3	92
23961	977	16038	16036	16234	2	198	4	92
23961	978	16038	16035	16233	3	198	4	92
23961	979	16036	16035	16230	1	195	3	92
23961	980	16037	16035	16233	2	198	4	92
23961	981	16036	16034	16232	2	198	4	92
23961	982	16036	16035	16232	1	197	3	92
23961	983	16038	16036	16234	2	198	4	92
23961	984	16036	16035	16232	1	197	3	92
23961	985	16036	16033	16231	3	198	4	92
23961	986	16038	16036	16234	2	198	4	92
23961	987	16036	16035	16230	1	195	3	92
23961	988	16039	16035	16234	4	199	5	92
23961	989	16038	16035	16234	3	199	5	92
23961	990	16032	16030	16228	2	198	4	92
23961	991	16038	16035	16234	3	199	5	92
23961	992	16039	16035	16234	4	199	5	92
23961	993	16036	16034	16230	2	196	4	92
23961	994	16039	16036	16234	3	198	4	92
23961	995	16033	16031	16227	2	196	4	92
23961	996	16037	16037	16232	0	195	3	92
23961	997	16038	16036	16234	2	198	4	92
23961	998	16036	16035	16232	1	197	3	92
23961	999	16038	16036	16234	2	198	4	92
23961	1000	16034	16032	16230	2	198	4	92
