RUNID	ITERNUM	METIME	PRTIME	TPRTIME	DIFF	TDIFF	NRPROCS	NPROCS
27541	1	16034	16032	16228	2	196	4	92
27541	2	16036	16034	16230	2	196	4	92
27541	3	16035	16033	16230	2	197	3	92
27541	4	16042	16040	16238	2	198	4	92
27541	5	16036	16034	16232	2	198	4	92
27541	6	16034	16033	16228	1	195	3	92
27541	7	16036	16032	16231	4	199	5	92
27541	8	16036	16033	16232	3	199	5	92
27541	9	16034	16032	16230	2	198	4	92
27541	10	16036	16034	16232	2	198	4	92
27541	11	16042	16040	16236	2	196	4	92
27541	12	16034	16033	16229	1	196	4	92
27541	13	16036	16035	16229	1	194	4	92
27541	14	16034	16033	16230	1	197	3	92
27541	15	16034	16033	16228	1	195	3	92
27541	16	16036	16034	16230	2	196	4	92
27541	17	16034	16032	16230	2	198	4	92
27541	18	16042	16040	16238	2	198	4	92
27541	19	16036	16034	16232	2	198	4	92
27541	20	16034	16033	16228	1	195	3	92
27541	21	16036	16034	16232	2	198	4	92
27541	22	16036	16034	16230	2	196	4	92
27541	23	16034	16033	16230	1	197	3	92
27541	24	16036	16033	16230	3	197	5	92
27541	25	16042	16040	16238	2	198	4	92
27541	26	16034	16033	16230	1	197	3	92
27541	27	16036	16034	16230	2	196	4	92
27541	28	16035	16033	16230	2	197	3	92
27541	29	16033	16033	16230	0	197	3	92
27541	30	16036	16033	16232	3	199	5	92
27541	31	16034	16033	16230	1	197	3	92
27541	32	16042	16040	16238	2	198	4	92
27541	33	16035	16034	16232	1	198	4	92
27541	34	16034	16033	16230	1	197	3	92
27541	35	16036	16033	16232	3	199	5	92
27541	36	16036	16034	16232	2	198	4	92
27541	37	16034	16033	16230	1	197	3	92
27541	38	16036	16034	16228	2	194	4	92
27541	39	16042	16040	16238	2	198	4	92
27541	40	16034	16033	16230	1	197	3	92
27541	41	16036	16034	16230	2	196	4	92
27541	42	16034	16033	16228	1	195	3	92
27541	43	16034	16033	16228	1	195	3	92
27541	44	16035	16034	16232	1	198	4	92
27541	45	16034	16032	16230	2	198	4	92
27541	46	16042	16040	16238	2	198	4	92
27541	47	16036	16033	16232	3	199	5	92
27541	48	16033	16033	16230	0	197	3	92
27541	49	16036	16034	16232	2	198	4	92
27541	50	16036	16033	16230	3	197	5	92
27541	51	16034	16033	16228	1	195	3	92
27541	52	16037	16033	16232	4	199	5	92
27541	53	16042	16038	16237	4	199	5	92
27541	54	16033	16033	16230	0	197	3	92
27541	55	16036	16034	16230	2	196	4	92
27541	56	16034	16033	16230	1	197	3	92
27541	57	16034	16033	16228	1	195	3	92
27541	58	16036	16034	16232	2	198	4	92
27541	59	16034	16033	16228	1	195	3	92
27541	60	16042	16039	16237	3	198	5	92
27541	61	16036	16033	16230	3	197	5	92
27541	62	16034	16033	16228	1	195	3	92
27541	63	16036	16033	16229	3	196	4	92
27541	64	16036	16034	16232	2	198	4	92
27541	65	16034	16033	16230	1	197	3	92
27541	66	16038	16036	16234	2	198	4	92
27541	67	16042	16040	16236	2	196	4	92
27541	68	16034	16032	16226	2	194	4	92
27541	69	16036	16033	16230	3	197	5	92
27541	70	16034	16033	16230	1	197	3	92
27541	71	16035	16033	16247	2	214	5	93
27541	72	16036	16033	16231	3	198	4	92
27541	73	16039	16039	16234	0	195	3	92
27541	74	16038	16036	16231	2	195	4	92
27541	75	16035	16034	16232	1	198	4	92
27541	76	16034	16032	16228	2	196	4	92
27541	77	16036	16034	16230	2	196	4	92
27541	78	16036	16034	16230	2	196	4	92
27541	79	16033	16033	16230	0	197	3	92
27541	80	16042	16039	16236	3	197	5	92
27541	81	16036	16034	16232	2	198	4	92
27541	82	16034	16033	16228	1	195	3	92
27541	83	16036	16033	16230	3	197	5	92
27541	84	16034	16033	16230	1	197	3	92
27541	85	16033	16033	16230	0	197	3	92
27541	86	16038	16035	16233	3	198	4	92
27541	87	16040	16038	16235	2	197	3	92
27541	88	16036	16034	16230	2	196	4	92
27541	89	16036	16034	16230	2	196	4	92
27541	90	16034	16034	16227	0	193	3	92
27541	91	16036	16032	16229	4	197	5	92
27541	92	16036	16033	16232	3	199	5	92
27541	93	16040	16038	16235	2	197	3	92
27541	94	16038	16036	16234	2	198	4	92
27541	95	16036	16032	16231	4	199	5	92
27541	96	16034	16033	16228	1	195	3	92
27541	97	16036	16034	16230	2	196	4	92
27541	98	16034	16032	16228	2	196	4	92
27541	99	16034	16032	16230	2	198	4	92
27541	100	16042	16039	16238	3	199	5	92
27541	101	16034	16032	16230	2	198	4	92
27541	102	16036	16034	16230	2	196	4	92
27541	103	16036	16034	16230	2	196	4	92
27541	104	16034	16033	16230	1	197	3	92
27541	105	16036	16034	16230	2	196	4	92
27541	106	16037	16035	16234	2	199	5	92
27541	107	16039	16039	16236	0	197	3	92
27541	108	16036	16033	16230	3	197	5	92
27541	109	16036	16033	16230	3	197	5	92
27541	110	16034	16033	16228	1	195	3	92
27541	111	16036	16034	16232	2	198	4	92
27541	112	16034	16032	16230	2	198	4	92
27541	113	16039	16039	16236	0	197	3	92
27541	114	16037	16034	16233	3	199	5	92
27541	115	16034	16033	16228	1	195	3	92
27541	116	16036	16033	16232	3	199	5	92
27541	117	16036	16033	16232	3	199	5	92
27541	118	16034	16033	16228	1	195	3	92
27541	119	16035	16034	16229	1	195	4	92
27541	120	16041	16039	16238	2	199	5	92
27541	121	16034	16033	16228	1	195	3	92
27541	122	16036	16033	16232	3	199	5	92
27541	123	16035	16034	16232	1	198	4	92
27541	124	16034	16032	16230	2	198	4	92
27541	125	16036	16033	16229	3	196	4	92
27541	126	16037	16035	16232	2	197	3	92
27541	127	16040	16038	16235	2	197	3	92
27541	128	16036	16033	16230	3	197	5	92
27541	129	16034	16033	16228	1	195	3	92
27541	130	16036	16033	16229	3	196	4	92
27541	131	16036	16033	16230	3	197	5	92
27541	132	16033	16033	16230	0	197	3	92
27541	133	16042	16040	16236	2	196	4	92
27541	134	16038	16036	16234	2	198	4	92
27541	135	16034	16032	16228	2	196	4	92
27541	136	16036	16034	16230	2	196	4	92
27541	137	16036	16034	16230	2	196	4	92
27541	138	16033	16033	16230	0	197	3	92
27541	139	16036	16033	16232	3	199	5	92
27541	140	16042	16040	16238	2	198	4	92
27541	141	16035	16034	16231	1	197	3	92
27541	142	16036	16033	16229	3	196	4	92
27541	143	16036	16033	16232	3	199	5	92
27541	144	16034	16033	16228	1	195	3	92
27541	145	16036	16032	16229	4	197	5	92
27541	146	16034	16032	16228	2	196	4	92
27541	147	16041	16039	16236	2	197	3	92
27541	148	16036	16034	16232	2	198	4	92
27541	149	16034	16033	16228	1	195	3	92
27541	150	16034	16032	16229	2	197	5	92
27541	151	16036	16034	16232	2	198	4	92
27541	152	16034	16033	16228	1	195	3	92
27541	153	16036	16034	16230	2	196	4	92
27541	154	16042	16038	16235	4	197	5	92
27541	155	16034	16033	16230	1	197	3	92
27541	156	16036	16034	16230	2	196	4	92
27541	157	16035	16033	16232	2	199	5	92
27541	158	16035	16033	16230	2	197	3	92
27541	159	16035	16034	16232	1	198	4	92
27541	160	16036	16034	16230	2	196	4	92
27541	161	16039	16039	16236	0	197	3	92
27541	162	16036	16035	16230	1	195	4	92
27541	163	16036	16033	16230	3	197	4	92
27541	164	16033	16033	16230	0	197	3	92
27541	165	16036	16033	16229	3	196	4	92
27541	166	16036	16033	16231	3	198	4	92
27541	167	16034	16034	16227	0	193	3	92
27541	168	16042	16039	16236	3	197	5	92
27541	169	16036	16034	16232	2	198	4	92
27541	170	16034	16032	16229	2	197	3	92
27541	171	16036	16033	16230	3	197	5	92
27541	172	16036	16034	16230	2	196	4	92
27541	173	16034	16032	16228	2	196	4	92
27541	174	16036	16034	16232	2	198	4	92
27541	175	16042	16039	16236	3	197	5	92
27541	176	16034	16034	16228	0	194	3	92
27541	177	16036	16034	16245	2	211	6	93
27541	178	16034	16033	16230	1	197	3	92
27541	179	16033	16033	16230	0	197	3	92
27541	180	16036	16034	16232	2	198	4	92
27541	181	16034	16033	16228	1	195	3	92
27541	182	16040	16038	16234	2	196	4	92
27541	183	16036	16034	16230	2	196	4	92
27541	184	16034	16033	16228	1	195	3	92
27541	185	16036	16033	16231	3	198	4	92
27541	186	16036	16032	16229	4	197	5	92
27541	187	16034	16033	16230	1	197	3	92
27541	188	16042	16040	16236	2	196	4	92
27541	189	16037	16036	16232	1	196	4	92
27541	190	16034	16032	16228	2	196	4	92
27541	191	16036	16033	16229	3	196	4	92
27541	192	16035	16034	16231	1	197	4	92
27541	193	16034	16032	16230	2	198	4	92
27541	194	16042	16039	16238	3	199	5	92
27541	195	16036	16032	16231	4	199	5	92
27541	196	16034	16032	16229	2	197	3	92
27541	197	16036	16034	16232	2	198	4	92
27541	198	16035	16034	16232	1	198	4	92
27541	199	16034	16033	16230	1	197	3	92
27541	200	16042	16041	16235	1	194	4	92
27541	201	16035	16034	16230	1	196	4	92
27541	202	16034	16032	16229	2	197	4	92
27541	203	16036	16033	16230	3	197	5	92
27541	204	16033	16033	16230	0	197	3	92
27541	205	16034	16031	16225	3	194	4	92
27541	206	16042	16039	16235	3	196	4	92
27541	207	16034	16033	16230	1	197	3	92
27541	208	16033	16033	16228	0	195	3	92
27541	209	16036	16033	16231	3	198	4	92
27541	210	16033	16032	16230	1	198	4	92
27541	211	16035	16033	16232	2	199	5	92
27541	212	16042	16039	16243	3	204	7	93
27541	213	16034	16032	16229	2	197	3	92
27541	214	16036	16034	16230	2	196	4	92
27541	215	16036	16034	16230	2	196	4	92
27541	216	16034	16033	16228	1	195	3	92
27541	217	16035	16034	16230	1	196	4	92
27541	218	16042	16039	16236	3	197	5	92
27541	219	16034	16032	16230	2	198	4	92
27541	220	16036	16033	16232	3	199	5	92
27541	221	16036	16034	16230	2	196	4	92
27541	222	16034	16033	16228	1	195	3	92
27541	223	16036	16033	16231	3	198	4	92
27541	224	16042	16040	16238	2	198	4	92
27541	225	16033	16033	16230	0	197	3	92
27541	226	16035	16034	16231	1	197	4	92
27541	227	16036	16033	16230	3	197	5	92
27541	228	16034	16032	16230	2	198	4	92
27541	229	16035	16034	16232	1	198	4	92
27541	230	16042	16040	16236	2	196	4	92
27541	231	16034	16033	16228	1	195	3	92
27541	232	16036	16034	16230	2	196	4	92
27541	233	16036	16033	16231	3	198	4	92
27541	234	16034	16033	16228	1	195	3	92
27541	235	16035	16033	16230	2	197	5	92
27541	236	16040	16038	16239	2	201	5	92
27541	237	16035	16033	16228	2	195	3	92
27541	238	16036	16034	16231	2	197	4	92
27541	239	16034	16033	16228	1	195	3	92
27541	240	16033	16033	16230	0	197	3	92
27541	241	16036	16034	16231	2	197	4	92
27541	242	16040	16038	16235	2	197	3	92
27541	243	16036	16034	16230	2	196	4	92
27541	244	16035	16033	16232	2	199	5	92
27541	245	16034	16032	16228	2	196	4	92
27541	246	16035	16034	16228	1	194	4	92
27541	247	16035	16033	16239	2	206	7	93
27541	248	16040	16039	16234	1	195	3	92
27541	249	16036	16033	16231	3	198	4	92
27541	250	16035	16034	16232	1	198	4	92
27541	251	16033	16032	16228	1	196	4	92
27541	252	16036	16032	16231	4	199	5	92
27541	253	16042	16040	16236	2	196	4	92
27541	254	16036	16034	16232	2	198	4	92
27541	255	16035	16034	16230	1	196	4	92
27541	256	16036	16034	16232	2	198	4	92
27541	257	16034	16032	16229	2	197	3	92
27541	258	16036	16034	16232	2	198	4	92
27541	259	16042	16040	16238	2	198	4	92
27541	260	16033	16031	16227	2	196	4	92
27541	261	16035	16033	16232	2	199	5	92
27541	262	16035	16033	16230	2	197	5	92
27541	263	16034	16033	16228	1	195	3	92
27541	264	16042	16040	16236	2	196	4	92
27541	265	16035	16034	16232	1	198	4	92
27541	266	16034	16032	16229	2	197	3	92
27541	267	16036	16033	16229	3	196	4	92
27541	268	16035	16034	16230	1	196	4	92
27541	269	16038	16038	16233	0	195	3	92
27541	270	16039	16036	16235	3	199	5	92
27541	271	16036	16033	16231	3	198	4	92
27541	272	16033	16033	16228	0	195	3	92
27541	273	16036	16033	16231	3	198	4	92
27541	274	16036	16034	16230	2	196	4	92
27541	275	16040	16039	16236	1	197	3	92
27541	276	16036	16033	16231	3	198	4	92
27541	277	16035	16034	16232	1	198	4	92
27541	278	16033	16033	16228	0	195	3	92
27541	279	16035	16033	16230	2	197	5	92
27541	280	16042	16040	16236	2	196	4	92
27541	281	16035	16034	16231	1	197	3	92
27541	282	16035	16034	16238	1	204	6	93
27541	283	16033	16033	16230	0	197	3	92
27541	284	16033	16033	16228	0	195	3	92
27541	285	16038	16035	16233	3	198	4	92
27541	286	16040	16038	16234	2	196	4	92
27541	287	16036	16032	16231	4	199	5	92
27541	288	16036	16033	16231	3	198	4	92
27541	289	16034	16032	16229	2	197	3	92
27541	290	16035	16033	16231	2	198	4	92
27541	291	16042	16039	16235	3	196	4	92
27541	292	16033	16033	16228	0	195	3	92
27541	293	16035	16033	16230	2	197	5	92
27541	294	16036	16033	16231	3	198	4	92
27541	295	16033	16033	16228	0	195	3	92
27541	296	16038	16037	16231	1	194	4	92
27541	297	16041	16039	16234	2	195	5	92
27541	298	16033	16033	16228	0	195	3	92
27541	299	16035	16034	16232	1	198	4	92
27541	300	16036	16032	16231	4	199	5	92
27541	301	16033	16032	16227	1	195	3	92
27541	302	16042	16040	16236	2	196	4	92
27541	303	16036	16033	16229	3	196	4	92
27541	304	16034	16031	16227	3	196	4	92
27541	305	16035	16033	16231	2	198	4	92
27541	306	16036	16034	16230	2	196	4	92
27541	307	16037	16036	16232	1	196	4	92
27541	308	16040	16037	16233	3	196	4	92
27541	309	16036	16033	16231	3	198	4	92
27541	310	16033	16032	16228	1	196	4	92
27541	311	16035	16032	16230	3	198	4	92
27541	312	16042	16039	16236	3	197	5	92
27541	313	16034	16032	16228	2	196	4	92
27541	314	16035	16033	16230	2	197	5	92
27541	315	16035	16033	16229	2	196	4	92
27541	316	16034	16032	16229	2	197	3	92
27541	317	16042	16041	16243	1	202	6	93
27541	318	16033	16033	16227	0	194	3	92
27541	319	16033	16033	16228	0	195	3	92
27541	320	16036	16033	16231	3	198	4	92
27541	321	16037	16035	16233	2	198	4	92
27541	322	16040	16037	16236	3	199	5	92
27541	323	16035	16033	16231	2	198	4	92
27541	324	16033	16033	16226	0	193	3	92
27541	325	16035	16033	16231	2	198	4	92
27541	326	16042	16040	16236	2	196	4	92
27541	327	16033	16032	16229	1	197	3	92
27541	328	16036	16033	16231	3	198	4	92
27541	329	16035	16033	16229	2	196	4	92
27541	330	16034	16032	16229	2	197	3	92
27541	331	16042	16039	16236	3	197	5	92
27541	332	16035	16033	16231	2	198	4	92
27541	333	16033	16033	16227	0	194	3	92
27541	334	16035	16033	16230	2	197	5	92
27541	335	16038	16037	16232	1	195	3	92
27541	336	16037	16035	16232	2	197	3	92
27541	337	16035	16034	16230	1	196	4	92
27541	338	16033	16032	16228	1	196	4	92
27541	339	16035	16033	16231	2	198	4	92
27541	340	16042	16040	16236	2	196	4	92
27541	341	16034	16032	16227	2	195	3	92
27541	342	16035	16033	16231	2	198	4	92
27541	343	16035	16034	16230	1	196	4	92
27541	344	16034	16032	16229	2	197	3	92
27541	345	16042	16038	16235	4	197	5	92
27541	346	16035	16034	16230	1	196	4	92
27541	347	16033	16033	16228	0	195	3	92
27541	348	16035	16034	16230	1	196	4	92
27541	349	16037	16034	16234	3	200	4	92
27541	350	16039	16038	16233	1	195	3	92
27541	351	16035	16034	16230	1	196	4	92
27541	352	16033	16033	16234	0	201	5	93
27541	353	16036	16033	16231	3	198	4	92
27541	354	16042	16040	16236	2	196	4	92
27541	355	16036	16034	16231	2	197	3	92
27541	356	16035	16033	16231	2	198	4	92
27541	357	16035	16034	16232	1	198	4	92
27541	358	16033	16033	16228	0	195	3	92
27541	359	16042	16039	16238	3	199	5	92
27541	360	16036	16032	16231	4	199	4	92
27541	361	16033	16033	16228	0	195	3	92
27541	362	16035	16033	16227	2	194	4	92
27541	363	16036	16032	16231	4	199	5	92
27541	364	16040	16039	16236	1	197	3	92
27541	365	16036	16033	16231	3	198	4	92
27541	366	16034	16032	16229	2	197	3	92
27541	367	16036	16032	16231	4	199	5	92
27541	368	16035	16033	16230	2	197	5	92
27541	369	16040	16038	16232	2	194	4	92
27541	370	16036	16033	16231	3	198	4	92
27541	371	16035	16033	16231	2	198	4	92
27541	372	16033	16032	16229	1	197	3	92
27541	373	16038	16036	16234	2	198	4	92
27541	374	16041	16039	16235	2	196	4	92
27541	375	16034	16032	16229	2	197	3	92
27541	376	16035	16034	16230	1	196	4	92
27541	377	16035	16034	16230	1	196	4	92
27541	378	16039	16038	16233	1	195	3	92
27541	379	16038	16036	16232	2	196	4	92
27541	380	16034	16032	16229	2	197	3	92
27541	381	16035	16033	16228	2	195	5	92
27541	382	16035	16034	16230	1	196	4	92
27541	383	16040	16039	16236	1	197	3	92
27541	384	16036	16033	16230	3	197	5	92
27541	385	16036	16034	16230	2	196	4	92
27541	386	16034	16032	16229	2	197	3	92
27541	387	16036	16034	16234	2	200	6	93
27541	388	16042	16038	16236	4	198	5	92
27541	389	16033	16033	16228	0	195	3	92
27541	390	16036	16034	16230	2	196	4	92
27541	391	16035	16032	16229	3	197	4	92
27541	392	16034	16031	16229	3	198	4	92
27541	393	16042	16040	16234	2	194	4	92
27541	394	16034	16033	16228	1	195	3	92
27541	395	16035	16033	16232	2	199	5	92
27541	396	16035	16033	16229	2	196	4	92
27541	397	16034	16032	16229	2	197	3	92
27541	398	16042	16040	16236	2	196	4	92
27541	399	16036	16032	16231	4	199	5	92
27541	400	16034	16032	16229	2	197	3	92
27541	401	16035	16034	16232	1	198	4	92
27541	402	16035	16033	16228	2	195	5	92
27541	403	16040	16039	16234	1	195	3	92
27541	404	16036	16034	16230	2	196	4	92
27541	405	16036	16034	16230	2	196	4	92
27541	406	16034	16032	16229	2	197	3	92
27541	407	16035	16034	16232	1	198	4	92
27541	408	16040	16039	16234	1	195	3	92
27541	409	16035	16032	16231	3	199	5	92
27541	410	16035	16034	16230	1	196	4	92
27541	411	16034	16032	16229	2	197	3	92
27541	412	16036	16033	16231	3	198	4	92
27541	413	16044	16040	16239	4	199	5	92
27541	414	16035	16034	16230	1	196	4	92
27541	415	16035	16033	16229	2	196	4	92
27541	416	16037	16034	16233	3	199	5	92
27541	417	16034	16033	16230	1	197	3	92
27541	418	16042	16040	16236	2	196	4	92
27541	419	16035	16033	16231	2	198	4	92
27541	420	16033	16033	16228	0	195	3	92
27541	421	16035	16034	16230	1	196	4	92
27541	422	16042	16034	16242	8	208	6	93
27541	423	16048	16042	16242	6	200	5	92
27541	424	16035	16033	16230	2	197	5	92
27541	425	16034	16032	16228	2	196	4	92
27541	426	16036	16033	16231	3	198	4	92
27541	427	16035	16034	16232	1	198	4	92
27541	428	16040	16038	16236	2	198	4	92
27541	429	16035	16033	16227	2	194	4	92
27541	430	16035	16034	16230	1	196	4	92
27541	431	16033	16033	16228	0	195	3	92
27541	432	16036	16033	16229	3	196	4	92
27541	433	16042	16038	16237	4	199	5	92
27541	434	16033	16032	16228	1	196	4	92
27541	435	16035	16033	16229	2	196	4	92
27541	436	16033	16032	16227	1	195	3	92
27541	437	16042	16040	16236	2	196	4	92
27541	438	16035	16033	16227	2	194	4	92
27541	439	16033	16031	16226	2	195	3	92
27541	440	16035	16033	16231	2	198	4	92
27541	441	16042	16040	16236	2	196	4	92
27541	442	16033	16031	16225	2	194	4	92
27541	443	16036	16031	16230	5	199	5	92
27541	444	16035	16033	16229	2	196	4	92
27541	445	16040	16039	16234	1	195	3	92
27541	446	16035	16033	16229	2	196	4	92
27541	447	16035	16033	16229	2	196	4	92
27541	448	16033	16032	16229	1	197	3	92
27541	449	16038	16037	16233	1	196	4	92
27541	450	16038	16037	16234	1	197	3	92
27541	451	16035	16033	16229	2	196	4	92
27541	452	16035	16031	16226	4	195	5	92
27541	453	16032	16031	16229	1	198	4	92
27541	454	16042	16039	16236	3	197	5	92
27541	455	16035	16033	16231	2	198	4	92
27541	456	16033	16032	16229	1	197	3	92
27541	457	16035	16033	16235	2	202	6	93
27541	458	16041	16040	16238	1	198	4	92
27541	459	16033	16032	16229	1	197	3	92
27541	460	16035	16033	16231	2	198	4	92
27541	461	16035	16033	16228	2	195	5	92
27541	462	16038	16038	16233	0	195	3	92
27541	463	16039	16037	16235	2	198	4	92
27541	464	16034	16032	16229	2	197	3	92
27541	465	16033	16032	16228	1	196	4	92
27541	466	16035	16033	16231	2	198	4	92
27541	467	16040	16039	16234	1	195	3	92
27541	468	16035	16033	16231	2	198	4	92
27541	469	16035	16034	16230	1	196	4	92
27541	470	16033	16032	16229	1	197	3	92
27541	471	16042	16039	16236	3	197	5	92
27541	472	16035	16032	16231	3	199	5	92
27541	473	16034	16031	16229	3	198	4	92
27541	474	16035	16033	16229	2	196	4	92
27541	475	16038	16036	16232	2	196	4	92
27541	476	16038	16037	16234	1	197	3	92
27541	477	16036	16033	16231	3	198	4	92
27541	478	16033	16032	16229	1	197	3	92
27541	479	16034	16032	16229	2	197	3	92
27541	480	16041	16040	16236	1	196	4	92
27541	481	16033	16031	16225	2	194	4	92
27541	482	16035	16033	16231	2	198	4	92
27541	483	16035	16033	16231	2	198	4	92
27541	484	16040	16038	16235	2	197	3	92
27541	485	16037	16033	16232	4	199	5	92
27541	486	16035	16034	16228	1	194	4	92
27541	487	16034	16032	16229	2	197	3	92
27541	488	16035	16033	16229	2	196	4	92
27541	489	16042	16040	16238	2	198	4	92
27541	490	16033	16032	16228	1	196	4	92
27541	491	16035	16032	16231	3	199	5	92
27541	492	16033	16032	16235	1	203	6	93
27541	493	16040	16039	16236	1	197	3	92
27541	494	16036	16034	16231	2	197	4	92
27541	495	16033	16032	16227	1	195	3	92
27541	496	16035	16034	16229	1	195	4	92
27541	497	16036	16033	16231	3	198	4	92
27541	498	16040	16039	16236	1	197	3	92
27541	499	16035	16032	16231	3	199	5	92
27541	500	16036	16032	16231	4	199	5	92
27541	501	16033	16032	16229	1	197	3	92
27541	502	16042	16040	16236	2	196	4	92
27541	503	16036	16033	16229	3	196	4	92
27541	504	16034	16032	16229	2	197	3	92
27541	505	16036	16033	16231	3	198	4	92
27541	506	16034	16031	16229	3	198	4	92
27541	507	16039	16039	16236	0	197	3	92
27541	508	16035	16033	16231	2	198	4	92
27541	509	16033	16032	16229	1	197	3	92
27541	510	16035	16032	16229	3	197	5	92
27541	511	16041	16039	16237	2	198	4	92
27541	512	16036	16034	16231	2	197	3	92
27541	513	16035	16033	16230	2	197	4	92
27541	514	16035	16033	16231	2	198	4	92
27541	515	16033	16032	16229	1	197	3	92
27541	516	16042	16039	16237	3	198	4	92
27541	517	16035	16033	16230	2	197	5	92
27541	518	16034	16032	16229	2	197	3	92
27541	519	16036	16032	16231	4	199	5	92
27541	520	16035	16034	16234	1	200	4	92
27541	521	16040	16039	16235	1	196	3	92
27541	522	16035	16033	16229	2	196	4	92
27541	523	16034	16032	16229	2	197	3	92
27541	524	16035	16034	16232	1	198	4	92
27541	525	16042	16040	16238	2	198	4	92
27541	526	16034	16032	16229	2	197	3	92
27541	527	16035	16032	16235	3	203	7	93
27541	528	16035	16033	16231	2	198	4	92
27541	529	16033	16031	16229	2	198	4	92
27541	530	16041	16040	16238	1	198	4	92
27541	531	16035	16034	16230	1	196	4	92
27541	532	16033	16033	16227	0	194	3	92
27541	533	16035	16033	16231	2	198	4	92
27541	534	16036	16035	16232	1	197	3	92
27541	535	16038	16038	16235	0	197	3	92
27541	536	16035	16032	16231	3	199	5	92
27541	537	16033	16032	16228	1	196	4	92
27541	538	16035	16033	16231	2	198	4	92
27541	539	16042	16040	16236	2	196	4	92
27541	540	16033	16033	16228	0	195	3	92
27541	541	16035	16034	16230	1	196	4	92
27541	542	16035	16033	16231	2	198	4	92
27541	543	16033	16032	16227	1	195	3	92
27541	544	16043	16040	16238	3	198	4	92
27541	545	16035	16034	16228	1	194	4	92
27541	546	16033	16032	16229	1	197	3	92
27541	547	16036	16033	16231	3	198	4	92
27541	548	16035	16033	16232	2	199	5	92
27541	549	16040	16039	16236	1	197	3	92
27541	550	16035	16034	16230	1	196	4	92
27541	551	16033	16032	16228	1	196	4	92
27541	552	16035	16034	16228	1	194	4	92
27541	553	16040	16038	16234	2	196	4	92
27541	554	16037	16035	16232	2	197	3	92
27541	555	16036	16033	16231	3	198	4	92
27541	556	16034	16032	16228	2	196	4	92
27541	557	16038	16038	16235	0	197	3	92
27541	558	16037	16034	16231	3	197	5	92
27541	559	16034	16033	16229	1	196	4	92
27541	560	16033	16032	16227	1	195	3	92
27541	561	16042	16040	16236	2	196	4	92
27541	562	16035	16033	16233	2	200	6	93
27541	563	16032	16032	16227	0	195	3	92
27541	564	16042	16040	16238	2	198	4	92
27541	565	16032	16031	16227	1	196	4	92
27541	566	16034	16032	16229	2	197	5	92
27541	567	16042	16040	16236	2	196	4	92
27541	568	16032	16030	16226	2	196	4	92
27541	569	16035	16033	16229	2	196	4	92
27541	570	16042	16040	16238	2	198	4	92
27541	571	16033	16032	16229	1	197	3	92
27541	572	16035	16032	16230	3	198	4	92
27541	573	16036	16034	16230	2	196	4	92
27541	574	16040	16038	16235	2	197	3	92
27541	575	16035	16031	16230	4	199	5	92
27541	576	16034	16033	16230	1	197	4	92
27541	577	16040	16038	16236	2	198	4	92
27541	578	16034	16032	16229	2	197	5	92
27541	579	16032	16031	16228	1	197	3	92
27541	580	16042	16040	16238	2	198	4	92
27541	581	16035	16032	16230	3	198	4	92
27541	582	16033	16032	16227	1	195	3	92
27541	583	16040	16039	16237	1	198	4	92
27541	584	16037	16035	16233	2	198	4	92
27541	585	16033	16031	16227	2	196	4	92
27541	586	16034	16032	16230	2	198	4	92
27541	587	16043	16040	16238	3	198	4	92
27541	588	16033	16032	16227	1	195	3	92
27541	589	16034	16033	16229	1	196	4	92
27541	590	16041	16039	16238	2	199	5	92
27541	591	16032	16032	16227	0	195	3	92
27541	592	16035	16032	16230	3	198	4	92
27541	593	16038	16038	16235	0	197	3	92
27541	594	16035	16034	16227	1	193	3	92
27541	595	16034	16033	16229	1	196	4	92
27541	596	16033	16031	16226	2	195	3	92
27541	597	16042	16040	16237	2	197	4	92
27541	598	16034	16032	16230	2	198	4	92
27541	599	16033	16032	16227	1	195	3	92
27541	600	16042	16040	16238	2	198	4	92
27541	601	16035	16032	16230	3	198	4	92
27541	602	16033	16031	16228	2	197	3	92
27541	603	16037	16035	16232	2	197	5	92
27541	604	16041	16037	16235	4	198	4	92
27541	605	16033	16031	16228	2	197	3	92
27541	606	16034	16033	16229	1	196	4	92
27541	607	16040	16039	16239	1	200	4	92
27541	608	16033	16032	16227	1	195	3	92
27541	609	16035	16032	16228	3	196	4	92
27541	610	16040	16039	16235	1	196	3	92
27541	611	16034	16032	16230	2	198	4	92
27541	612	16035	16032	16230	3	198	4	92
27541	613	16032	16031	16229	1	198	4	92
27541	614	16042	16040	16236	2	196	4	92
27541	615	16034	16033	16231	1	198	4	92
27541	616	16032	16032	16229	0	197	3	92
27541	617	16042	16040	16236	2	196	4	92
27541	618	16035	16033	16229	2	196	4	92
27541	619	16033	16031	16229	2	198	4	92
27541	620	16037	16034	16231	3	197	5	92
27541	621	16041	16038	16235	3	197	5	92
27541	622	16033	16031	16227	2	196	4	92
27541	623	16035	16032	16231	3	199	5	92
27541	624	16040	16039	16233	1	194	4	92
27541	625	16035	16032	16230	3	198	4	92
27541	626	16036	16031	16231	5	200	5	92
27541	627	16037	16036	16233	1	197	3	92
27541	628	16039	16037	16235	2	198	4	92
27541	629	16035	16033	16229	2	196	4	92
27541	630	16032	16032	16229	0	197	3	92
27541	631	16042	16040	16238	2	198	4	92
27541	632	16035	16031	16230	4	199	5	92
27541	633	16032	16032	16227	0	195	3	92
27541	634	16041	16038	16234	3	196	4	92
27541	635	16036	16034	16233	2	199	5	92
27541	636	16033	16032	16227	1	195	3	92
27541	637	16034	16033	16231	1	198	4	92
27541	638	16040	16039	16235	1	196	3	92
27541	639	16034	16032	16231	2	199	5	92
27541	640	16035	16033	16229	2	196	4	92
27541	641	16038	16038	16233	0	195	3	92
27541	642	16039	16035	16234	4	199	5	92
27541	643	16035	16032	16229	3	197	5	92
27541	644	16033	16032	16227	1	195	3	92
27541	645	16042	16039	16235	3	196	4	92
27541	646	16035	16033	16229	2	196	4	92
27541	647	16032	16031	16226	1	195	3	92
27541	648	16039	16037	16233	2	196	4	92
27541	649	16040	16037	16234	3	197	5	92
27541	650	16036	16033	16232	3	199	4	92
27541	651	16036	16033	16232	3	199	5	92
27541	652	16040	16038	16234	2	196	4	92
27541	653	16035	16033	16231	2	198	4	92
27541	654	16035	16032	16228	3	196	4	92
27541	655	16035	16033	16229	2	196	4	92
27541	656	16041	16040	16236	1	196	4	92
27541	657	16035	16033	16231	2	198	4	92
27541	658	16033	16032	16228	1	196	3	92
27541	659	16042	16039	16238	3	199	5	92
27541	660	16035	16033	16227	2	194	4	92
27541	661	16034	16032	16229	2	197	3	92
27541	662	16035	16033	16231	2	198	4	92
27541	663	16042	16038	16236	4	198	6	92
27541	664	16034	16032	16229	2	197	3	92
27541	665	16035	16032	16230	3	198	4	92
27541	666	16040	16038	16236	2	198	4	92
27541	667	16035	16033	16230	2	197	5	92
27541	668	16035	16033	16231	2	198	4	92
27541	669	16033	16032	16227	1	195	3	92
27541	670	16042	16040	16238	2	198	4	92
27541	671	16036	16033	16231	3	198	4	92
27541	672	16033	16031	16228	2	197	3	92
27541	673	16037	16035	16233	2	198	4	92
27541	674	16041	16039	16237	2	198	4	92
27541	675	16033	16031	16227	2	196	4	92
27541	676	16034	16033	16229	1	196	4	92
27541	677	16042	16040	16238	2	198	4	92
27541	678	16033	16031	16228	2	197	3	92
27541	679	16035	16033	16229	2	196	4	92
27541	680	16032	16032	16229	0	197	3	92
27541	681	16042	16040	16238	2	198	4	92
27541	682	16034	16033	16229	1	196	4	92
27541	683	16032	16032	16227	0	195	3	92
27541	684	16042	16040	16236	2	196	4	92
27541	685	16034	16032	16230	2	198	4	92
27541	686	16033	16032	16227	1	195	3	92
27541	687	16042	16040	16238	2	198	4	92
27541	688	16034	16031	16228	3	197	5	92
27541	689	16033	16031	16228	2	197	3	92
27541	690	16042	16040	16236	2	196	4	92
27541	691	16034	16031	16230	3	199	5	92
27541	692	16032	16031	16228	1	197	3	92
27541	693	16042	16040	16238	2	198	4	92
27541	694	16032	16032	16227	0	195	3	92
27541	695	16034	16032	16230	2	198	4	92
27541	696	16042	16040	16238	2	198	4	92
27541	697	16032	16030	16228	2	198	4	92
27541	698	16034	16033	16229	1	196	4	92
27541	699	16042	16040	16236	2	196	4	92
27541	700	16032	16031	16228	1	197	3	92
27541	701	16034	16031	16230	3	199	5	92
27541	702	16040	16038	16236	2	198	4	92
27541	703	16036	16035	16232	1	197	3	92
27541	704	16034	16032	16230	2	198	4	92
27541	705	16037	16034	16232	3	198	4	92
27541	706	16039	16038	16235	1	197	3	92
27541	707	16035	16032	16230	3	198	4	92
27541	708	16033	16032	16229	1	197	3	92
27541	709	16041	16040	16238	1	198	4	92
27541	710	16035	16032	16229	3	197	5	92
27541	711	16032	16032	16227	0	195	3	92
27541	712	16042	16039	16238	3	199	5	92
27541	713	16035	16031	16230	4	199	5	92
27541	714	16032	16032	16227	0	195	3	92
27541	715	16042	16040	16236	2	196	4	92
27541	716	16034	16031	16230	3	199	5	92
27541	717	16033	16032	16227	1	195	3	92
27541	718	16042	16040	16236	2	196	4	92
27541	719	16035	16031	16230	4	199	5	92
27541	720	16033	16030	16228	3	198	4	92
27541	721	16042	16040	16236	2	196	4	92
27541	722	16033	16031	16228	2	197	3	92
27541	723	16032	16030	16226	2	196	5	92
27541	724	16040	16037	16235	3	198	4	92
27541	725	16037	16035	16230	2	195	3	92
27541	726	16034	16032	16230	2	198	5	92
27541	727	16034	16032	16230	2	198	4	92
27541	728	16156	16041	16352	115	311	4	93
27541	729	16034	16032	16231	2	199	5	92
27541	730	16034	16033	16229	1	196	4	92
27541	731	16040	16039	16236	1	197	3	92
27541	732	16034	16032	16229	2	197	5	92
27541	733	16035	16033	16231	2	198	4	92
27541	734	16040	16038	16234	2	196	4	92
27541	735	16034	16032	16230	2	198	4	92
27541	736	16033	16031	16228	2	197	3	92
27541	737	16040	16039	16234	1	195	3	92
27541	738	16034	16031	16228	3	197	5	92
27541	739	16033	16031	16228	2	197	3	92
27541	740	16038	16036	16233	2	197	5	92
27541	741	16040	16038	16234	2	196	4	92
27541	742	16033	16032	16229	1	197	3	92
27541	743	16034	16032	16229	2	197	5	92
27541	744	16042	16040	16236	2	196	4	92
27541	745	16033	16031	16226	2	195	3	92
27541	746	16034	16032	16229	2	197	4	92
27541	747	16042	16039	16235	3	196	4	92
27541	748	16033	16031	16228	2	197	3	92
27541	749	16034	16032	16227	2	195	4	92
27541	750	16040	16038	16236	2	198	4	92
27541	751	16033	16031	16228	2	197	3	92
27541	752	16035	16032	16229	3	197	5	92
27541	753	16039	16037	16235	2	198	4	92
27541	754	16037	16036	16232	1	196	4	92
27541	755	16034	16032	16229	2	197	5	92
27541	756	16032	16031	16227	1	196	4	92
27541	757	16041	16040	16238	1	198	4	92
27541	758	16034	16033	16227	1	194	4	92
27541	759	16032	16032	16229	0	197	3	92
27541	760	16042	16040	16236	2	196	4	92
27541	761	16035	16032	16230	3	198	4	92
27541	762	16032	16032	16227	0	195	3	92
27541	763	16042	16039	16238	3	199	5	92
27541	764	16035	16032	16229	3	197	5	92
27541	765	16032	16030	16226	2	196	4	92
27541	766	16039	16037	16233	2	196	4	92
27541	767	16037	16036	16231	1	195	3	92
27541	768	16035	16033	16229	2	196	4	92
27541	769	16034	16033	16229	1	196	4	92
27541	770	16040	16039	16236	1	197	3	92
27541	771	16034	16033	16229	1	196	4	92
27541	772	16034	16033	16229	1	196	4	92
27541	773	16040	16039	16236	1	197	3	92
27541	774	16035	16032	16229	3	197	5	92
27541	775	16035	16032	16229	3	197	5	92
27541	776	16040	16038	16236	2	198	4	92
27541	777	16036	16033	16231	3	198	4	92
27541	778	16034	16032	16230	2	198	4	92
27541	779	16033	16031	16228	2	197	3	92
27541	780	16042	16040	16238	2	198	4	92
27541	781	16032	16032	16227	0	195	3	92
27541	782	16035	16032	16230	3	198	4	92
27541	783	16042	16040	16238	2	198	4	92
27541	784	16032	16032	16229	0	197	3	92
27541	785	16035	16032	16230	3	198	4	92
27541	786	16042	16039	16238	3	199	5	92
27541	787	16033	16030	16228	3	198	4	92
27541	788	16035	16032	16231	3	199	5	92
27541	789	16036	16033	16231	3	198	4	92
27541	790	16040	16039	16236	1	197	3	92
27541	791	16035	16033	16231	2	198	4	92
27541	792	16035	16032	16230	3	198	4	92
27541	793	16040	16039	16236	1	197	3	92
27541	794	16035	16032	16228	3	196	4	92
27541	795	16033	16032	16227	1	195	3	92
27541	796	16042	16041	16235	1	194	4	92
27541	797	16035	16031	16230	4	199	5	92
27541	798	16033	16030	16226	3	196	4	92
27541	799	16035	16033	16231	2	198	4	92
27541	800	16042	16039	16235	3	196	4	92
27541	801	16033	16031	16228	2	197	3	92
27541	802	16035	16032	16230	3	198	4	92
27541	803	16042	16040	16238	2	198	4	92
27541	804	16032	16031	16228	1	197	3	92
27541	805	16034	16033	16229	1	196	4	92
27541	806	16042	16040	16238	2	198	4	92
27541	807	16035	16033	16230	2	197	3	92
27541	808	16035	16032	16230	3	198	4	92
27541	809	16033	16031	16226	2	195	3	92
27541	810	16042	16039	16238	3	199	5	92
27541	811	16035	16033	16229	2	196	4	92
27541	812	16033	16031	16228	2	197	3	92
27541	813	16041	16040	16237	1	197	4	92
27541	814	16035	16033	16231	2	198	4	92
27541	815	16033	16032	16227	1	195	3	92
27541	816	16034	16033	16229	1	196	4	92
27541	817	16042	16039	16235	3	196	4	92
27541	818	16033	16031	16228	2	197	3	92
27541	819	16034	16033	16229	1	196	4	92
27541	820	16042	16040	16238	2	198	4	92
27541	821	16033	16031	16229	2	198	4	92
27541	822	16035	16031	16230	4	199	5	92
27541	823	16034	16034	16229	0	195	3	92
27541	824	16040	16038	16235	2	197	3	92
27541	825	16035	16033	16231	2	198	4	92
27541	826	16033	16032	16227	1	195	3	92
27541	827	16042	16040	16238	2	198	4	92
27541	828	16035	16033	16231	2	198	4	92
27541	829	16033	16032	16227	1	195	3	92
27541	830	16038	16035	16231	3	196	4	92
27541	831	16040	16038	16235	2	197	5	92
27541	832	16033	16031	16229	2	198	4	92
27541	833	16034	16032	16231	2	199	5	92
27541	834	16042	16040	16236	2	196	4	92
27541	835	16032	16031	16228	1	197	3	92
27541	836	16035	16032	16230	3	198	4	92
27541	837	16037	16036	16233	1	197	3	92
27541	838	16038	16037	16232	1	195	3	92
27541	839	16035	16032	16228	3	196	4	92
27541	840	16033	16032	16227	1	195	3	92
27541	841	16042	16040	16236	2	196	4	92
27541	842	16035	16032	16230	3	198	4	92
27541	843	16033	16031	16227	2	196	4	92
27541	844	16039	16037	16232	2	195	5	92
27541	845	16041	16037	16236	4	199	5	92
27541	846	16033	16032	16227	1	195	3	92
27541	847	16035	16033	16230	2	197	5	92
27541	848	16042	16040	16238	2	198	4	92
27541	849	16032	16032	16227	0	195	3	92
27541	850	16035	16032	16230	3	198	4	92
27541	851	16037	16036	16236	1	200	4	92
27541	852	16037	16036	16232	1	196	4	92
27541	853	16034	16032	16229	2	197	5	92
27541	854	16033	16031	16229	2	198	4	92
27541	855	16042	16039	16236	3	197	5	92
27541	856	16035	16033	16229	2	196	4	92
27541	857	16033	16032	16227	1	195	3	92
27541	858	16039	16036	16234	3	198	4	92
27541	859	16040	16038	16234	2	196	4	92
27541	860	16033	16031	16227	2	196	4	92
27541	861	16035	16033	16229	2	196	4	92
27541	862	16042	16040	16238	2	198	4	92
27541	863	16033	16032	16227	1	195	3	92
27541	864	16035	16032	16229	3	197	5	92
27541	865	16038	16035	16232	3	197	5	92
27541	866	16039	16037	16234	2	197	3	92
27541	867	16035	16032	16230	3	198	4	92
27541	868	16033	16032	16229	1	197	3	92
27541	869	16042	16039	16238	3	199	5	92
27541	870	16035	16033	16229	2	196	4	92
27541	871	16033	16032	16229	1	197	3	92
27541	872	16035	16033	16229	2	196	4	92
27541	873	16042	16040	16238	2	198	4	92
27541	874	16033	16031	16229	2	198	4	92
27541	875	16035	16032	16230	3	198	5	92
27541	876	16035	16032	16229	3	197	5	92
27541	877	16040	16040	16235	0	195	3	92
27541	878	16035	16033	16229	2	196	4	92
27541	879	16035	16033	16229	2	196	4	92
27541	880	16033	16032	16229	1	197	3	92
27541	881	16042	16040	16236	2	196	4	92
27541	882	16033	16031	16228	2	197	3	92
27541	883	16035	16033	16229	2	196	4	92
27541	884	16034	16032	16231	2	199	5	92
27541	885	16040	16038	16234	2	196	4	92
27541	886	16035	16032	16230	3	198	4	92
27541	887	16035	16034	16230	1	196	4	92
27541	888	16033	16032	16227	1	195	3	92
27541	889	16042	16040	16237	2	197	4	92
27541	890	16035	16032	16229	3	197	5	92
27541	891	16033	16032	16229	1	197	3	92
27541	892	16035	16033	16229	2	196	4	92
27541	893	16042	16040	16238	2	198	4	92
27541	894	16034	16032	16229	2	197	3	92
27541	895	16035	16032	16228	3	196	4	92
27541	896	16036	16035	16230	1	195	3	92
27541	897	16041	16037	16236	4	199	5	92
27541	898	16035	16033	16231	2	198	4	92
27541	899	16034	16032	16229	2	197	3	92
27541	900	16040	16038	16234	2	196	4	92
27541	901	16038	16036	16234	2	198	4	92
27541	902	16034	16032	16229	2	197	3	92
27541	903	16035	16033	16229	2	196	4	92
27541	904	16042	16039	16236	3	197	5	92
27541	905	16035	16032	16230	3	198	4	92
27541	906	16035	16031	16230	4	199	5	92
27541	907	16035	16033	16229	2	196	4	92
27541	908	16040	16038	16233	2	195	3	92
27541	909	16036	16033	16231	3	198	4	92
27541	910	16033	16032	16227	1	195	3	92
27541	911	16035	16033	16231	2	198	4	92
27541	912	16042	16040	16238	2	198	4	92
27541	913	16033	16032	16227	1	195	3	92
27541	914	16034	16032	16230	2	198	5	92
27541	915	16035	16032	16231	3	199	5	92
27541	916	16040	16038	16234	2	196	4	92
27541	917	16035	16033	16231	2	198	4	92
27541	918	16035	16033	16231	2	198	4	92
27541	919	16033	16031	16226	2	195	3	92
27541	920	16042	16040	16238	2	198	4	92
27541	921	16035	16033	16229	2	196	4	92
27541	922	16033	16032	16227	1	195	3	92
27541	923	16035	16033	16229	2	196	4	92
27541	924	16040	16038	16235	2	197	4	92
27541	925	16035	16031	16230	4	199	5	92
27541	926	16035	16032	16229	3	197	5	92
27541	927	16033	16032	16227	1	195	3	92
27541	928	16042	16039	16237	3	198	4	92
27541	929	16035	16033	16229	2	196	4	92
27541	930	16033	16032	16230	1	198	4	92
27541	931	16035	16034	16230	1	196	4	92
27541	932	16042	16040	16234	2	194	4	92
27541	933	16035	16032	16230	3	198	4	92
27541	934	16036	16034	16230	2	196	4	92
27541	935	16036	16033	16231	3	198	4	92
27541	936	16033	16033	16228	0	195	3	92
27541	937	16042	16038	16237	4	199	5	92
27541	938	16036	16035	16232	1	197	3	92
27541	939	16035	16033	16231	2	198	4	92
27541	940	16036	16033	16231	3	198	4	92
27541	941	16033	16032	16228	1	196	4	92
27541	942	16041	16039	16235	2	196	4	92
27541	943	16038	16036	16232	2	196	4	92
27541	944	16034	16032	16229	2	197	3	92
27541	945	16036	16032	16231	4	199	5	92
27541	946	16035	16034	16232	1	198	4	92
27541	947	16038	16037	16232	1	195	3	92
27541	948	16038	16036	16233	2	197	5	92
27541	949	16036	16033	16231	3	198	4	92
27541	950	16033	16032	16229	1	197	3	92
27541	951	16035	16033	16231	2	198	4	92
27541	952	16039	16038	16235	1	197	3	92
27541	953	16038	16035	16234	3	199	5	92
27541	954	16035	16034	16232	1	198	4	92
27541	955	16033	16032	16227	1	195	3	92
27541	956	16035	16034	16230	1	196	4	92
27541	957	16041	16040	16236	1	196	4	92
27541	958	16035	16035	16230	0	195	3	92
27541	959	16035	16032	16231	3	199	5	92
27541	960	16035	16034	16230	1	196	4	92
27541	961	16034	16031	16229	3	198	4	92
27541	962	16042	16040	16236	2	196	4	92
27541	963	16035	16034	16232	1	198	4	92
27541	964	16034	16033	16229	1	196	3	92
27541	965	16035	16033	16230	2	197	4	92
27541	966	16033	16033	16230	0	197	3	92
27541	967	16040	16040	16233	0	193	3	92
27541	968	16036	16033	16231	3	198	4	92
27541	969	16033	16033	16228	0	195	3	92
27541	970	16036	16033	16230	3	197	5	92
27541	971	16035	16033	16230	2	197	5	92
27541	972	16040	16038	16236	2	198	4	92
27541	973	16035	16034	16230	1	196	4	92
27541	974	16036	16033	16230	3	197	4	92
27541	975	16033	16032	16227	1	195	3	92
27541	976	16036	16032	16231	4	199	5	92
27541	977	16041	16040	16238	1	198	4	92
27541	978	16033	16033	16228	0	195	3	92
27541	979	16035	16033	16231	2	198	4	92
27541	980	16034	16033	16228	1	195	3	92
27541	981	16033	16033	16227	0	194	3	92
27541	982	16042	16040	16238	2	198	4	92
27541	983	16033	16031	16229	2	198	4	92
27541	984	16035	16034	16230	1	196	4	92
27541	985	16036	16034	16230	2	196	4	92
27541	986	16037	16034	16232	3	198	4	92
27541	987	16040	16039	16237	1	198	4	92
27541	988	16035	16033	16230	2	197	4	92
27541	989	16034	16032	16229	2	197	3	92
27541	990	16036	16032	16231	4	199	5	92
27541	991	16042	16040	16238	2	198	4	92
27541	992	16035	16034	16231	1	197	3	92
27541	993	16035	16033	16230	2	197	5	92
27541	994	16034	16032	16230	2	198	4	92
27541	995	16035	16034	16230	1	196	4	92
27541	996	16038	16035	16231	3	196	4	92
27541	997	16040	16038	16235	2	197	4	92
27541	998	16035	16033	16231	2	198	4	92
27541	999	16036	16033	16231	3	198	4	92
27541	1000	16034	16033	16229	1	196	3	92
