RUNID	ITERNUM	METIME	PRTIME	TPRTIME	DIFF	TDIFF	NRPROCS	NPROCS
27461	1	1003	1003	1201	0	198	2	93
27461	2	1002	1003	1201	-1	198	2	93
27461	3	1003	1003	1199	0	196	2	93
27461	4	1003	1003	1199	0	196	2	93
27461	5	1002	1003	1200	-1	197	2	93
27461	6	1003	1002	1200	1	198	2	93
27461	7	1003	1002	1198	1	196	2	93
27461	8	1003	1002	1198	1	196	2	93
27461	9	1005	1004	1201	1	197	3	93
27461	10	1003	1003	1200	0	197	2	93
27461	11	999	999	1197	0	198	2	93
27461	12	1001	1002	1198	-1	196	2	93
27461	13	1003	1002	1200	1	198	2	93
27461	14	1003	1002	1200	1	198	2	93
27461	15	1003	1003	1199	0	196	2	93
27461	16	1005	1004	1200	1	196	3	92
27461	17	1003	1003	1199	0	196	2	92
27461	18	1003	1002	1198	1	196	2	92
27461	19	1002	1003	1197	-1	194	2	92
27461	20	1003	1003	1197	0	194	2	92
27461	21	1002	1003	1197	-1	194	2	92
27461	22	1003	1003	1198	0	195	2	92
27461	23	1005	1004	1199	1	195	3	92
27461	24	1002	1003	1199	-1	196	2	92
27461	25	1001	1001	1195	0	194	2	92
27461	26	1000	1000	1194	0	194	2	92
27461	27	1003	1003	1197	0	194	2	92
27461	28	1003	1003	1197	0	194	2	92
27461	29	1003	1002	1198	1	196	2	92
27461	30	1003	1002	1198	1	196	2	92
27461	31	1004	1004	1201	0	197	3	92
27461	32	1003	1003	1197	0	194	2	92
27461	33	1003	1003	1197	0	194	2	92
27461	34	1003	1003	1197	0	194	2	92
27461	35	1002	1003	1197	-1	194	2	92
27461	36	1003	1002	1198	1	196	2	92
27461	37	1002	1003	1198	-1	195	2	92
27461	38	1004	1004	1199	0	195	3	92
27461	39	1003	1002	1198	1	196	2	92
27461	40	999	999	1193	0	194	2	92
27461	41	1003	1002	1198	1	196	2	92
27461	42	1003	1002	1196	1	194	2	92
27461	43	1002	1003	1197	-1	194	2	92
27461	44	1003	1002	1198	1	196	2	92
27461	45	1005	1004	1199	1	195	3	92
27461	46	1003	1002	1196	1	194	2	92
27461	47	1003	1002	1198	1	196	2	92
27461	48	1002	1003	1199	-1	196	2	92
27461	49	1003	1002	1198	1	196	2	92
27461	50	1003	1003	1197	0	194	2	92
27461	51	1003	1003	1197	0	194	2	92
27461	52	1003	1002	1198	1	196	2	92
27461	53	1005	1003	1200	2	197	3	92
27461	54	999	999	1193	0	194	2	92
27461	55	1002	1001	1197	1	196	2	92
27461	56	1003	1002	1198	1	196	2	92
27461	57	1002	1003	1197	-1	194	2	92
27461	58	1003	1002	1198	1	196	2	92
27461	59	1003	1002	1198	1	196	2	92
27461	60	1005	1003	1200	2	197	3	92
27461	61	1003	1002	1198	1	196	2	92
27461	62	1003	1003	1197	0	194	2	92
27461	63	1003	1003	1199	0	196	2	92
27461	64	1002	1003	1197	-1	194	2	92
27461	65	1003	1002	1198	1	196	2	92
27461	66	1003	1002	1196	1	194	2	92
27461	67	1005	1004	1199	1	195	3	92
27461	68	1001	1000	1196	1	196	2	92
27461	69	1001	1000	1194	1	194	2	92
27461	70	1003	1003	1197	0	194	2	92
27461	71	1003	1003	1199	0	196	2	92
27461	72	1002	1003	1199	-1	196	2	92
27461	73	1002	1003	1199	-1	196	2	92
27461	74	1003	1002	1198	1	196	2	92
27461	75	1005	1003	1200	2	197	3	92
27461	76	1003	1003	1197	0	194	2	92
27461	77	1003	1003	1197	0	194	2	92
27461	78	1003	1002	1196	1	194	2	92
27461	79	1003	1002	1196	1	194	2	92
27461	80	1003	1003	1197	0	194	2	92
27461	81	1003	1002	1198	1	196	2	92
27461	82	1005	1003	1200	2	197	3	92
27461	83	999	998	1194	1	196	2	92
27461	84	1003	1002	1198	1	196	2	92
27461	85	1003	1003	1199	0	196	2	92
27461	86	1003	1003	1197	0	194	2	92
27461	87	1003	1002	1198	1	196	2	92
27461	88	1003	1002	1198	1	196	2	92
27461	89	1005	1003	1200	2	197	3	92
27461	90	1003	1003	1197	0	194	2	92
27461	91	1002	1003	1199	-1	196	2	92
27461	92	1003	1003	1199	0	196	2	92
27461	93	1002	1003	1199	-1	196	2	92
27461	94	1002	1003	1199	-1	196	2	92
27461	95	1003	1003	1197	0	194	2	92
27461	96	1003	1003	1197	0	194	2	92
27461	97	1002	1000	1197	2	197	3	92
27461	98	1001	1002	1196	-1	194	2	92
27461	99	1002	1003	1199	-1	196	2	92
27461	100	1002	1003	1198	-1	195	2	92
27461	101	1002	1003	1197	-1	194	2	92
27461	102	1003	1002	1198	1	196	2	92
27461	103	1003	1003	1197	0	194	2	92
27461	104	1004	1004	1200	0	196	3	92
27461	105	1003	1002	1198	1	196	2	92
27461	106	1003	1003	1197	0	194	2	92
27461	107	1003	1002	1198	1	196	2	92
27461	108	1003	1002	1198	1	196	2	92
27461	109	1003	1003	1197	0	194	2	92
27461	110	1003	1002	1196	1	194	2	92
27461	111	1002	1001	1196	1	195	3	92
27461	112	1001	1001	1195	0	194	2	92
27461	113	1003	1003	1197	0	194	2	92
27461	114	1002	1003	1199	-1	196	2	92
27461	115	1002	1003	1199	-1	196	2	92
27461	116	1003	1003	1197	0	194	2	92
27461	117	1003	1002	1198	1	196	2	92
27461	118	1002	1003	1199	-1	196	2	92
27461	119	1003	1003	1197	0	194	2	92
27461	120	1003	1002	1198	1	196	2	92
27461	121	1002	1003	1199	-1	196	2	92
27461	122	1002	1003	1198	-1	195	2	92
27461	123	1003	1002	1198	1	196	2	92
27461	124	1003	1002	1198	1	196	2	92
27461	125	1001	1002	1196	-1	194	2	92
27461	126	1001	1001	1196	0	195	3	92
27461	127	1002	1003	1199	-1	196	2	92
27461	128	1003	1003	1197	0	194	2	92
27461	129	1003	1002	1198	1	196	2	92
27461	130	1002	1003	1197	-1	194	2	92
27461	131	1003	1002	1198	1	196	2	92
27461	132	1003	1002	1198	1	196	2	92
27461	133	1005	1004	1199	1	195	3	92
27461	134	1003	1003	1197	0	194	2	92
27461	135	1002	1003	1199	-1	196	2	92
27461	136	1003	1003	1197	0	194	2	92
27461	137	1003	1003	1197	0	194	2	92
27461	138	1003	1003	1197	0	194	2	92
27461	139	1002	1003	1197	-1	194	2	92
27461	140	999	999	1194	0	195	2	92
27461	141	1002	1003	1197	-1	194	2	92
27461	142	1002	1003	1197	-1	194	2	92
27461	143	1002	1003	1199	-1	196	2	92
27461	144	1003	1002	1198	1	196	2	92
27461	145	1002	1003	1199	-1	196	2	92
27461	146	1003	1003	1197	0	194	2	92
27461	147	1003	1003	1197	0	194	2	92
27461	148	1004	1004	1201	0	197	3	92
27461	149	1003	1002	1198	1	196	2	92
27461	150	1003	1003	1197	0	194	2	92
27461	151	1003	1002	1198	1	196	2	92
27461	152	1003	1003	1197	0	194	2	92
27461	153	1003	1003	1197	0	194	2	92
27461	154	999	998	1194	1	196	2	92
27461	155	1005	1003	1200	2	197	3	92
27461	156	1003	1003	1199	0	196	2	92
27461	157	1002	1003	1198	-1	195	2	92
27461	158	1003	1002	1198	1	196	2	92
27461	159	1003	1003	1197	0	194	2	92
27461	160	1003	1002	1198	1	196	2	92
27461	161	1002	1003	1197	-1	194	2	92
27461	162	1002	1003	1202	-1	199	3	92
27461	163	1003	1002	1198	1	196	2	92
27461	164	1003	1002	1198	1	196	2	92
27461	165	1002	1003	1199	-1	196	2	92
27461	166	1003	1003	1197	0	194	2	92
27461	167	1003	1003	1197	0	194	2	92
27461	168	1001	1000	1196	1	196	2	92
27461	169	1000	1000	1194	0	194	2	92
27461	170	1005	1004	1199	1	195	3	92
27461	171	1003	1002	1198	1	196	2	92
27461	172	1003	1003	1197	0	194	2	92
27461	173	1003	1003	1197	0	194	2	92
27461	174	1003	1003	1199	0	196	2	92
27461	175	1002	1003	1199	-1	196	2	92
27461	176	1003	1003	1197	0	194	2	92
27461	177	1005	1003	1200	2	197	3	92
27461	178	1003	1002	1196	1	194	2	92
27461	179	1003	1002	1198	1	196	2	92
27461	180	1003	1002	1198	1	196	2	92
27461	181	1003	1003	1197	0	194	2	92
27461	182	1002	1002	1196	0	194	2	92
27461	183	999	999	1195	0	196	2	92
27461	184	1003	1003	1197	0	194	2	92
27461	185	1003	1002	1198	1	196	2	92
27461	186	1003	1002	1198	1	196	2	92
27461	187	1002	1003	1199	-1	196	2	92
27461	188	1002	1003	1199	-1	196	2	92
27461	189	1003	1002	1198	1	196	2	92
27461	190	1002	1003	1199	-1	196	2	92
27461	191	1002	1003	1197	-1	194	2	92
27461	192	1004	1004	1199	0	195	3	92
27461	193	1003	1002	1198	1	196	2	92
27461	194	1003	1003	1197	0	194	2	92
27461	195	1003	1003	1197	0	194	2	92
27461	196	1002	1003	1197	-1	194	2	92
27461	197	999	999	1193	0	194	2	92
27461	198	1002	1002	1196	0	194	2	92
27461	199	1005	1004	1199	1	195	3	92
27461	200	1003	1003	1197	0	194	2	92
27461	201	1003	1002	1198	1	196	2	92
27461	202	1003	1003	1197	0	194	2	92
27461	203	1003	1002	1198	1	196	2	92
27461	204	1003	1002	1198	1	196	2	92
27461	205	1003	1002	1198	1	196	2	92
27461	206	1003	1003	1197	0	194	2	92
27461	207	1002	1003	1199	-1	196	2	92
27461	208	1002	1003	1197	-1	194	2	92
27461	209	1002	1003	1197	-1	194	2	92
27461	210	1003	1002	1198	1	196	2	92
27461	211	1000	1000	1194	0	194	2	92
27461	212	1001	1001	1195	0	194	2	92
27461	213	1003	1002	1198	1	196	2	92
27461	214	1005	1003	1198	2	195	3	92
27461	215	1003	1003	1197	0	194	2	92
27461	216	1002	1003	1199	-1	196	2	92
27461	217	1003	1003	1197	0	194	2	92
27461	218	1003	1003	1197	0	194	2	92
27461	219	1003	1003	1197	0	194	2	92
27461	220	1003	1002	1198	1	196	2	92
27461	221	1005	1004	1199	1	195	3	92
27461	222	1003	1003	1197	0	194	2	92
27461	223	1002	1003	1199	-1	196	2	92
27461	224	1003	1003	1197	0	194	2	92
27461	225	1000	999	1195	1	196	2	92
27461	226	1002	1001	1197	1	196	2	92
27461	227	1003	1003	1197	0	194	2	92
27461	228	1005	1004	1199	1	195	3	92
27461	229	1003	1003	1197	0	194	2	92
27461	230	1003	1002	1198	1	196	2	92
27461	231	1002	1003	1197	-1	194	2	92
27461	232	1003	1003	1197	0	194	2	92
27461	233	1002	1003	1199	-1	196	2	92
27461	234	1003	1003	1197	0	194	2	92
27461	235	1003	1002	1196	1	194	2	92
27461	236	1002	1003	1197	-1	194	2	92
27461	237	1003	1002	1198	1	196	2	92
27461	238	1002	1003	1199	-1	196	2	92
27461	239	1001	1000	1196	1	196	2	92
27461	240	1000	1000	1192	0	192	2	92
27461	241	1003	1003	1197	0	194	2	92
27461	242	1003	1003	1197	0	194	2	92
27461	243	1004	1004	1201	0	197	3	92
27461	244	1003	1003	1197	0	194	2	92
27461	245	1003	1003	1197	0	194	2	92
27461	246	1002	1003	1197	-1	194	2	92
27461	247	1003	1002	1196	1	194	2	92
27461	248	1003	1003	1198	0	195	2	92
27461	249	1002	1003	1197	-1	194	2	92
27461	250	1005	1004	1199	1	195	3	92
27461	251	1003	1003	1197	0	194	2	92
27461	252	1003	1003	1197	0	194	2	92
27461	253	1001	1001	1197	0	196	2	92
27461	254	1000	1000	1194	0	194	2	92
27461	255	1003	1002	1196	1	194	2	92
27461	256	1003	1002	1198	1	196	2	92
27461	257	1005	1003	1200	2	197	3	92
27461	258	1003	1002	1198	1	196	2	92
27461	259	1003	1002	1198	1	196	2	92
27461	260	1003	1003	1197	0	194	2	92
27461	261	1003	1003	1197	0	194	2	92
27461	262	1003	1003	1197	0	194	2	92
27461	263	1003	1003	1197	0	194	2	92
27461	264	1002	1003	1199	-1	196	2	92
27461	265	1003	1002	1198	1	196	2	92
27461	266	1002	1003	1197	-1	194	2	92
27461	267	1001	1002	1194	-1	192	2	92
27461	268	1000	1000	1194	0	194	2	92
27461	269	1003	1002	1196	1	194	2	92
27461	270	1003	1002	1198	1	196	2	92
27461	271	1003	1003	1197	0	194	2	92
27461	272	1005	1003	1200	2	197	3	92
27461	273	1003	1002	1198	1	196	2	92
27461	274	1002	1003	1199	-1	196	2	92
27461	275	1003	1002	1198	1	196	2	92
27461	276	1003	1002	1196	1	194	2	92
27461	277	1002	1003	1197	-1	194	2	92
27461	278	1003	1003	1199	0	196	2	92
27461	279	1005	1003	1200	2	197	3	92
27461	280	1003	1002	1196	1	194	2	92
27461	281	1002	1002	1198	0	196	2	92
27461	282	998	998	1194	0	196	2	92
27461	283	1003	1003	1197	0	194	2	92
27461	284	1003	1003	1197	0	194	2	92
27461	285	1003	1002	1198	1	196	2	92
27461	286	1004	1004	1201	0	197	3	92
27461	287	1003	1002	1198	1	196	2	92
27461	288	1003	1002	1198	1	196	2	92
27461	289	1003	1003	1197	0	194	2	92
27461	290	1003	1002	1198	1	196	2	92
27461	291	1002	1003	1199	-1	196	2	92
27461	292	1002	1003	1199	-1	196	2	92
27461	293	1003	1003	1197	0	194	2	92
27461	294	1003	1002	1199	1	197	3	92
27461	295	1003	1003	1197	0	194	2	92
27461	296	999	999	1193	0	194	2	92
27461	297	1003	1002	1198	1	196	2	92
27461	298	1002	1003	1197	-1	194	2	92
27461	299	1002	1003	1197	-1	194	2	92
27461	300	1003	1002	1198	1	196	2	92
27461	301	1005	1004	1199	1	195	3	92
27461	302	1003	1003	1197	0	194	2	92
27461	303	1003	1003	1197	0	194	2	92
27461	304	1003	1002	1198	1	196	2	92
27461	305	1003	1003	1197	0	194	2	92
27461	306	1003	1002	1196	1	194	2	92
27461	307	1002	1003	1199	-1	196	2	92
27461	308	1005	1003	1200	2	197	3	92
27461	309	1003	1002	1198	1	196	2	92
27461	310	999	998	1194	1	196	2	92
27461	311	1002	1003	1195	-1	192	2	92
27461	312	1002	1003	1197	-1	194	2	92
27461	313	1002	1003	1199	-1	196	2	92
27461	314	1002	1003	1197	-1	194	2	92
27461	315	1003	1003	1197	0	194	2	92
27461	316	1002	1003	1199	-1	196	2	92
27461	317	1003	1002	1198	1	196	2	92
27461	318	1003	1003	1197	0	194	2	92
27461	319	1003	1003	1197	0	194	2	92
27461	320	1002	1003	1197	-1	194	2	92
27461	321	1003	1003	1197	0	194	2	92
27461	322	1003	1003	1197	0	194	2	92
27461	323	1004	1004	1201	0	197	3	92
27461	324	1000	1000	1194	0	194	2	92
27461	325	1001	1001	1195	0	194	2	92
27461	326	1003	1003	1197	0	194	2	92
27461	327	1003	1003	1197	0	194	2	92
27461	328	1003	1003	1197	0	194	2	92
27461	329	1003	1002	1198	1	196	2	92
27461	330	1005	1003	1200	2	197	3	92
27461	331	1002	1003	1199	-1	196	2	92
27461	332	1003	1002	1198	1	196	2	92
27461	333	1003	1002	1198	1	196	2	92
27461	334	1003	1003	1197	0	194	2	92
27461	335	1003	1003	1197	0	194	2	92
27461	336	1003	1002	1198	1	196	2	92
27461	337	1002	1003	1202	-1	199	3	92
27461	338	1000	1000	1194	0	194	2	92
27461	339	1001	1002	1196	-1	194	2	92
27461	340	1002	1003	1199	-1	196	2	92
27461	341	1003	1002	1196	1	194	2	92
27461	342	1003	1003	1197	0	194	2	92
27461	343	1002	1003	1199	-1	196	2	92
27461	344	1002	1003	1199	-1	196	2	92
27461	345	1002	1003	1199	-1	196	2	92
27461	346	1003	1003	1197	0	194	2	92
27461	347	1003	1003	1199	0	196	2	92
27461	348	1003	1003	1197	0	194	2	92
27461	349	1002	1003	1199	-1	196	2	92
27461	350	1002	1003	1197	-1	194	2	92
27461	351	1003	1003	1197	0	194	2	92
27461	352	1002	1001	1198	1	197	3	92
27461	353	1000	1001	1197	-1	196	2	92
27461	354	1003	1002	1196	1	194	2	92
27461	355	1002	1003	1197	-1	194	2	92
27461	356	1003	1003	1197	0	194	2	92
27461	357	1003	1003	1197	0	194	2	92
27461	358	1002	1003	1199	-1	196	2	92
27461	359	1005	1003	1200	2	197	3	92
27461	360	1002	1003	1199	-1	196	2	92
27461	361	1003	1003	1197	0	194	2	92
27461	362	1002	1003	1197	-1	194	2	92
27461	363	1003	1003	1197	0	194	2	92
27461	364	1002	1003	1198	-1	195	2	92
27461	365	1003	1003	1197	0	194	2	92
27461	366	1003	1001	1198	2	197	3	92
27461	367	1000	1001	1195	-1	194	2	92
27461	368	1003	1003	1197	0	194	2	92
27461	369	1003	1003	1197	0	194	2	92
27461	370	1003	1002	1198	1	196	2	92
27461	371	1003	1002	1198	1	196	2	92
27461	372	1002	1003	1197	-1	194	2	92
27461	373	1002	1003	1199	-1	196	2	92
27461	374	1003	1002	1196	1	194	2	92
27461	375	1002	1003	1199	-1	196	2	92
27461	376	1003	1003	1197	0	194	2	92
27461	377	1003	1003	1197	0	194	2	92
27461	378	1003	1003	1199	0	196	2	92
27461	379	1003	1003	1199	0	196	2	92
27461	380	1000	1001	1193	-1	192	2	92
27461	381	1002	1002	1197	0	195	3	92
27461	382	1003	1002	1198	1	196	2	92
27461	383	1003	1003	1197	0	194	2	92
27461	384	1003	1003	1197	0	194	2	92
27461	385	1002	1003	1199	-1	196	2	92
27461	386	1003	1002	1198	1	196	2	92
27461	387	1003	1002	1198	1	196	2	92
27461	388	1004	1004	1201	0	197	3	92
27461	389	1003	1003	1197	0	194	2	92
27461	390	1003	1002	1196	1	194	2	92
27461	391	1002	1003	1199	-1	196	2	92
27461	392	1002	1003	1197	-1	194	2	92
27461	393	1003	1002	1198	1	196	2	92
27461	394	1000	1000	1192	0	192	2	92
27461	395	1002	1001	1196	1	195	3	92
27461	396	1003	1002	1198	1	196	2	92
27461	397	1002	1003	1197	-1	194	2	92
27461	398	1003	1003	1197	0	194	2	92
27461	399	1003	1003	1199	0	196	2	92
27461	400	1003	1003	1199	0	196	2	92
27461	401	1003	1003	1197	0	194	2	92
27461	402	1002	1003	1200	-1	197	3	92
27461	403	1003	1003	1197	0	194	2	92
27461	404	1003	1003	1197	0	194	2	92
27461	405	1003	1003	1197	0	194	2	92
27461	406	1003	1002	1198	1	196	2	92
27461	407	1003	1003	1197	0	194	2	92
27461	408	1000	1000	1196	0	196	2	92
27461	409	1001	1001	1197	0	196	2	92
27461	410	1003	1002	1197	1	195	3	92
27461	411	1003	1003	1197	0	194	2	92
27461	412	1003	1002	1196	1	194	2	92
27461	413	1003	1003	1197	0	194	2	92
27461	414	1003	1002	1198	1	196	2	92
27461	415	1003	1003	1199	0	196	2	92
27461	416	1003	1002	1196	1	194	2	92
27461	417	1004	1004	1199	0	195	3	92
27461	418	1002	1003	1197	-1	194	2	92
27461	419	1003	1003	1197	0	194	2	92
27461	420	1002	1003	1199	-1	196	2	92
27461	421	1003	1003	1197	0	194	2	92
27461	422	1001	1000	1196	1	196	2	92
27461	423	1000	1001	1195	-1	194	2	92
27461	424	1005	1003	1200	2	197	3	92
27461	425	1003	1003	1197	0	194	2	92
27461	426	1002	1003	1199	-1	196	2	92
27461	427	1002	1003	1199	-1	196	2	92
27461	428	1003	1002	1198	1	196	2	92
27461	429	1003	1003	1197	0	194	2	92
27461	430	1003	1002	1198	1	196	2	92
27461	431	1003	1002	1199	1	197	3	92
27461	432	1003	1003	1197	0	194	2	92
27461	433	1003	1003	1197	0	194	2	92
27461	434	1003	1003	1197	0	194	2	92
27461	435	1003	1003	1197	0	194	2	92
27461	436	1001	1001	1195	0	194	2	92
27461	437	999	1000	1196	-1	196	2	92
27461	438	1003	1002	1196	1	194	2	92
27461	439	1003	1002	1199	1	197	3	92
27461	440	1003	1002	1198	1	196	2	92
27461	441	1003	1003	1197	0	194	2	92
27461	442	1003	1002	1198	1	196	2	92
27461	443	1003	1003	1197	0	194	2	92
27461	444	1003	1002	1198	1	196	2	92
27461	445	1003	1003	1197	0	194	2	92
27461	446	1004	1004	1199	0	195	3	92
27461	447	1003	1003	1197	0	194	2	92
27461	448	1003	1003	1197	0	194	2	92
27461	449	1003	1003	1197	0	194	2	92
27461	450	1001	1000	1194	1	194	2	92
27461	451	1001	1000	1196	1	196	2	92
27461	452	1002	1003	1197	-1	194	2	92
27461	453	1005	1003	1200	2	197	3	92
27461	454	1003	1003	1199	0	196	2	92
27461	455	1002	1003	1197	-1	194	2	92
27461	456	1003	1003	1197	0	194	2	92
27461	457	1003	1003	1197	0	194	2	92
27461	458	1003	1003	1199	0	196	2	92
27461	459	1003	1002	1198	1	196	2	92
27461	460	1004	1004	1201	0	197	3	92
27461	461	1003	1002	1198	1	196	2	92
27461	462	1003	1003	1197	0	194	2	92
27461	463	1002	1003	1199	-1	196	2	92
27461	464	1001	1001	1195	0	194	2	92
27461	465	1000	999	1193	1	194	2	92
27461	466	1003	1003	1197	0	194	2	92
27461	467	1003	1002	1198	1	196	2	92
27461	468	1003	1002	1198	1	196	2	92
27461	469	1003	1003	1197	0	194	2	92
27461	470	1003	1003	1197	0	194	2	92
27461	471	1002	1003	1197	-1	194	2	92
27461	472	1002	1003	1197	-1	194	2	92
27461	473	1003	1002	1196	1	194	2	92
27461	474	1003	1002	1196	1	194	2	92
27461	475	1005	1004	1199	1	195	3	92
27461	476	1003	1003	1197	0	194	2	92
27461	477	1003	1002	1198	1	196	2	92
27461	478	1001	1002	1196	-1	194	2	92
27461	479	1000	999	1195	1	196	2	92
27461	480	1003	1003	1197	0	194	2	92
27461	481	1003	1003	1197	0	194	2	92
27461	482	1005	1003	1200	2	197	3	92
27461	483	1003	1003	1197	0	194	2	92
27461	484	1002	1003	1199	-1	196	2	92
27461	485	1003	1002	1198	1	196	2	92
27461	486	1003	1003	1199	0	196	2	92
27461	487	1003	1002	1198	1	196	2	92
27461	488	1003	1003	1197	0	194	2	92
27461	489	1004	1004	1201	0	197	3	92
27461	490	1003	1003	1197	0	194	2	92
27461	491	1003	1003	1197	0	194	2	92
27461	492	1001	1001	1197	0	196	2	92
27461	493	1000	1000	1196	0	196	2	92
27461	494	1003	1003	1197	0	194	2	92
27461	495	1002	1003	1199	-1	196	2	92
27461	496	1003	1003	1197	0	194	2	92
27461	497	1003	1003	1198	0	195	3	92
27461	498	1003	1002	1196	1	194	2	92
27461	499	1002	1003	1199	-1	196	2	92
27461	500	1003	1002	1198	1	196	2	92
27461	501	1003	1002	1196	1	194	2	92
27461	502	1003	1003	1197	0	194	2	92
27461	503	1003	1002	1198	1	196	2	92
27461	504	1005	1003	1200	2	197	3	92
27461	505	1003	1003	1197	0	194	2	92
27461	506	1002	1002	1197	0	195	2	92
27461	507	999	999	1193	0	194	2	92
27461	508	1002	1003	1199	-1	196	2	92
27461	509	1002	1003	1199	-1	196	2	92
27461	510	1002	1003	1198	-1	195	2	92
27461	511	1004	1004	1199	0	195	3	92
27461	512	1003	1002	1196	1	194	2	92
27461	513	1003	1003	1197	0	194	2	92
27461	514	1003	1003	1197	0	194	2	92
27461	515	1003	1003	1197	0	194	2	92
27461	516	1002	1003	1199	-1	196	2	92
27461	517	1002	1003	1199	-1	196	2	92
27461	518	1005	1004	1199	1	195	3	92
27461	519	1003	1003	1197	0	194	2	92
27461	520	1001	1001	1195	0	194	2	92
27461	521	999	1000	1196	-1	196	2	92
27461	522	1003	1002	1198	1	196	2	92
27461	523	1003	1002	1198	1	196	2	92
27461	524	1003	1003	1197	0	194	2	92
27461	525	1003	1003	1199	0	196	2	92
27461	526	1003	1003	1197	0	194	2	92
27461	527	1003	1002	1198	1	196	2	92
27461	528	1002	1003	1199	-1	196	2	92
27461	529	1002	1003	1199	-1	196	2	92
27461	530	1002	1003	1198	-1	195	2	92
27461	531	1003	1003	1197	0	194	2	92
27461	532	1003	1003	1197	0	194	2	92
27461	533	1005	1003	1200	2	197	3	92
27461	534	1002	1003	1198	-1	195	2	92
27461	535	1003	1003	1197	0	194	2	92
27461	536	999	998	1194	1	196	2	92
27461	537	1003	1002	1198	1	196	2	92
27461	538	1003	1002	1198	1	196	2	92
27461	539	1003	1003	1197	0	194	2	92
27461	540	1005	1003	1200	2	197	3	92
27461	541	1003	1003	1197	0	194	2	92
27461	542	1003	1003	1197	0	194	2	92
27461	543	1003	1003	1198	0	195	2	92
27461	544	1003	1002	1198	1	196	2	92
27461	545	1002	1003	1199	-1	196	2	92
27461	546	1002	1003	1199	-1	196	2	92
27461	547	1005	1004	1199	1	195	3	92
27461	548	1003	1003	1197	0	194	2	92
27461	549	1003	1003	1197	0	194	2	92
27461	550	1002	1003	1198	-1	195	2	92
27461	551	1002	1003	1196	-1	193	2	92
27461	552	999	999	1193	0	194	2	92
27461	553	1002	1003	1199	-1	196	2	92
27461	554	1003	1002	1196	1	194	2	92
27461	555	1002	1003	1197	-1	194	2	92
27461	556	1003	1002	1196	1	194	2	92
27461	557	1003	1002	1198	1	196	2	92
27461	558	1003	1002	1198	1	196	2	92
27461	559	1003	1003	1197	0	194	2	92
27461	560	1003	1002	1198	1	196	2	92
27461	561	1002	1003	1197	-1	194	2	92
27461	562	1004	1004	1199	0	195	3	92
27461	563	1002	1003	1199	-1	196	2	92
27461	564	1003	1002	1198	1	196	2	92
27461	565	1003	1003	1197	0	194	2	92
27461	566	1002	1003	1199	-1	196	2	92
27461	567	1001	1001	1197	0	196	2	92
27461	568	999	999	1195	0	196	2	92
27461	569	1005	1003	1200	2	197	3	92
27461	570	1003	1002	1196	1	194	2	92
27461	571	1003	1002	1198	1	196	2	92
27461	572	1002	1003	1199	-1	196	2	92
27461	573	1002	1003	1199	-1	196	2	92
27461	574	1003	1003	1197	0	194	2	92
27461	575	1003	1003	1197	0	194	2	92
27461	576	1005	1004	1199	1	195	3	92
27461	577	1002	1003	1197	-1	194	2	92
27461	578	1003	1003	1197	0	194	2	92
27461	579	1003	1002	1198	1	196	2	92
27461	580	1003	1003	1199	0	196	2	92
27461	581	1003	1003	1197	0	194	2	92
27461	582	1003	1003	1199	0	196	2	92
27461	583	1000	1000	1196	0	196	2	92
27461	584	1000	1000	1194	0	194	2	92
27461	585	1003	1002	1196	1	194	2	92
27461	586	1002	1003	1197	-1	194	2	92
27461	587	1003	1002	1198	1	196	2	92
27461	588	1003	1003	1197	0	194	2	92
27461	589	1003	1002	1198	1	196	2	92
27461	590	1003	1003	1197	0	194	2	92
27461	591	1004	1004	1201	0	197	3	92
27461	592	1002	1003	1199	-1	196	2	92
27461	593	1002	1003	1199	-1	196	2	92
27461	594	1002	1003	1197	-1	194	2	92
27461	595	1003	1003	1197	0	194	2	92
27461	596	1003	1002	1196	1	194	2	92
27461	597	1003	1003	1197	0	194	2	92
27461	598	1004	1004	1199	0	195	3	92
27461	599	999	1000	1196	-1	196	2	92
27461	600	1001	1000	1196	1	196	2	92
27461	601	1002	1003	1199	-1	196	2	92
27461	602	1003	1003	1197	0	194	2	92
27461	603	1002	1003	1199	-1	196	2	92
27461	604	1003	1003	1197	0	194	2	92
27461	605	1005	1003	1198	2	195	3	92
27461	606	1003	1002	1196	1	194	2	92
27461	607	1002	1003	1197	-1	194	2	92
27461	608	1003	1003	1197	0	194	2	92
27461	609	1003	1002	1198	1	196	2	92
27461	610	1002	1003	1197	-1	194	2	92
27461	611	1003	1002	1198	1	196	2	92
27461	612	1002	1003	1199	-1	196	2	92
27461	613	1003	1002	1198	1	196	2	92
27461	614	1003	1002	1198	1	196	2	92
27461	615	999	999	1193	0	194	2	92
27461	616	1003	1003	1197	0	194	2	92
27461	617	1003	1003	1197	0	194	2	92
27461	618	1003	1003	1197	0	194	2	92
27461	619	1002	1003	1199	-1	196	2	92
27461	620	1004	1004	1200	0	196	3	92
27461	621	1002	1003	1199	-1	196	2	92
27461	622	1003	1003	1197	0	194	2	92
27461	623	1002	1003	1199	-1	196	2	92
27461	624	1003	1002	1198	1	196	2	92
27461	625	1002	1003	1199	-1	196	2	92
27461	626	1003	1002	1198	1	196	2	92
27461	627	1005	1003	1198	2	195	3	92
27461	628	1003	1003	1197	0	194	2	92
27461	629	1003	1002	1198	1	196	2	92
27461	630	1002	1002	1198	0	196	2	92
27461	631	999	998	1194	1	196	2	92
27461	632	1003	1003	1197	0	194	2	92
27461	633	1002	1003	1199	-1	196	2	92
27461	634	1004	1004	1201	0	197	3	92
27461	635	1002	1003	1199	-1	196	2	92
27461	636	1002	1003	1199	-1	196	2	92
27461	637	1003	1003	1197	0	194	2	92
27461	638	1003	1003	1199	0	196	2	92
27461	639	1003	1003	1197	0	194	2	92
27461	640	1003	1003	1197	0	194	2	92
27461	641	1003	1002	1198	1	196	2	92
27461	642	1003	1002	1198	1	196	2	92
27461	643	1002	1003	1199	-1	196	2	92
27461	644	1003	1003	1197	0	194	2	92
27461	645	1003	1003	1197	0	194	2	92
27461	646	1000	1000	1194	0	194	2	92
27461	647	1000	1001	1195	-1	194	2	92
27461	648	1003	1002	1198	1	196	2	92
27461	649	1005	1003	1200	2	197	3	92
27461	650	1002	1003	1199	-1	196	2	92
27461	651	1003	1002	1198	1	196	2	92
27461	652	1003	1003	1199	0	196	2	92
27461	653	1003	1002	1198	1	196	2	92
27461	654	1003	1003	1199	0	196	2	92
27461	655	1002	1003	1199	-1	196	2	92
27461	656	1005	1004	1199	1	195	3	92
27461	657	1003	1002	1198	1	196	2	92
27461	658	1003	1002	1198	1	196	2	92
27461	659	1003	1002	1196	1	194	2	92
27461	660	1002	1003	1199	-1	196	2	92
27461	661	1003	1003	1197	0	194	2	92
27461	662	999	999	1195	0	196	2	92
27461	663	1004	1003	1198	1	195	3	92
27461	664	1003	1002	1198	1	196	2	92
27461	665	1003	1003	1197	0	194	2	92
27461	666	1003	1002	1198	1	196	2	92
27461	667	1003	1003	1197	0	194	2	92
27461	668	1003	1003	1197	0	194	2	92
27461	669	1003	1003	1197	0	194	2	92
27461	670	1003	1003	1199	0	196	2	92
27461	671	1002	1003	1199	-1	196	2	92
27461	672	1002	1003	1199	-1	196	2	92
27461	673	1003	1003	1199	0	196	2	92
27461	674	1003	1003	1197	0	194	2	92
27461	675	1002	1003	1199	-1	196	2	92
27461	676	1003	1003	1197	0	194	2	92
27461	677	1002	1003	1197	-1	194	2	92
27461	678	1000	1000	1197	0	197	3	92
27461	679	1003	1002	1198	1	196	2	92
27461	680	1003	1003	1197	0	194	2	92
27461	681	1003	1002	1198	1	196	2	92
27461	682	1003	1002	1198	1	196	2	92
27461	683	1003	1002	1198	1	196	2	92
27461	684	1003	1003	1197	0	194	2	92
27461	685	1004	1004	1199	0	195	3	92
27461	686	1002	1003	1199	-1	196	2	92
27461	687	1003	1002	1196	1	194	2	92
27461	688	1003	1003	1197	0	194	2	92
27461	689	1003	1002	1196	1	194	2	92
27461	690	1003	1003	1197	0	194	2	92
27461	691	1003	1002	1196	1	194	2	92
27461	692	1005	1004	1199	1	195	3	92
27461	693	1002	1001	1197	1	196	2	92
27461	694	999	999	1195	0	196	2	92
27461	695	1002	1003	1199	-1	196	2	92
27461	696	1003	1003	1199	0	196	2	92
27461	697	1003	1003	1197	0	194	2	92
27461	698	1002	1003	1199	-1	196	2	92
27461	699	1003	1002	1198	1	196	2	92
27461	700	1004	1004	1199	0	195	3	92
27461	701	1002	1003	1199	-1	196	2	92
27461	702	1003	1003	1197	0	194	2	92
27461	703	1003	1002	1196	1	194	2	92
27461	704	1002	1003	1197	-1	194	2	92
27461	705	1002	1003	1198	-1	195	2	92
27461	706	1003	1003	1199	0	196	2	92
27461	707	1005	1003	1200	2	197	3	92
27461	708	1003	1002	1196	1	194	2	92
27461	709	1000	1000	1196	0	196	2	92
27461	710	1000	1000	1196	0	196	2	92
27461	711	1003	1002	1198	1	196	2	92
27461	712	1002	1003	1199	-1	196	2	92
27461	713	1003	1002	1198	1	196	2	92
27461	714	1005	1004	1199	1	195	3	92
27461	715	1003	1002	1198	1	196	2	92
27461	716	1002	1003	1197	-1	194	2	92
27461	717	1003	1002	1198	1	196	2	92
27461	718	1003	1002	1198	1	196	2	92
27461	719	1003	1002	1198	1	196	2	92
27461	720	1003	1002	1198	1	196	2	92
27461	721	1005	1004	1201	1	197	3	92
27461	722	1003	1003	1199	0	196	2	92
27461	723	1003	1003	1197	0	194	2	92
27461	724	1003	1003	1197	0	194	2	92
27461	725	999	999	1195	0	196	2	92
27461	726	1002	1002	1198	0	196	2	92
27461	727	1002	1003	1197	-1	194	2	92
27461	728	1003	1002	1198	1	196	2	92
27461	729	1002	1003	1198	-1	195	3	92
27461	730	1002	1003	1197	-1	194	2	92
27461	731	1002	1003	1197	-1	194	2	92
27461	732	1003	1002	1198	1	196	2	92
27461	733	1003	1002	1198	1	196	2	92
27461	734	1003	1002	1196	1	194	2	92
27461	735	1003	1002	1198	1	196	2	92
27461	736	1005	1003	1198	2	195	3	92
27461	737	1003	1003	1197	0	194	2	92
27461	738	1003	1003	1197	0	194	2	92
27461	739	1003	1002	1198	1	196	2	92
27461	740	1001	1001	1197	0	196	2	92
27461	741	999	999	1193	0	194	2	92
27461	742	1003	1002	1198	1	196	2	92
27461	743	1005	1004	1199	1	195	3	92
27461	744	1003	1002	1198	1	196	2	92
27461	745	1003	1002	1198	1	196	2	92
27461	746	1003	1002	1198	1	196	2	92
27461	747	1002	1003	1199	-1	196	2	92
27461	748	1003	1003	1197	0	194	2	92
27461	749	1002	1003	1197	-1	194	2	92
27461	750	1003	1003	1197	0	194	2	92
27461	751	1003	1002	1198	1	196	2	92
27461	752	1002	1003	1197	-1	194	2	92
27461	753	1003	1003	1199	0	196	2	92
27461	754	1003	1003	1197	0	194	2	92
27461	755	1003	1003	1197	0	194	2	92
27461	756	1000	999	1195	1	196	2	92
27461	757	1001	1000	1196	1	196	2	92
27461	758	1004	1004	1199	0	195	3	92
27461	759	1003	1002	1198	1	196	2	92
27461	760	1003	1002	1196	1	194	2	92
27461	761	1003	1002	1198	1	196	2	92
27461	762	1003	1002	1198	1	196	2	92
27461	763	1003	1003	1197	0	194	2	92
27461	764	1003	1003	1197	0	194	2	92
27461	765	1005	1004	1199	1	195	3	92
27461	766	1003	1003	1197	0	194	2	92
27461	767	1003	1003	1197	0	194	2	92
27461	768	1002	1003	1199	-1	196	2	92
27461	769	1003	1003	1197	0	194	2	92
27461	770	1003	1002	1198	1	196	2	92
27461	771	1003	1003	1199	0	196	2	92
27461	772	1001	999	1196	2	197	3	92
27461	773	1003	1002	1198	1	196	2	92
27461	774	1002	1003	1197	-1	194	2	92
27461	775	1002	1003	1197	-1	194	2	92
27461	776	1003	1002	1198	1	196	2	92
27461	777	1003	1002	1196	1	194	2	92
27461	778	1003	1002	1198	1	196	2	92
27461	779	1002	1003	1199	-1	196	2	92
27461	780	1002	1003	1199	-1	196	2	92
27461	781	1002	1003	1197	-1	194	2	92
27461	782	1002	1003	1199	-1	196	2	92
27461	783	1002	1003	1199	-1	196	2	92
27461	784	1003	1002	1198	1	196	2	92
27461	785	1003	1003	1197	0	194	2	92
27461	786	1003	1003	1197	0	194	2	92
27461	787	1003	1002	1197	1	195	3	92
27461	788	1000	999	1195	1	196	2	92
27461	789	1003	1002	1198	1	196	2	92
27461	790	1003	1003	1197	0	194	2	92
27461	791	1002	1003	1199	-1	196	2	92
27461	792	1002	1003	1197	-1	194	2	92
27461	793	1002	1003	1197	-1	194	2	92
27461	794	1005	1003	1200	2	197	3	92
27461	795	1002	1003	1199	-1	196	2	92
27461	796	1003	1003	1197	0	194	2	92
27461	797	1002	1003	1197	-1	194	2	92
27461	798	1003	1003	1199	0	196	2	92
27461	799	1003	1002	1196	1	194	2	92
27461	800	1003	1003	1197	0	194	2	92
27461	801	1005	1004	1199	1	195	3	92
27461	802	1003	1003	1197	0	194	2	92
27461	803	998	999	1195	-1	196	2	92
27461	804	1002	1002	1198	0	196	2	92
27461	805	1003	1003	1197	0	194	2	92
27461	806	1002	1003	1199	-1	196	2	92
27461	807	1002	1003	1198	-1	195	2	92
27461	808	1005	1004	1199	1	195	3	92
27461	809	1002	1003	1197	-1	194	2	92
27461	810	1003	1002	1198	1	196	2	92
27461	811	1002	1003	1199	-1	196	2	92
27461	812	1003	1003	1197	0	194	2	92
27461	813	1003	1003	1199	0	196	2	92
27461	814	1003	1003	1197	0	194	2	92
27461	815	1003	1003	1197	0	194	2	92
27461	816	1003	1003	1197	0	194	2	92
27461	817	1002	1003	1197	-1	194	2	92
27461	818	1000	1000	1196	0	196	2	92
27461	819	1001	1000	1196	1	196	2	92
27461	820	1003	1003	1197	0	194	2	92
27461	821	1003	1002	1196	1	194	2	92
27461	822	1002	1003	1197	-1	194	2	92
27461	823	1004	1004	1199	0	195	3	92
27461	824	1002	1003	1197	-1	194	2	92
27461	825	1002	1003	1197	-1	194	2	92
27461	826	1003	1003	1197	0	194	2	92
27461	827	1003	1003	1197	0	194	2	92
27461	828	1003	1002	1196	1	194	2	92
27461	829	1003	1003	1197	0	194	2	92
27461	830	1005	1004	1199	1	195	3	92
27461	831	1002	1003	1199	-1	196	2	92
27461	832	1003	1002	1198	1	196	2	92
27461	833	1002	1003	1197	-1	194	2	92
27461	834	998	999	1195	-1	196	2	92
27461	835	1002	1002	1198	0	196	2	92
27461	836	1003	1003	1197	0	194	2	92
27461	837	1002	1003	1202	-1	199	3	92
27461	838	1003	1002	1198	1	196	2	92
27461	839	1003	1002	1198	1	196	2	92
27461	840	1002	1003	1197	-1	194	2	92
27461	841	1002	1003	1199	-1	196	2	92
27461	842	1003	1002	1198	1	196	2	92
27461	843	1003	1003	1199	0	196	2	92
27461	844	1003	1003	1197	0	194	2	92
27461	845	1005	1004	1199	1	195	3	92
27461	846	1002	1003	1199	-1	196	2	92
27461	847	1002	1003	1199	-1	196	2	92
27461	848	1003	1002	1198	1	196	2	92
27461	849	1001	1002	1196	-1	194	2	92
27461	850	999	998	1194	1	196	2	92
27461	851	1003	1002	1198	1	196	2	92
27461	852	1005	1004	1199	1	195	3	92
27461	853	1002	1003	1199	-1	196	2	92
27461	854	1003	1002	1196	1	194	2	92
27461	855	1002	1003	1197	-1	194	2	92
27461	856	1003	1003	1197	0	194	2	92
27461	857	1003	1003	1197	0	194	2	92
27461	858	1002	1003	1199	-1	196	2	92
27461	859	1004	1004	1201	0	197	3	92
27461	860	1003	1002	1198	1	196	2	92
27461	861	1002	1003	1199	-1	196	2	92
27461	862	1003	1003	1197	0	194	2	92
27461	863	1003	1003	1197	0	194	2	92
27461	864	1003	1002	1198	1	196	2	92
27461	865	999	998	1194	1	196	2	92
27461	866	1001	1002	1194	-1	192	2	92
27461	867	1003	1003	1197	0	194	2	92
27461	868	1003	1003	1197	0	194	2	92
27461	869	1003	1003	1197	0	194	2	92
27461	870	1003	1002	1198	1	196	2	92
27461	871	1003	1003	1198	0	195	2	92
27461	872	1003	1003	1197	0	194	2	92
27461	873	1003	1003	1197	0	194	2	92
27461	874	1005	1004	1199	1	195	3	92
27461	875	1003	1002	1196	1	194	2	92
27461	876	1003	1003	1197	0	194	2	92
27461	877	1003	1002	1198	1	196	2	92
27461	878	1003	1002	1196	1	194	2	92
27461	879	1002	1003	1197	-1	194	2	92
27461	880	1003	1003	1197	0	194	2	92
27461	881	1000	999	1194	1	195	3	92
27461	882	1003	1003	1197	0	194	2	92
27461	883	1003	1003	1197	0	194	2	92
27461	884	1002	1003	1199	-1	196	2	92
27461	885	1003	1002	1196	1	194	2	92
27461	886	1003	1003	1197	0	194	2	92
27461	887	1003	1003	1199	0	196	2	92
27461	888	1005	1004	1201	1	197	3	92
27461	889	1003	1003	1197	0	194	2	92
27461	890	1003	1003	1197	0	194	2	92
27461	891	1002	1003	1197	-1	194	2	92
27461	892	1003	1002	1196	1	194	2	92
27461	893	1003	1002	1196	1	194	2	92
27461	894	1003	1003	1197	0	194	2	92
27461	895	1003	1002	1196	1	194	2	92
27461	896	1000	999	1195	1	196	2	92
27461	897	1000	1001	1197	-1	196	2	92
27461	898	1003	1002	1198	1	196	2	92
27461	899	1003	1002	1198	1	196	2	92
27461	900	1003	1002	1198	1	196	2	92
27461	901	1003	1002	1196	1	194	2	92
27461	902	1003	1002	1196	1	194	2	92
27461	903	1005	1003	1200	2	197	3	92
27461	904	1002	1003	1199	-1	196	2	92
27461	905	1003	1002	1198	1	196	2	92
27461	906	1003	1002	1198	1	196	2	92
27461	907	1003	1003	1197	0	194	2	92
27461	908	1002	1003	1197	-1	194	2	92
27461	909	1003	1002	1198	1	196	2	92
27461	910	1005	1003	1198	2	195	3	92
27461	911	1003	1002	1198	1	196	2	92
27461	912	999	999	1193	0	194	2	92
27461	913	1003	1003	1199	0	196	2	92
27461	914	1003	1003	1197	0	194	2	92
27461	915	1003	1002	1198	1	196	2	92
27461	916	1003	1003	1197	0	194	2	92
27461	917	1005	1003	1200	2	197	3	92
27461	918	1003	1003	1197	0	194	2	92
27461	919	1002	1003	1199	-1	196	2	92
27461	920	1003	1002	1196	1	194	2	92
27461	921	1002	1003	1197	-1	194	2	92
27461	922	1002	1003	1199	-1	196	2	92
27461	923	1003	1003	1197	0	194	2	92
27461	924	1003	1003	1197	0	194	2	92
27461	925	1003	1003	1197	0	194	2	92
27461	926	1003	1003	1197	0	194	2	92
27461	927	1000	999	1195	1	196	2	92
27461	928	1000	1001	1197	-1	196	2	92
27461	929	1002	1003	1197	-1	194	2	92
27461	930	1002	1003	1199	-1	196	2	92
27461	931	1003	1002	1198	1	196	2	92
27461	932	1004	1004	1200	0	196	3	92
27461	933	1003	1003	1199	0	196	2	92
27461	934	1002	1003	1197	-1	194	2	92
27461	935	1003	1003	1197	0	194	2	92
27461	936	1002	1003	1199	-1	196	2	92
27461	937	1002	1003	1197	-1	194	2	92
27461	938	1002	1003	1197	-1	194	2	92
27461	939	1004	1004	1201	0	197	3	92
27461	940	1002	1003	1199	-1	196	2	92
27461	941	1003	1003	1197	0	194	2	92
27461	942	1001	1001	1195	0	194	2	92
27461	943	999	999	1195	0	196	2	92
27461	944	1002	1003	1197	-1	194	2	92
27461	945	1002	1003	1197	-1	194	2	92
27461	946	1004	1004	1201	0	197	3	92
27461	947	1003	1003	1197	0	194	2	92
27461	948	1003	1002	1198	1	196	2	92
27461	949	1003	1002	1198	1	196	2	92
27461	950	1003	1003	1197	0	194	2	92
27461	951	1003	1003	1197	0	194	2	92
27461	952	1003	1002	1198	1	196	2	92
27461	953	1002	1003	1199	-1	196	2	92
27461	954	1003	1002	1198	1	196	2	92
27461	955	1002	1003	1197	-1	194	2	92
27461	956	1002	1003	1199	-1	196	2	92
27461	957	1003	1002	1198	1	196	2	92
27461	958	998	999	1193	-1	194	2	92
27461	959	1002	1002	1198	0	196	2	92
27461	960	1002	1003	1199	-1	196	2	92
27461	961	1005	1003	1200	2	197	3	92
27461	962	1003	1003	1197	0	194	2	92
27461	963	1003	1003	1197	0	194	2	92
27461	964	1003	1003	1197	0	194	2	92
27461	965	1003	1003	1197	0	194	2	92
27461	966	1002	1003	1199	-1	196	2	92
27461	967	1002	1003	1199	-1	196	2	92
27461	968	1004	1004	1201	0	197	3	92
27461	969	1002	1003	1199	-1	196	2	92
27461	970	1003	1002	1198	1	196	2	92
27461	971	1002	1003	1197	-1	194	2	92
27461	972	1002	1003	1197	-1	194	2	92
27461	973	1000	1001	1197	-1	196	2	92
27461	974	1000	999	1195	1	196	2	92
27461	975	1005	1004	1199	1	195	3	92
27461	976	1002	1003	1199	-1	196	2	92
27461	977	1002	1003	1199	-1	196	2	92
27461	978	1003	1003	1197	0	194	2	92
27461	979	1003	1003	1197	0	194	2	92
27461	980	1003	1002	1198	1	196	2	92
27461	981	1003	1002	1198	1	196	2	92
27461	982	1002	1003	1201	-1	198	2	92
27461	983	1002	1003	1199	-1	196	2	92
27461	984	1002	1003	1198	-1	195	2	92
27461	985	1003	1002	1198	1	196	2	92
27461	986	1003	1003	1197	0	194	2	92
27461	987	1003	1002	1198	1	196	2	92
27461	988	1003	1003	1197	0	194	2	92
27461	989	999	998	1192	1	194	2	92
27461	990	1005	1004	1199	1	195	3	92
27461	991	1003	1003	1199	0	196	2	92
27461	992	1003	1003	1197	0	194	2	92
27461	993	1003	1002	1196	1	194	2	92
27461	994	1003	1002	1198	1	196	2	92
27461	995	1002	1003	1197	-1	194	2	92
27461	996	1002	1003	1197	-1	194	2	92
27461	997	1005	1004	1199	1	195	3	92
27461	998	1003	1002	1196	1	194	2	92
27461	999	1002	1003	1197	-1	194	2	92
27461	1000	1002	1003	1199	-1	196	2	92
