ALGRUNID	ITERNUM	INC_PT	KSD0_PT	KSD1_PT	MR1_PT	RHS_PT	TOT_PT
27441	1	80168	4	4	1	0	9
27441	2	80170	4	4	0	0	8
27441	3	80168	4	4	3	0	11
27441	4	80169	4	4	0	0	8
27441	5	80166	4	5	2	0	11
27441	6	80170	5	4	1	0	10
27441	7	80170	4	4	0	0	8
27441	8	80168	4	4	2	0	10
27441	9	80173	4	4	1	0	9
27441	10	80171	4	4	2	0	10
27441	11	80170	4	4	0	0	8
27441	12	80169	4	4	1	0	9
27441	13	80168	4	4	1	0	9
27441	14	80169	4	4	1	0	9
27441	15	80168	4	4	1	0	9
27441	16	80168	4	4	1	0	9
27441	17	80169	4	4	1	0	9
27441	18	80169	4	4	1	0	9
27441	19	80169	4	4	0	0	8
27441	20	80168	4	4	1	0	9
27441	21	80167	4	4	2	0	10
27441	22	80170	4	4	0	0	8
27441	23	80168	4	4	2	0	10
27441	24	80175	4	5	1	0	10
27441	25	80171	4	4	2	0	10
27441	26	80168	4	4	1	0	9
27441	27	80168	4	4	2	0	10
27441	28	80168	4	4	2	0	10
27441	29	80169	4	4	1	0	9
27441	30	80169	4	4	0	0	8
27441	31	80169	4	4	0	0	8
27441	32	80168	4	4	1	0	9
27441	33	80169	4	4	0	0	8
27441	34	80170	4	4	0	0	8
27441	35	80170	4	4	0	0	8
27441	36	80168	4	4	1	0	9
27441	37	80167	4	4	2	0	10
27441	38	80168	4	4	2	0	10
27441	39	80170	4	4	1	0	9
27441	40	80169	4	4	1	0	9
27441	41	80172	4	4	1	0	9
27441	42	80175	5	4	0	0	9
27441	43	80169	4	4	1	0	9
27441	44	80168	4	4	2	0	10
27441	45	80167	4	4	1	0	9
27441	46	80168	4	4	1	0	9
27441	47	80170	4	4	1	0	9
27441	48	80169	4	4	2	0	10
27441	49	80166	4	5	3	0	12
27441	50	80168	4	4	1	0	9
27441	51	80168	4	4	1	0	9
27441	52	80169	4	4	0	0	8
27441	53	80168	4	4	1	0	9
27441	54	80170	4	4	1	0	9
27441	55	80170	4	4	1	0	9
27441	56	80169	4	4	1	0	9
27441	57	80169	4	4	1	0	9
27441	58	80169	4	4	1	0	9
27441	59	80167	4	4	2	0	10
27441	60	80173	4	5	0	114	123
27441	61	80169	4	4	1	0	9
27441	62	80168	4	4	1	0	9
27441	63	80169	4	4	1	0	9
27441	64	80168	4	4	1	0	9
27441	65	80170	4	4	0	0	8
27441	66	80169	4	4	0	0	8
27441	67	80168	4	4	2	0	10
27441	68	80170	4	4	0	0	8
27441	69	80169	4	4	1	0	9
27441	70	80168	4	4	2	0	10
27441	71	80169	4	4	2	0	10
27441	72	80170	4	4	0	0	8
27441	73	80169	4	4	2	0	10
27441	74	80170	4	4	1	0	9
27441	75	80169	4	4	1	0	9
27441	76	80166	4	4	1	0	9
27441	77	80169	4	4	1	0	9
27441	78	80169	4	4	1	0	9
27441	79	80166	4	4	3	0	11
27441	80	80169	4	4	0	0	8
27441	81	80169	4	4	0	0	8
27441	82	80169	4	4	0	0	8
27441	83	80169	4	4	1	0	9
27441	84	80172	4	4	2	0	10
27441	85	80170	4	4	0	0	8
27441	86	80170	4	4	1	0	9
27441	87	80170	4	4	0	0	8
27441	88	80169	4	4	2	0	10
27441	89	80170	4	4	0	0	8
27441	90	80169	4	4	1	0	9
27441	91	80169	4	4	1	0	9
27441	92	80169	4	4	1	0	9
27441	93	80169	4	4	0	0	8
27441	94	80168	4	4	2	0	10
27441	95	80169	4	4	1	0	9
27441	96	80170	4	4	0	0	8
27441	97	80170	4	4	0	0	8
27441	98	80171	4	4	1	0	9
27441	99	80170	4	4	1	0	9
27441	100	80169	4	4	1	0	9
27441	101	80169	4	4	0	0	8
27441	102	80168	4	4	1	0	9
27441	103	80169	4	4	1	0	9
27441	104	80170	4	4	0	0	8
27441	105	80170	4	4	1	0	9
27441	106	80169	4	4	1	0	9
27441	107	80169	4	4	0	0	8
27441	108	80170	4	4	1	0	9
27441	109	80169	4	4	1	0	9
27441	110	80170	4	4	0	0	8
27441	111	80167	4	4	2	0	10
27441	112	80169	4	4	1	0	9
27441	113	80168	4	4	1	0	9
27441	114	80169	4	4	1	0	9
27441	115	80169	4	4	0	0	8
27441	116	80169	4	4	1	0	9
27441	117	80169	4	4	1	0	9
27441	118	80169	4	4	1	0	9
27441	119	80169	4	4	1	0	9
27441	120	80169	4	4	1	0	9
27441	121	80168	4	4	2	0	10
27441	122	80168	4	4	1	0	9
27441	123	80167	4	4	2	0	10
27441	124	80170	4	4	1	0	9
27441	125	80169	4	4	0	0	8
27441	126	80170	4	5	0	0	9
27441	127	80169	4	4	1	0	9
27441	128	80169	4	4	1	0	9
27441	129	80173	4	4	0	0	8
27441	130	80169	5	4	1	0	10
27441	131	80171	4	5	1	0	10
27441	132	80170	4	4	1	0	9
27441	133	80168	4	4	1	0	9
27441	134	80171	4	4	1	0	9
27441	135	80171	4	4	2	0	10
27441	136	80171	4	4	2	0	10
27441	137	80169	4	4	2	0	10
27441	138	80170	4	4	0	0	8
27441	139	80168	4	4	1	0	9
27441	140	80170	4	4	1	0	9
27441	141	80169	4	4	1	0	9
27441	142	80169	4	4	1	0	9
27441	143	80169	4	4	1	0	9
27441	144	80170	4	4	0	0	8
27441	145	80168	4	4	1	0	9
27441	146	80169	4	4	1	0	9
27441	147	80168	4	4	1	0	9
27441	148	80168	4	4	2	0	10
27441	149	80167	5	4	3	0	12
27441	150	80169	4	4	1	0	9
27441	151	80168	4	4	2	0	10
27441	152	80170	4	4	0	0	8
27441	153	80168	4	4	0	0	8
27441	154	80168	4	4	2	0	10
27441	155	80166	4	4	2	0	10
27441	156	80168	4	4	1	0	9
27441	157	80167	4	5	1	0	10
27441	158	80172	4	4	0	0	8
27441	159	80177	4	4	0	0	8
27441	160	80169	4	4	1	0	9
27441	161	80169	4	4	0	0	8
27441	162	80167	4	4	2	0	10
27441	163	80167	4	4	2	0	10
27441	164	80169	4	4	0	0	8
27441	165	80169	4	4	0	0	8
27441	166	80169	4	4	0	0	8
27441	167	80168	4	5	1	0	10
27441	168	80169	4	4	0	0	8
27441	169	80167	4	4	2	0	10
27441	170	80169	4	4	1	0	9
27441	171	80168	4	4	2	0	10
27441	172	80170	4	4	1	0	9
27441	173	80177	4	4	0	0	8
27441	174	80168	4	4	3	0	11
27441	175	80171	4	4	1	0	9
27441	176	80167	4	4	1	0	9
27441	177	80169	4	4	0	0	8
27441	178	80167	4	4	2	0	10
27441	179	80169	4	4	0	0	8
27441	180	80169	4	4	0	0	8
27441	181	80167	4	4	2	0	10
27441	182	80168	4	4	1	0	9
27441	183	80167	4	4	2	0	10
27441	184	80167	4	4	1	0	9
27441	185	80170	4	4	0	0	8
27441	186	80168	4	4	2	0	10
27441	187	80171	4	4	0	0	8
27441	188	80173	4	4	1	0	9
27441	189	80169	4	4	0	0	8
27441	190	80168	4	4	1	0	9
27441	191	80168	4	4	1	0	9
27441	192	80168	4	4	1	0	9
27441	193	80169	4	4	0	0	8
27441	194	80165	4	4	3	0	11
27441	195	80171	4	4	2	0	10
27441	196	80170	4	4	2	0	10
27441	197	80168	4	4	1	0	9
27441	198	80164	4	4	4	0	12
27441	199	80167	4	4	1	0	9
27441	200	80168	4	4	0	0	8
27441	201	80167	4	4	1	0	9
27441	202	80167	4	4	2	0	10
27441	203	80174	4	4	2	0	10
27441	204	80167	4	4	1	0	9
27441	205	80167	4	4	1	0	9
27441	206	80167	4	4	1	0	9
27441	207	80167	4	4	1	0	9
27441	208	80166	4	4	2	0	10
27441	209	80166	4	4	2	0	10
27441	210	80174	4	4	1	0	9
27441	211	80167	4	4	1	0	9
27441	212	80167	4	4	2	0	10
27441	213	80167	4	4	1	0	9
27441	214	80168	4	4	1	0	9
27441	215	80167	4	4	2	0	10
27441	216	80167	4	4	0	0	8
27441	217	80174	4	4	1	0	9
27441	218	80172	4	4	1	0	9
27441	219	80168	4	4	1	0	9
27441	220	80169	5	4	1	0	10
27441	221	80168	4	4	1	0	9
27441	222	80169	4	4	0	0	8
27441	223	80167	4	4	2	0	10
27441	224	80175	4	4	1	0	9
27441	225	80168	4	4	1	0	9
27441	226	80166	4	4	3	0	11
27441	227	80167	4	4	0	0	8
27441	228	80167	4	4	1	0	9
27441	229	80168	4	4	1	0	9
27441	230	80169	4	4	0	0	8
27441	231	80172	4	4	0	0	8
27441	232	80172	4	4	0	0	8
27441	233	80168	4	4	0	0	8
27441	234	80167	4	4	0	0	8
27441	235	80168	4	4	1	0	9
27441	236	80170	4	4	0	0	8
27441	237	80168	4	4	1	0	9
27441	238	80169	4	4	0	0	8
27441	239	80171	4	4	3	114	125
27441	240	80173	4	4	2	0	10
27441	241	80169	4	4	1	0	9
27441	242	80169	4	4	0	0	8
27441	243	80169	4	4	1	0	9
27441	244	80168	4	4	1	0	9
27441	245	80167	4	4	2	0	10
27441	246	80167	4	4	2	0	10
27441	247	80167	4	4	1	0	9
27441	248	80168	4	4	1	0	9
27441	249	80174	4	4	1	0	9
27441	250	80170	4	4	2	0	10
27441	251	80169	4	4	0	0	8
27441	252	80167	4	4	2	0	10
27441	253	80168	4	4	1	0	9
27441	254	80168	4	4	2	0	10
27441	255	80168	5	4	1	0	10
27441	256	80169	4	4	0	0	8
27441	257	80166	4	4	3	0	11
27441	258	80170	4	4	0	0	8
27441	259	80168	4	4	1	0	9
27441	260	80173	4	4	1	0	9
27441	261	80171	4	4	1	0	9
27441	262	80167	4	4	2	0	10
27441	263	80171	4	4	2	0	10
27441	264	80169	4	4	1	0	9
27441	265	80169	4	4	1	0	9
27441	266	80166	4	4	3	0	11
27441	267	80167	4	4	3	0	11
27441	268	80169	4	4	0	0	8
27441	269	80167	4	4	1	0	9
27441	270	80169	4	4	1	0	9
27441	271	80168	4	4	1	0	9
27441	272	80167	4	5	2	0	11
27441	273	80169	4	4	1	0	9
27441	274	80169	4	4	1	0	9
27441	275	80171	4	4	0	0	8
27441	276	80174	4	4	0	0	8
27441	277	80173	4	4	0	0	8
27441	278	80170	4	4	2	0	10
27441	279	80169	4	4	1	0	9
27441	280	80169	4	5	0	0	9
27441	281	80168	4	4	1	0	9
27441	282	80168	4	4	1	0	9
27441	283	80170	4	4	1	0	9
27441	284	80169	4	4	1	0	9
27441	285	80169	4	4	1	0	9
27441	286	80168	4	4	2	0	10
27441	287	80169	4	4	1	0	9
27441	288	80169	4	4	1	0	9
27441	289	80169	4	4	0	0	8
27441	290	80169	4	4	1	0	9
27441	291	80170	4	4	0	0	8
27441	292	80167	4	4	2	0	10
27441	293	80169	4	4	1	0	9
27441	294	80169	4	4	1	0	9
27441	295	80168	4	4	2	0	10
27441	296	80169	4	4	0	0	8
27441	297	80168	4	4	2	0	10
27441	298	80168	4	4	2	0	10
27441	299	80169	4	4	1	0	9
27441	300	80171	4	4	0	0	8
27441	301	80168	4	4	1	0	9
27441	302	80169	4	4	1	0	9
27441	303	80170	4	4	0	0	8
27441	304	80169	4	4	1	0	9
27441	305	80170	4	4	0	0	8
27441	306	80168	4	4	2	0	10
27441	307	80171	4	5	1	0	10
27441	308	80171	4	4	1	0	9
27441	309	80170	4	4	1	0	9
27441	310	80169	4	4	1	0	9
27441	311	80170	4	4	0	0	8
27441	312	80169	4	4	1	0	9
27441	313	80170	4	4	1	0	9
27441	314	80169	4	4	1	0	9
27441	315	80168	4	4	2	0	10
27441	316	80170	4	4	0	0	8
27441	317	80168	4	4	2	0	10
27441	318	80165	4	4	0	0	8
27441	319	80169	4	4	1	0	9
27441	320	80169	4	4	1	0	9
27441	321	80169	4	4	1	0	9
27441	322	80170	4	4	0	0	8
27441	323	80170	4	4	0	0	8
27441	324	80166	4	4	3	0	11
27441	325	80171	4	4	1	0	9
27441	326	80170	4	4	1	0	9
27441	327	80169	4	4	1	0	9
27441	328	80170	4	4	0	0	8
27441	329	80171	4	4	0	0	8
27441	330	80170	4	4	0	0	8
27441	331	80166	4	4	0	0	8
27441	332	80169	4	4	1	0	9
27441	333	80170	4	4	0	0	8
27441	334	80166	4	4	3	0	11
27441	335	80169	4	4	2	0	10
27441	336	80170	4	4	0	0	8
27441	337	80169	4	4	2	0	10
27441	338	80170	4	4	0	0	8
27441	339	80170	4	4	0	0	8
27441	340	80169	4	4	0	0	8
27441	341	80170	4	4	0	0	8
27441	342	80168	4	4	2	0	10
27441	343	80168	4	4	2	0	10
27441	344	80166	4	4	0	0	8
27441	345	80166	4	4	2	0	10
27441	346	80169	4	4	4	0	12
27441	347	80169	4	4	0	0	8
27441	348	80169	4	4	1	0	9
27441	349	80169	4	4	1	0	9
27441	350	80170	4	4	0	0	8
27441	351	80169	4	4	1	0	9
27441	352	80172	4	4	2	0	10
27441	353	80169	4	4	1	0	9
27441	354	80168	4	4	2	0	10
27441	355	80167	4	4	3	0	11
27441	356	80168	4	4	2	0	10
27441	357	80166	4	4	1	0	9
27441	358	80166	4	4	3	0	11
27441	359	80170	4	4	0	0	8
27441	360	80167	4	4	2	0	10
27441	361	80169	4	4	1	0	9
27441	362	80169	4	4	1	0	9
27441	363	80169	4	4	1	0	9
27441	364	80167	4	4	3	0	11
27441	365	80169	4	4	1	0	9
27441	366	80171	4	4	0	0	8
27441	367	80169	4	4	1	0	9
27441	368	80169	4	4	2	0	10
27441	369	80170	4	4	0	0	8
27441	370	80169	4	4	1	0	9
27441	371	80168	4	4	1	0	9
27441	372	80169	4	4	1	0	9
27441	373	80168	4	4	1	0	9
27441	374	80166	4	4	2	0	10
27441	375	80169	4	4	0	0	8
27441	376	80170	4	4	0	0	8
27441	377	80168	4	4	2	0	10
27441	378	80169	4	5	1	0	10
27441	379	80168	4	4	2	0	10
27441	380	80169	4	4	1	0	9
27441	381	80169	4	4	1	0	9
27441	382	80169	4	4	2	0	10
27441	383	80168	4	4	0	0	8
27441	384	80168	4	4	3	0	11
27441	385	80171	4	4	0	0	8
27441	386	80168	4	4	1	0	9
27441	387	80166	4	4	3	0	11
27441	388	80167	4	4	3	0	11
27441	389	80169	4	4	1	0	9
27441	390	80169	4	4	1	0	9
27441	391	80169	4	4	1	0	9
27441	392	80165	4	4	2	0	10
27441	393	80167	4	4	1	0	9
27441	394	80170	4	4	1	0	9
27441	395	80168	4	4	1	0	9
27441	396	80170	5	4	0	0	9
27441	397	80172	4	4	1	0	9
27441	398	80171	4	4	0	0	8
27441	399	80169	4	4	1	0	9
27441	400	80169	4	4	1	0	9
27441	401	80168	4	4	1	0	9
27441	402	80170	4	4	1	0	9
27441	403	80170	4	4	0	0	8
27441	404	80166	4	5	2	0	11
27441	405	80170	4	4	0	0	8
27441	406	80170	4	4	0	0	8
27441	407	80168	4	4	1	0	9
27441	408	80170	4	4	1	0	9
27441	409	80169	4	4	1	0	9
27441	410	80169	4	4	2	0	10
27441	411	80167	4	4	1	0	9
27441	412	80166	4	4	2	0	10
27441	413	80169	4	4	1	0	9
27441	414	80171	4	4	0	0	8
27441	415	80169	4	4	1	0	9
27441	416	80170	4	4	0	0	8
27441	417	80170	4	4	1	0	9
27441	418	80171	4	4	1	115	124
27441	419	80167	4	4	2	0	10
27441	420	80168	4	4	1	0	9
27441	421	80169	4	4	0	0	8
27441	422	80169	4	4	0	0	8
27441	423	80169	4	4	0	0	8
27441	424	80167	4	4	3	0	11
27441	425	80170	4	4	0	0	8
27441	426	80169	4	4	1	0	9
27441	427	80168	4	4	2	0	10
27441	428	80169	4	4	2	0	10
27441	429	80169	4	4	1	0	9
27441	430	80168	4	4	2	0	10
27441	431	80171	5	4	0	0	9
27441	432	80169	4	4	1	0	9
27441	433	80169	4	4	1	0	9
27441	434	80169	4	4	1	0	9
27441	435	80169	4	4	1	0	9
27441	436	80169	4	4	1	0	9
27441	437	80170	4	4	0	0	8
27441	438	80171	4	4	0	0	8
27441	439	80167	4	4	3	0	11
27441	440	80169	4	4	1	0	9
27441	441	80172	4	4	1	0	9
27441	442	80166	4	4	3	0	11
27441	443	80170	4	4	1	0	9
27441	444	80169	4	4	1	0	9
27441	445	80170	4	4	0	0	8
27441	446	80169	4	4	1	0	9
27441	447	80168	4	4	2	0	10
27441	448	80168	4	4	0	0	8
27441	449	80169	4	4	1	0	9
27441	450	80168	4	4	1	0	9
27441	451	80169	4	4	1	0	9
27441	452	80170	4	4	0	0	8
27441	453	80169	4	4	2	0	10
27441	454	80167	4	4	2	0	10
27441	455	80169	4	4	0	0	8
27441	456	80167	4	4	2	0	10
27441	457	80169	4	4	1	0	9
27441	458	80169	4	4	0	0	8
27441	459	80166	4	4	3	0	11
27441	460	80169	4	4	1	0	9
27441	461	80169	4	4	1	0	9
27441	462	80169	4	4	0	0	8
27441	463	80167	4	4	2	0	10
27441	464	80171	4	4	1	0	9
27441	465	80169	4	4	1	0	9
27441	466	80171	5	4	0	0	9
27441	467	80181	4	4	0	0	8
27441	468	80168	4	4	1	0	9
27441	469	80169	4	4	0	0	8
27441	470	80169	4	4	0	0	8
27441	471	80169	4	4	0	0	8
27441	472	80169	4	4	1	0	9
27441	473	80169	4	4	1	0	9
27441	474	80168	4	4	2	0	10
27441	475	80169	4	4	1	0	9
27441	476	80168	4	4	1	0	9
27441	477	80170	4	4	1	0	9
27441	478	80172	4	4	2	0	10
27441	479	80171	4	4	1	0	9
27441	480	80170	4	4	0	0	8
27441	481	80168	4	4	1	0	9
27441	482	80169	4	4	2	0	10
27441	483	80168	4	4	1	0	9
27441	484	80169	4	5	2	0	11
27441	485	80170	4	4	0	0	8
27441	486	80173	4	4	2	0	10
27441	487	80168	4	4	2	0	10
27441	488	80168	4	4	2	0	10
27441	489	80168	4	4	1	0	9
27441	490	80168	4	4	1	0	9
27441	491	80167	4	4	3	0	11
27441	492	80168	4	4	2	0	10
27441	493	80168	4	4	1	0	9
27441	494	80166	4	4	3	0	11
27441	495	80169	4	4	0	0	8
27441	496	80168	4	4	2	0	10
27441	497	80167	4	4	2	0	10
27441	498	80168	4	4	2	0	10
27441	499	80175	4	4	1	0	9
27441	500	80170	4	4	2	0	10
27441	501	80169	4	4	0	0	8
27441	502	80170	5	4	0	0	9
27441	503	80167	4	4	1	0	9
27441	504	80168	4	4	1	0	9
27441	505	80168	4	4	1	0	9
27441	506	80168	4	4	2	0	10
27441	507	80169	4	4	1	0	9
27441	508	80167	4	4	2	0	10
27441	509	80167	4	4	2	0	10
27441	510	80169	4	4	0	0	8
27441	511	80169	4	4	1	0	9
27441	512	80170	4	4	3	0	11
27441	513	80173	4	4	1	0	9
27441	514	80169	4	4	0	0	8
27441	515	80168	4	4	1	0	9
27441	516	80168	4	4	1	0	9
27441	517	80168	4	4	1	0	9
27441	518	80168	4	4	1	0	9
27441	519	80169	4	4	0	0	8
27441	520	80169	4	4	1	0	9
27441	521	80169	4	4	0	0	8
27441	522	80167	4	4	1	0	9
27441	523	80167	4	4	2	0	10
27441	524	80168	4	4	2	0	10
27441	525	80172	4	4	1	0	9
27441	526	80173	4	4	0	0	8
27441	527	80170	4	4	0	0	8
27441	528	80169	4	4	1	0	9
27441	529	80168	4	4	1	0	9
27441	530	80167	4	4	2	0	10
27441	531	80172	4	4	0	0	8
27441	532	80168	4	4	1	0	9
27441	533	80168	4	4	1	0	9
27441	534	80169	4	4	0	0	8
27441	535	80167	4	4	2	0	10
27441	536	80167	4	4	2	0	10
27441	537	80169	5	4	2	0	11
27441	538	80175	4	4	0	0	8
27441	539	80167	4	4	2	0	10
27441	540	80166	4	4	3	0	11
27441	541	80168	4	4	1	0	9
27441	542	80168	4	4	1	0	9
27441	543	80169	4	4	1	0	9
27441	544	80168	4	4	1	0	9
27441	545	80168	4	4	1	0	9
27441	546	80168	4	4	2	0	10
27441	547	80170	4	4	0	0	8
27441	548	80167	4	4	1	0	9
27441	549	80169	4	4	0	0	8
27441	550	80168	4	4	1	0	9
27441	551	80168	4	4	1	0	9
27441	552	80169	4	4	0	0	8
27441	553	80168	4	4	1	0	9
27441	554	80173	4	4	0	0	8
27441	555	80172	4	4	1	0	9
27441	556	80170	4	4	1	0	9
27441	557	80169	4	4	0	0	8
27441	558	80168	4	4	2	0	10
27441	559	80169	4	4	1	0	9
27441	560	80166	4	4	1	0	9
27441	561	80169	4	4	1	0	9
27441	562	80169	4	4	0	0	8
27441	563	80169	4	4	2	0	10
27441	564	80169	4	4	0	0	8
27441	565	80166	4	4	3	0	11
27441	566	80168	4	4	2	0	10
27441	567	80169	4	4	0	0	8
27441	568	80176	4	4	0	0	8
27441	569	80168	4	4	2	0	10
27441	570	80168	4	4	1	0	9
27441	571	80168	4	4	1	0	9
27441	572	80168	4	4	1	0	9
27441	573	80168	5	4	1	0	10
27441	574	80169	4	4	1	0	9
27441	575	80170	4	4	1	0	9
27441	576	80167	4	4	2	0	10
27441	577	80170	4	4	0	0	8
27441	578	80175	4	4	0	0	8
27441	579	80169	4	4	1	0	9
27441	580	80168	4	4	1	0	9
27441	581	80166	4	4	2	0	10
27441	582	80168	4	4	1	0	9
27441	583	80167	4	4	2	0	10
27441	584	80168	4	4	1	0	9
27441	585	80167	4	4	1	0	9
27441	586	80168	4	4	1	0	9
27441	587	80168	4	4	2	0	10
27441	588	80171	4	4	1	0	9
27441	589	80172	4	4	1	0	9
27441	590	80168	4	4	1	0	9
27441	591	80171	5	4	1	0	10
27441	592	80169	4	4	1	0	9
27441	593	80168	4	4	2	0	10
27441	594	80168	4	4	1	0	9
27441	595	80167	4	4	2	0	10
27441	596	80171	4	4	1	112	121
27441	597	80169	4	4	0	0	8
27441	598	80169	4	4	0	0	8
27441	599	80166	4	4	2	0	10
27441	600	80170	4	4	0	0	8
27441	601	80170	4	4	1	0	9
27441	602	80174	4	4	1	0	9
27441	603	80167	4	4	2	0	10
27441	604	80169	4	4	0	0	8
27441	605	80168	4	4	1	0	9
27441	606	80169	4	4	1	0	9
27441	607	80169	4	4	1	0	9
27441	608	80170	5	4	0	0	9
27441	609	80169	4	4	0	0	8
27441	610	80167	4	4	2	0	10
27441	611	80168	4	4	1	0	9
27441	612	80169	4	4	0	0	8
27441	613	80180	4	4	0	0	8
27441	614	80167	4	4	2	0	10
27441	615	80168	4	4	2	0	10
27441	616	80169	4	4	1	0	9
27441	617	80168	4	4	2	0	10
27441	618	80170	4	4	1	0	9
27441	619	80172	4	4	1	0	9
27441	620	80179	4	4	1	0	9
27441	621	80169	5	4	1	0	10
27441	622	80169	4	4	1	0	9
27441	623	80169	4	4	1	0	9
27441	624	80168	4	4	1	0	9
27441	625	80167	5	4	1	0	10
27441	626	80169	4	4	1	0	9
27441	627	80169	4	4	1	0	9
27441	628	80169	4	4	1	0	9
27441	629	80167	4	4	2	0	10
27441	630	80167	4	4	2	0	10
27441	631	80167	4	4	2	0	10
27441	632	80168	4	4	1	0	9
27441	633	80169	4	4	1	0	9
27441	634	80168	4	4	1	0	9
27441	635	80169	4	4	1	0	9
27441	636	80168	4	4	2	0	10
27441	637	80168	4	4	1	0	9
27441	638	80169	4	4	1	0	9
27441	639	80170	4	4	0	0	8
27441	640	80165	4	4	5	0	13
27441	641	80169	4	4	1	0	9
27441	642	80167	4	4	3	0	11
27441	643	80167	5	4	3	0	12
27441	644	80166	4	4	4	0	12
27441	645	80169	4	4	0	0	8
27441	646	80169	4	4	1	0	9
27441	647	80167	4	4	2	0	10
27441	648	80167	4	4	2	0	10
27441	649	80172	4	4	1	0	9
27441	650	80169	4	4	1	0	9
27441	651	80168	4	4	1	0	9
27441	652	80167	4	4	3	0	11
27441	653	80170	4	4	0	0	8
27441	654	80169	4	4	0	0	8
27441	655	80167	4	4	2	0	10
27441	656	80170	4	4	0	0	8
27441	657	80169	4	4	1	0	9
27441	658	80170	4	4	0	0	8
27441	659	80169	4	4	0	0	8
27441	660	80167	4	5	2	0	11
27441	661	80169	4	4	1	0	9
27441	662	80169	4	4	1	0	9
27441	663	80169	4	4	0	0	8
27441	664	80168	4	4	2	0	10
27441	665	80172	4	4	0	0	8
27441	666	80168	4	4	1	0	9
27441	667	80168	4	4	1	0	9
27441	668	80171	4	4	0	0	8
27441	669	80170	4	4	1	0	9
27441	670	80171	4	4	1	0	9
27441	671	80173	4	4	0	0	8
27441	672	80171	4	4	1	0	9
27441	673	80172	4	4	1	0	9
27441	674	80171	4	4	1	0	9
27441	675	80170	4	4	1	0	9
27441	676	80168	4	4	2	0	10
27441	677	80167	4	4	2	0	10
27441	678	80168	4	4	1	0	9
27441	679	80168	4	4	1	0	9
27441	680	80168	4	4	1	0	9
27441	681	80167	4	4	2	0	10
27441	682	80169	4	4	1	0	9
27441	683	80167	4	4	2	0	10
27441	684	80169	4	4	2	0	10
27441	685	80169	4	4	1	0	9
27441	686	80168	4	4	1	0	9
27441	687	80170	4	4	0	0	8
27441	688	80167	4	4	3	0	11
27441	689	80167	4	4	2	0	10
27441	690	80168	4	4	1	0	9
27441	691	80170	4	4	0	0	8
27441	692	80169	4	4	1	0	9
27441	693	80169	4	4	0	0	8
27441	694	80169	4	4	0	0	8
27441	695	80168	4	4	2	0	10
27441	696	80170	4	4	0	0	8
27441	697	80168	4	4	1	0	9
27441	698	80169	4	4	1	0	9
27441	699	80170	4	4	1	0	9
27441	700	80168	4	4	1	0	9
27441	701	80170	4	4	0	0	8
27441	702	80170	4	4	1	0	9
27441	703	80170	4	4	0	0	8
27441	704	80168	4	4	1	0	9
27441	705	80169	4	4	1	0	9
27441	706	80170	4	4	0	0	8
27441	707	80168	4	4	1	0	9
27441	708	80170	4	4	4	0	12
27441	709	80170	4	4	1	0	9
27441	710	80169	4	4	1	0	9
27441	711	80168	4	4	1	0	9
27441	712	80169	4	4	1	0	9
27441	713	80171	4	4	1	0	9
27441	714	80170	4	4	1	0	9
27441	715	80169	4	4	1	0	9
27441	716	80171	4	4	1	0	9
27441	717	80169	4	4	1	0	9
27441	718	80168	4	4	1	0	9
27441	719	80169	4	4	1	0	9
27441	720	80166	4	4	1	0	9
27441	721	80167	4	4	1	0	9
27441	722	80168	4	4	2	0	10
27441	723	80170	4	4	0	0	8
27441	724	80168	4	4	2	0	10
27441	725	80168	4	4	1	0	9
27441	726	80168	4	4	2	0	10
27441	727	80169	4	4	1	0	9
27441	728	80169	4	4	2	0	10
27441	729	80168	4	4	2	0	10
27441	730	80167	4	4	3	0	11
27441	731	80166	4	4	3	0	11
27441	732	80169	4	5	1	0	10
27441	733	80169	4	4	1	0	9
27441	734	80170	4	4	1	0	9
27441	735	80169	4	4	1	0	9
27441	736	80170	4	4	0	0	8
27441	737	80165	4	4	1	0	9
27441	738	80166	4	4	3	0	11
27441	739	80169	4	4	1	0	9
27441	740	80169	4	4	1	0	9
27441	741	80168	4	4	1	0	9
27441	742	80168	4	4	2	0	10
27441	743	80171	4	4	0	0	8
27441	744	80169	4	4	1	0	9
27441	745	80170	4	4	1	0	9
27441	746	80168	4	4	2	0	10
27441	747	80168	4	4	1	0	9
27441	748	80171	4	4	0	0	8
27441	749	80169	4	4	2	0	10
27441	750	80169	5	4	2	0	11
27441	751	80169	4	4	0	0	8
27441	752	80168	4	4	1	0	9
27441	753	80169	4	4	1	0	9
27441	754	80172	4	4	1	0	9
27441	755	80168	4	4	0	0	8
27441	756	80168	4	4	1	0	9
27441	757	80169	4	4	1	0	9
27441	758	80169	4	4	1	0	9
27441	759	80169	4	4	1	0	9
27441	760	80171	4	4	0	0	8
27441	761	80169	4	4	0	0	8
27441	762	80170	4	4	1	0	9
27441	763	80168	4	4	1	0	9
27441	764	80169	4	4	1	0	9
27441	765	80169	4	4	1	0	9
27441	766	80168	4	4	1	0	9
27441	767	80168	4	4	1	0	9
27441	768	80169	4	5	1	0	10
27441	769	80169	4	4	0	0	8
27441	770	80167	4	4	1	0	9
27441	771	80171	4	4	1	0	9
27441	772	80171	4	4	3	0	11
27441	773	80170	4	4	2	0	10
27441	774	80168	4	4	1	0	9
27441	775	80181	4	4	0	114	235
27441	776	80169	4	4	0	0	8
27441	777	80167	4	4	2	0	10
27441	778	80170	4	4	2	0	10
27441	779	80168	4	4	2	0	10
27441	780	80168	4	4	0	0	8
27441	781	80168	4	4	0	0	8
27441	782	80169	4	4	1	0	9
27441	783	80169	4	4	0	0	8
27441	784	80169	4	4	0	0	8
27441	785	80168	4	4	1	0	9
27441	786	80168	4	4	1	0	9
27441	787	80170	4	4	0	0	8
27441	788	80169	4	4	1	0	9
27441	789	80173	4	4	1	0	9
27441	790	80174	4	4	0	0	8
27441	791	80168	4	4	1	0	9
27441	792	80168	4	4	1	0	9
27441	793	80169	4	4	1	0	9
27441	794	80170	4	4	1	0	9
27441	795	80169	4	4	1	0	9
27441	796	80169	4	4	1	0	9
27441	797	80167	4	4	2	0	10
27441	798	80166	4	4	3	0	11
27441	799	80169	4	4	2	0	10
27441	800	80169	4	4	0	0	8
27441	801	80167	4	4	2	0	10
27441	802	80169	4	4	0	0	8
27441	803	80168	4	5	1	0	10
27441	804	80168	4	4	1	0	9
27441	805	80169	4	4	0	0	8
27441	806	80168	4	4	0	0	8
27441	807	80171	4	4	0	0	8
27441	808	80172	4	4	1	0	9
27441	809	80172	4	4	1	0	9
27441	810	80167	4	4	2	0	10
27441	811	80167	4	4	1	0	9
27441	812	80168	4	4	1	0	9
27441	813	80168	4	4	2	0	10
27441	814	80169	4	4	1	0	9
27441	815	80167	4	4	2	0	10
27441	816	80169	4	4	0	0	8
27441	817	80168	4	4	1	0	9
27441	818	80166	4	4	2	0	10
27441	819	80169	4	4	1	0	9
27441	820	80167	4	4	3	0	11
27441	821	80169	4	4	1	0	9
27441	822	80169	4	4	1	0	9
27441	823	80169	4	4	1	0	9
27441	824	80168	4	4	1	0	9
27441	825	80169	4	4	1	0	9
27441	826	80168	4	4	2	0	10
27441	827	80169	4	4	1	0	9
27441	828	80169	4	4	1	0	9
27441	829	80168	4	4	2	0	10
27441	830	80168	4	4	2	0	10
27441	831	80169	4	4	1	0	9
27441	832	80168	4	4	2	0	10
27441	833	80169	4	4	1	0	9
27441	834	80168	4	4	2	0	10
27441	835	80168	4	4	2	0	10
27441	836	80167	4	4	3	0	11
27441	837	80168	4	4	1	0	9
27441	838	80168	4	4	1	0	9
27441	839	80169	4	4	0	0	8
27441	840	80168	4	4	1	0	9
27441	841	80166	4	4	3	0	11
27441	842	80171	4	4	1	0	9
27441	843	80168	4	4	1	0	9
27441	844	80170	4	4	2	0	10
27441	845	80169	4	4	1	0	9
27441	846	80168	4	4	0	0	8
27441	847	80169	4	4	1	0	9
27441	848	80168	4	4	1	0	9
27441	849	80166	4	4	3	0	11
27441	850	80164	4	4	4	0	12
27441	851	80167	4	4	2	0	10
27441	852	80170	4	4	0	0	8
27441	853	80168	4	4	2	0	10
27441	854	80169	4	4	2	0	10
27441	855	80170	4	4	0	0	8
27441	856	80170	4	4	0	0	8
27441	857	80169	4	4	1	0	9
27441	858	80169	4	4	2	0	10
27441	859	80169	4	4	1	0	9
27441	860	80168	4	4	2	0	10
27441	861	80169	4	4	1	0	9
27441	862	80171	4	4	0	0	8
27441	863	80169	4	4	1	0	9
27441	864	80169	4	4	2	0	10
27441	865	80169	4	4	0	0	8
27441	866	80168	4	4	1	0	9
27441	867	80169	4	4	1	0	9
27441	868	80169	4	4	2	0	10
27441	869	80168	4	5	1	0	10
27441	870	80168	4	4	2	0	10
27441	871	80168	4	4	0	0	8
27441	872	80168	4	4	2	0	10
27441	873	80169	4	4	1	0	9
27441	874	80171	4	5	1	0	10
27441	875	80165	4	4	4	0	12
27441	876	80171	4	4	1	0	9
27441	877	80168	4	4	1	0	9
27441	878	80168	4	4	2	0	10
27441	879	80170	4	4	0	0	8
27441	880	80168	4	4	2	0	10
27441	881	80169	4	4	1	0	9
27441	882	80170	4	4	1	0	9
27441	883	80170	4	4	0	0	8
27441	884	80168	4	4	2	0	10
27441	885	80168	4	4	1	0	9
27441	886	80170	4	4	1	0	9
27441	887	80168	4	4	2	0	10
27441	888	80168	4	4	1	0	9
27441	889	80169	4	4	1	0	9
27441	890	80170	4	4	0	0	8
27441	891	80167	4	4	2	0	10
27441	892	80168	4	4	1	0	9
27441	893	80169	4	4	1	0	9
27441	894	80169	4	4	2	0	10
27441	895	80168	4	4	1	0	9
27441	896	80170	4	4	1	0	9
27441	897	80169	4	4	1	0	9
27441	898	80170	4	4	1	0	9
27441	899	80169	4	4	1	0	9
27441	900	80170	4	4	1	0	9
27441	901	80166	4	4	2	0	10
27441	902	80165	4	4	2	0	10
27441	903	80170	4	4	1	0	9
27441	904	80168	4	4	2	0	10
27441	905	80170	4	4	0	0	8
27441	906	80172	4	4	0	0	8
27441	907	80172	4	4	0	0	8
27441	908	80168	4	4	2	0	10
27441	909	80168	4	4	2	0	10
27441	910	80169	4	4	2	0	10
27441	911	80169	4	4	0	0	8
27441	912	80168	4	4	2	0	10
27441	913	80168	4	4	2	0	10
27441	914	80170	4	4	0	0	8
27441	915	80169	4	4	1	0	9
27441	916	80167	4	4	2	0	10
27441	917	80168	4	4	2	0	10
27441	918	80170	4	4	1	0	9
27441	919	80166	4	4	1	0	9
27441	920	80167	4	4	1	0	9
27441	921	80168	4	4	1	0	9
27441	922	80169	4	4	1	0	9
27441	923	80168	4	4	2	0	10
27441	924	80169	4	4	1	0	9
27441	925	80169	4	4	1	0	9
27441	926	80168	4	4	2	0	10
27441	927	80172	5	4	0	0	9
27441	928	80169	4	4	1	0	9
27441	929	80169	4	4	1	0	9
27441	930	80169	4	4	1	0	9
27441	931	80170	4	4	0	0	8
27441	932	80169	4	4	1	0	9
27441	933	80170	4	4	2	0	10
27441	934	80168	4	4	2	0	10
27441	935	80169	4	4	1	0	9
27441	936	80169	4	4	1	0	9
27441	937	80169	4	4	2	0	10
27441	938	80170	4	4	0	0	8
27441	939	80170	4	4	0	0	8
27441	940	80168	4	4	1	0	9
27441	941	80169	4	4	1	0	9
27441	942	80172	4	4	2	0	10
27441	943	80168	4	4	2	0	10
27441	944	80167	4	4	2	0	10
27441	945	80167	4	5	1	0	10
27441	946	80167	4	4	2	0	10
27441	947	80173	4	4	1	0	9
27441	948	80172	4	4	3	0	11
27441	949	80169	4	4	2	0	10
27441	950	80169	4	4	1	0	9
27441	951	80169	4	4	1	0	9
27441	952	80168	4	5	2	0	11
27441	953	80169	4	4	1	0	9
27441	954	80182	4	4	0	114	122
27441	955	80168	4	4	1	0	9
27441	956	80168	4	4	2	0	10
27441	957	80169	4	4	0	0	8
27441	958	80169	4	4	0	0	8
27441	959	80169	4	4	1	0	9
27441	960	80170	4	4	0	0	8
27441	961	80169	4	4	0	0	8
27441	962	80169	4	4	1	0	9
27441	963	80170	4	4	0	0	8
27441	964	80168	4	4	2	0	10
27441	965	80169	4	4	1	0	9
27441	966	80168	4	4	1	0	9
27441	967	80170	4	4	0	0	8
27441	968	80167	4	4	2	0	10
27441	969	80167	4	4	1	0	9
27441	970	80168	4	4	1	0	9
27441	971	80167	4	4	1	0	9
27441	972	80170	4	4	1	0	9
27441	973	80171	4	4	1	0	9
27441	974	80173	4	4	1	0	9
27441	975	80170	4	4	1	0	9
27441	976	80166	4	4	2	0	10
27441	977	80169	4	4	0	0	8
27441	978	80171	4	4	2	0	10
27441	979	80167	4	4	2	0	10
27441	980	80168	4	5	1	0	10
27441	981	80167	4	4	2	0	10
27441	982	80173	4	4	1	0	9
27441	983	80166	4	4	2	0	10
27441	984	80167	4	4	1	0	9
27441	985	80165	4	4	2	0	10
27441	986	80168	4	4	0	0	8
27441	987	80175	4	4	0	0	8
27441	988	80167	4	4	1	0	9
27441	989	80166	4	4	2	0	10
27441	990	80167	4	4	1	0	9
27441	991	80168	4	4	1	0	9
27441	992	80171	4	4	0	0	8
27441	993	80173	4	4	2	0	10
27441	994	80167	4	4	1	0	9
27441	995	80166	4	4	2	0	10
27441	996	80167	4	4	1	0	9
27441	997	80167	4	4	1	0	9
27441	998	80172	4	4	2	0	10
27441	999	80167	4	4	1	0	9
27441	1000	80168	4	4	0	0	8
