DBMS	RUNID	QUERYNUM	LOW_CARD	HIGH_CARD	CURR_CARD	PLANID	OPNAME	OPORDER	COST
oracle	285	7	100000	310000	100000	4292327881861226330	SELECT STATEMENT	0	4337
oracle	285	7	100000	310000	110000	4292327881861226330	SELECT STATEMENT	0	4416
oracle	285	7	100000	310000	120000	4292327881861226330	SELECT STATEMENT	0	4494
oracle	285	7	100000	310000	130000	4292327881861226330	SELECT STATEMENT	0	4572
oracle	285	7	100000	310000	140000	4292327881861226330	SELECT STATEMENT	0	4650
oracle	285	7	100000	310000	150000	4292327881861226330	SELECT STATEMENT	0	4729
oracle	285	7	100000	310000	160000	4292327881861226330	SELECT STATEMENT	0	4808
oracle	285	7	100000	310000	170000	4292327881861226330	SELECT STATEMENT	0	4886
oracle	285	7	100000	310000	180000	4292327881861226330	SELECT STATEMENT	0	4965
oracle	285	7	100000	310000	190000	4292327881861226330	SELECT STATEMENT	0	5044
oracle	285	7	100000	310000	200000	4292327881861226330	SELECT STATEMENT	0	5125
oracle	285	7	100000	310000	210000	4292327881861226330	SELECT STATEMENT	0	5206
oracle	285	7	100000	310000	220000	4292327881861226330	SELECT STATEMENT	0	5284
oracle	285	7	100000	310000	230000	4292327881861226330	SELECT STATEMENT	0	5363
oracle	285	7	100000	310000	240000	4292327881861226330	SELECT STATEMENT	0	5446
oracle	285	7	100000	310000	250000	4292327881861226330	SELECT STATEMENT	0	5525
oracle	285	7	100000	310000	260000	4292327881861226330	SELECT STATEMENT	0	5605
oracle	285	7	100000	310000	270000	4292327881861226330	SELECT STATEMENT	0	5687
oracle	285	7	100000	310000	280000	4292327881861226330	SELECT STATEMENT	0	5767
oracle	285	7	100000	310000	290000	4292327881861226330	SELECT STATEMENT	0	5848
oracle	285	7	100000	310000	300000	4292327881861226330	SELECT STATEMENT	0	5930
oracle	285	7	100000	310000	310000	4292327881861226330	SELECT STATEMENT	0	6010
oracle	285	7	100000	310000	100000	4292327881861226330	SORT	1	-1
oracle	285	7	100000	310000	110000	4292327881861226330	SORT	1	-1
oracle	285	7	100000	310000	120000	4292327881861226330	SORT	1	-1
oracle	285	7	100000	310000	130000	4292327881861226330	SORT	1	-1
oracle	285	7	100000	310000	140000	4292327881861226330	SORT	1	-1
oracle	285	7	100000	310000	150000	4292327881861226330	SORT	1	-1
oracle	285	7	100000	310000	160000	4292327881861226330	SORT	1	-1
oracle	285	7	100000	310000	170000	4292327881861226330	SORT	1	-1
oracle	285	7	100000	310000	180000	4292327881861226330	SORT	1	-1
oracle	285	7	100000	310000	190000	4292327881861226330	SORT	1	-1
oracle	285	7	100000	310000	200000	4292327881861226330	SORT	1	-1
oracle	285	7	100000	310000	210000	4292327881861226330	SORT	1	-1
oracle	285	7	100000	310000	220000	4292327881861226330	SORT	1	-1
oracle	285	7	100000	310000	230000	4292327881861226330	SORT	1	-1
oracle	285	7	100000	310000	240000	4292327881861226330	SORT	1	-1
oracle	285	7	100000	310000	250000	4292327881861226330	SORT	1	-1
oracle	285	7	100000	310000	260000	4292327881861226330	SORT	1	-1
oracle	285	7	100000	310000	270000	4292327881861226330	SORT	1	-1
oracle	285	7	100000	310000	280000	4292327881861226330	SORT	1	-1
oracle	285	7	100000	310000	290000	4292327881861226330	SORT	1	-1
oracle	285	7	100000	310000	300000	4292327881861226330	SORT	1	-1
oracle	285	7	100000	310000	310000	4292327881861226330	SORT	1	-1
oracle	285	7	100000	310000	100000	4292327881861226330	HASH JOIN	2	4337
oracle	285	7	100000	310000	110000	4292327881861226330	HASH JOIN	2	4416
oracle	285	7	100000	310000	120000	4292327881861226330	HASH JOIN	2	4494
oracle	285	7	100000	310000	130000	4292327881861226330	HASH JOIN	2	4572
oracle	285	7	100000	310000	140000	4292327881861226330	HASH JOIN	2	4650
oracle	285	7	100000	310000	150000	4292327881861226330	HASH JOIN	2	4729
oracle	285	7	100000	310000	160000	4292327881861226330	HASH JOIN	2	4808
oracle	285	7	100000	310000	170000	4292327881861226330	HASH JOIN	2	4886
oracle	285	7	100000	310000	180000	4292327881861226330	HASH JOIN	2	4965
oracle	285	7	100000	310000	190000	4292327881861226330	HASH JOIN	2	5044
oracle	285	7	100000	310000	200000	4292327881861226330	HASH JOIN	2	5125
oracle	285	7	100000	310000	210000	4292327881861226330	HASH JOIN	2	5206
oracle	285	7	100000	310000	220000	4292327881861226330	HASH JOIN	2	5284
oracle	285	7	100000	310000	230000	4292327881861226330	HASH JOIN	2	5363
oracle	285	7	100000	310000	240000	4292327881861226330	HASH JOIN	2	5446
oracle	285	7	100000	310000	250000	4292327881861226330	HASH JOIN	2	5525
oracle	285	7	100000	310000	260000	4292327881861226330	HASH JOIN	2	5605
oracle	285	7	100000	310000	270000	4292327881861226330	HASH JOIN	2	5687
oracle	285	7	100000	310000	280000	4292327881861226330	HASH JOIN	2	5767
oracle	285	7	100000	310000	290000	4292327881861226330	HASH JOIN	2	5848
oracle	285	7	100000	310000	300000	4292327881861226330	HASH JOIN	2	5930
oracle	285	7	100000	310000	310000	4292327881861226330	HASH JOIN	2	6010
oracle	285	7	100000	310000	100000	4292327881861226330	HASH JOIN	3	2310
oracle	285	7	100000	310000	110000	4292327881861226330	HASH JOIN	3	2364
oracle	285	7	100000	310000	120000	4292327881861226330	HASH JOIN	3	2417
oracle	285	7	100000	310000	130000	4292327881861226330	HASH JOIN	3	2469
oracle	285	7	100000	310000	140000	4292327881861226330	HASH JOIN	3	2522
oracle	285	7	100000	310000	150000	4292327881861226330	HASH JOIN	3	2574
oracle	285	7	100000	310000	160000	4292327881861226330	HASH JOIN	3	2628
oracle	285	7	100000	310000	170000	4292327881861226330	HASH JOIN	3	2680
oracle	285	7	100000	310000	180000	4292327881861226330	HASH JOIN	3	2733
oracle	285	7	100000	310000	190000	4292327881861226330	HASH JOIN	3	2786
oracle	285	7	100000	310000	200000	4292327881861226330	HASH JOIN	3	2840
oracle	285	7	100000	310000	210000	4292327881861226330	HASH JOIN	3	2894
oracle	285	7	100000	310000	220000	4292327881861226330	HASH JOIN	3	2947
oracle	285	7	100000	310000	230000	4292327881861226330	HASH JOIN	3	2998
oracle	285	7	100000	310000	240000	4292327881861226330	HASH JOIN	3	3054
oracle	285	7	100000	310000	250000	4292327881861226330	HASH JOIN	3	3107
oracle	285	7	100000	310000	260000	4292327881861226330	HASH JOIN	3	3160
oracle	285	7	100000	310000	270000	4292327881861226330	HASH JOIN	3	3214
oracle	285	7	100000	310000	280000	4292327881861226330	HASH JOIN	3	3267
oracle	285	7	100000	310000	290000	4292327881861226330	HASH JOIN	3	3320
oracle	285	7	100000	310000	300000	4292327881861226330	HASH JOIN	3	3375
oracle	285	7	100000	310000	310000	4292327881861226330	HASH JOIN	3	3427
oracle	285	7	100000	310000	100000	4292327881861226330	HASH JOIN	4	398
oracle	285	7	100000	310000	110000	4292327881861226330	HASH JOIN	4	439
oracle	285	7	100000	310000	120000	4292327881861226330	HASH JOIN	4	477
oracle	285	7	100000	310000	130000	4292327881861226330	HASH JOIN	4	516
oracle	285	7	100000	310000	140000	4292327881861226330	HASH JOIN	4	555
oracle	285	7	100000	310000	150000	4292327881861226330	HASH JOIN	4	594
oracle	285	7	100000	310000	160000	4292327881861226330	HASH JOIN	4	633
oracle	285	7	100000	310000	170000	4292327881861226330	HASH JOIN	4	671
oracle	285	7	100000	310000	180000	4292327881861226330	HASH JOIN	4	711
oracle	285	7	100000	310000	190000	4292327881861226330	HASH JOIN	4	749
oracle	285	7	100000	310000	200000	4292327881861226330	HASH JOIN	4	789
oracle	285	7	100000	310000	210000	4292327881861226330	HASH JOIN	4	829
oracle	285	7	100000	310000	220000	4292327881861226330	HASH JOIN	4	867
oracle	285	7	100000	310000	230000	4292327881861226330	HASH JOIN	4	905
oracle	285	7	100000	310000	240000	4292327881861226330	HASH JOIN	4	946
oracle	285	7	100000	310000	250000	4292327881861226330	HASH JOIN	4	985
oracle	285	7	100000	310000	260000	4292327881861226330	HASH JOIN	4	1023
oracle	285	7	100000	310000	270000	4292327881861226330	HASH JOIN	4	1062
oracle	285	7	100000	310000	280000	4292327881861226330	HASH JOIN	4	1101
oracle	285	7	100000	310000	290000	4292327881861226330	HASH JOIN	4	1139
oracle	285	7	100000	310000	300000	4292327881861226330	HASH JOIN	4	1179
oracle	285	7	100000	310000	310000	4292327881861226330	HASH JOIN	4	1217
oracle	285	7	320000	550000	320000	8121041163174394698	SELECT STATEMENT	0	6093
oracle	285	7	320000	550000	330000	8121041163174394698	SELECT STATEMENT	0	6175
oracle	285	7	320000	550000	340000	8121041163174394698	SELECT STATEMENT	0	6258
oracle	285	7	320000	550000	350000	8121041163174394698	SELECT STATEMENT	0	6341
oracle	285	7	320000	550000	360000	8121041163174394698	SELECT STATEMENT	0	6424
oracle	285	7	320000	550000	370000	8121041163174394698	SELECT STATEMENT	0	6505
oracle	285	7	320000	550000	380000	8121041163174394698	SELECT STATEMENT	0	6591
oracle	285	7	320000	550000	390000	8121041163174394698	SELECT STATEMENT	0	6673
oracle	285	7	320000	550000	400000	8121041163174394698	SELECT STATEMENT	0	6757
oracle	285	7	320000	550000	410000	8121041163174394698	SELECT STATEMENT	0	6840
oracle	285	7	320000	550000	420000	8121041163174394698	SELECT STATEMENT	0	6925
oracle	285	7	320000	550000	430000	8121041163174394698	SELECT STATEMENT	0	7007
oracle	285	7	320000	550000	440000	8121041163174394698	SELECT STATEMENT	0	7093
oracle	285	7	320000	550000	450000	8121041163174394698	SELECT STATEMENT	0	7179
oracle	285	7	320000	550000	460000	8121041163174394698	SELECT STATEMENT	0	7263
oracle	285	7	320000	550000	470000	8121041163174394698	SELECT STATEMENT	0	7345
oracle	285	7	320000	550000	480000	8121041163174394698	SELECT STATEMENT	0	7434
oracle	285	7	320000	550000	490000	8121041163174394698	SELECT STATEMENT	0	7519
oracle	285	7	320000	550000	500000	8121041163174394698	SELECT STATEMENT	0	7603
oracle	285	7	320000	550000	510000	8121041163174394698	SELECT STATEMENT	0	7689
oracle	285	7	320000	550000	520000	8121041163174394698	SELECT STATEMENT	0	7775
oracle	285	7	320000	550000	530000	8121041163174394698	SELECT STATEMENT	0	7861
oracle	285	7	320000	550000	540000	8121041163174394698	SELECT STATEMENT	0	7944
oracle	285	7	320000	550000	550000	8121041163174394698	SELECT STATEMENT	0	8034
oracle	285	7	320000	550000	320000	8121041163174394698	SORT	1	-1
oracle	285	7	320000	550000	330000	8121041163174394698	SORT	1	-1
oracle	285	7	320000	550000	340000	8121041163174394698	SORT	1	-1
oracle	285	7	320000	550000	350000	8121041163174394698	SORT	1	-1
oracle	285	7	320000	550000	360000	8121041163174394698	SORT	1	-1
oracle	285	7	320000	550000	370000	8121041163174394698	SORT	1	-1
oracle	285	7	320000	550000	380000	8121041163174394698	SORT	1	-1
oracle	285	7	320000	550000	390000	8121041163174394698	SORT	1	-1
oracle	285	7	320000	550000	400000	8121041163174394698	SORT	1	-1
oracle	285	7	320000	550000	410000	8121041163174394698	SORT	1	-1
oracle	285	7	320000	550000	420000	8121041163174394698	SORT	1	-1
oracle	285	7	320000	550000	430000	8121041163174394698	SORT	1	-1
oracle	285	7	320000	550000	440000	8121041163174394698	SORT	1	-1
oracle	285	7	320000	550000	450000	8121041163174394698	SORT	1	-1
oracle	285	7	320000	550000	460000	8121041163174394698	SORT	1	-1
oracle	285	7	320000	550000	470000	8121041163174394698	SORT	1	-1
oracle	285	7	320000	550000	480000	8121041163174394698	SORT	1	-1
oracle	285	7	320000	550000	490000	8121041163174394698	SORT	1	-1
oracle	285	7	320000	550000	500000	8121041163174394698	SORT	1	-1
oracle	285	7	320000	550000	510000	8121041163174394698	SORT	1	-1
oracle	285	7	320000	550000	520000	8121041163174394698	SORT	1	-1
oracle	285	7	320000	550000	530000	8121041163174394698	SORT	1	-1
oracle	285	7	320000	550000	540000	8121041163174394698	SORT	1	-1
oracle	285	7	320000	550000	550000	8121041163174394698	SORT	1	-1
oracle	285	7	320000	550000	320000	8121041163174394698	HASH JOIN	2	6093
oracle	285	7	320000	550000	330000	8121041163174394698	HASH JOIN	2	6175
oracle	285	7	320000	550000	340000	8121041163174394698	HASH JOIN	2	6258
oracle	285	7	320000	550000	350000	8121041163174394698	HASH JOIN	2	6341
oracle	285	7	320000	550000	360000	8121041163174394698	HASH JOIN	2	6424
oracle	285	7	320000	550000	370000	8121041163174394698	HASH JOIN	2	6505
oracle	285	7	320000	550000	380000	8121041163174394698	HASH JOIN	2	6591
oracle	285	7	320000	550000	390000	8121041163174394698	HASH JOIN	2	6673
oracle	285	7	320000	550000	400000	8121041163174394698	HASH JOIN	2	6757
oracle	285	7	320000	550000	410000	8121041163174394698	HASH JOIN	2	6840
oracle	285	7	320000	550000	420000	8121041163174394698	HASH JOIN	2	6925
oracle	285	7	320000	550000	430000	8121041163174394698	HASH JOIN	2	7007
oracle	285	7	320000	550000	440000	8121041163174394698	HASH JOIN	2	7093
oracle	285	7	320000	550000	450000	8121041163174394698	HASH JOIN	2	7179
oracle	285	7	320000	550000	460000	8121041163174394698	HASH JOIN	2	7263
oracle	285	7	320000	550000	470000	8121041163174394698	HASH JOIN	2	7345
oracle	285	7	320000	550000	480000	8121041163174394698	HASH JOIN	2	7434
oracle	285	7	320000	550000	490000	8121041163174394698	HASH JOIN	2	7519
oracle	285	7	320000	550000	500000	8121041163174394698	HASH JOIN	2	7603
oracle	285	7	320000	550000	510000	8121041163174394698	HASH JOIN	2	7689
oracle	285	7	320000	550000	520000	8121041163174394698	HASH JOIN	2	7775
oracle	285	7	320000	550000	530000	8121041163174394698	HASH JOIN	2	7861
oracle	285	7	320000	550000	540000	8121041163174394698	HASH JOIN	2	7944
oracle	285	7	320000	550000	550000	8121041163174394698	HASH JOIN	2	8034
oracle	285	7	320000	550000	320000	8121041163174394698	HASH JOIN	4	3482
oracle	285	7	320000	550000	330000	8121041163174394698	HASH JOIN	4	3535
oracle	285	7	320000	550000	340000	8121041163174394698	HASH JOIN	4	3590
oracle	285	7	320000	550000	350000	8121041163174394698	HASH JOIN	4	3645
oracle	285	7	320000	550000	360000	8121041163174394698	HASH JOIN	4	3700
oracle	285	7	320000	550000	370000	8121041163174394698	HASH JOIN	4	3751
oracle	285	7	320000	550000	380000	8121041163174394698	HASH JOIN	4	3808
oracle	285	7	320000	550000	390000	8121041163174394698	HASH JOIN	4	3862
oracle	285	7	320000	550000	400000	8121041163174394698	HASH JOIN	4	3917
oracle	285	7	320000	550000	410000	8121041163174394698	HASH JOIN	4	3970
oracle	285	7	320000	550000	420000	8121041163174394698	HASH JOIN	4	4026
oracle	285	7	320000	550000	430000	8121041163174394698	HASH JOIN	4	4079
oracle	285	7	320000	550000	440000	8121041163174394698	HASH JOIN	4	4135
oracle	285	7	320000	550000	450000	8121041163174394698	HASH JOIN	4	4191
oracle	285	7	320000	550000	460000	8121041163174394698	HASH JOIN	4	4245
oracle	285	7	320000	550000	470000	8121041163174394698	HASH JOIN	4	4298
oracle	285	7	320000	550000	480000	8121041163174394698	HASH JOIN	4	4357
oracle	285	7	320000	550000	490000	8121041163174394698	HASH JOIN	4	4411
oracle	285	7	320000	550000	500000	8121041163174394698	HASH JOIN	4	4465
oracle	285	7	320000	550000	510000	8121041163174394698	HASH JOIN	4	4521
oracle	285	7	320000	550000	520000	8121041163174394698	HASH JOIN	4	4577
oracle	285	7	320000	550000	530000	8121041163174394698	HASH JOIN	4	4631
oracle	285	7	320000	550000	540000	8121041163174394698	HASH JOIN	4	4684
oracle	285	7	320000	550000	550000	8121041163174394698	HASH JOIN	4	4742
oracle	285	7	320000	550000	320000	8121041163174394698	HASH JOIN	5	1256
oracle	285	7	320000	550000	330000	8121041163174394698	HASH JOIN	5	1295
oracle	285	7	320000	550000	340000	8121041163174394698	HASH JOIN	5	1334
oracle	285	7	320000	550000	350000	8121041163174394698	HASH JOIN	5	1375
oracle	285	7	320000	550000	360000	8121041163174394698	HASH JOIN	5	1414
oracle	285	7	320000	550000	370000	8121041163174394698	HASH JOIN	5	1451
oracle	285	7	320000	550000	380000	8121041163174394698	HASH JOIN	5	1491
oracle	285	7	320000	550000	390000	8121041163174394698	HASH JOIN	5	1530
oracle	285	7	320000	550000	400000	8121041163174394698	HASH JOIN	5	1569
oracle	285	7	320000	550000	410000	8121041163174394698	HASH JOIN	5	1607
oracle	285	7	320000	550000	420000	8121041163174394698	HASH JOIN	5	1647
oracle	285	7	320000	550000	430000	8121041163174394698	HASH JOIN	5	1685
oracle	285	7	320000	550000	440000	8121041163174394698	HASH JOIN	5	1724
oracle	285	7	320000	550000	450000	8121041163174394698	HASH JOIN	5	1765
oracle	285	7	320000	550000	460000	8121041163174394698	HASH JOIN	5	1802
oracle	285	7	320000	550000	470000	8121041163174394698	HASH JOIN	5	1841
oracle	285	7	320000	550000	480000	8121041163174394698	HASH JOIN	5	1882
oracle	285	7	320000	550000	490000	8121041163174394698	HASH JOIN	5	1920
oracle	285	7	320000	550000	500000	8121041163174394698	HASH JOIN	5	1959
oracle	285	7	320000	550000	510000	8121041163174394698	HASH JOIN	5	1998
oracle	285	7	320000	550000	520000	8121041163174394698	HASH JOIN	5	2038
oracle	285	7	320000	550000	530000	8121041163174394698	HASH JOIN	5	2076
oracle	285	7	320000	550000	540000	8121041163174394698	HASH JOIN	5	2113
oracle	285	7	320000	550000	550000	8121041163174394698	HASH JOIN	5	2154
oracle	285	7	560000	990000	560000	8744452815005581450	SELECT STATEMENT	0	8120
oracle	285	7	560000	990000	570000	8744452815005581450	SELECT STATEMENT	0	8207
oracle	285	7	560000	990000	580000	8744452815005581450	SELECT STATEMENT	0	8294
oracle	285	7	560000	990000	590000	8744452815005581450	SELECT STATEMENT	0	8383
oracle	285	7	560000	990000	600000	8744452815005581450	SELECT STATEMENT	0	8470
oracle	285	7	560000	990000	610000	8744452815005581450	SELECT STATEMENT	0	8558
oracle	285	7	560000	990000	620000	8744452815005581450	SELECT STATEMENT	0	8647
oracle	285	7	560000	990000	630000	8744452815005581450	SELECT STATEMENT	0	8733
oracle	285	7	560000	990000	640000	8744452815005581450	SELECT STATEMENT	0	8824
oracle	285	7	560000	990000	650000	8744452815005581450	SELECT STATEMENT	0	8913
oracle	285	7	560000	990000	660000	8744452815005581450	SELECT STATEMENT	0	9002
oracle	285	7	560000	990000	670000	8744452815005581450	SELECT STATEMENT	0	9091
oracle	285	7	560000	990000	680000	8744452815005581450	SELECT STATEMENT	0	9181
oracle	285	7	560000	990000	690000	8744452815005581450	SELECT STATEMENT	0	9268
oracle	285	7	560000	990000	700000	8744452815005581450	SELECT STATEMENT	0	9359
oracle	285	7	560000	990000	710000	8744452815005581450	SELECT STATEMENT	0	9448
oracle	285	7	560000	990000	720000	8744452815005581450	SELECT STATEMENT	0	9539
oracle	285	7	560000	990000	730000	8744452815005581450	SELECT STATEMENT	0	9632
oracle	285	7	560000	990000	740000	8744452815005581450	SELECT STATEMENT	0	9724
oracle	285	7	560000	990000	750000	8744452815005581450	SELECT STATEMENT	0	9812
oracle	285	7	560000	990000	760000	8744452815005581450	SELECT STATEMENT	0	9905
oracle	285	7	560000	990000	770000	8744452815005581450	SELECT STATEMENT	0	9977
oracle	285	7	560000	990000	780000	8744452815005581450	SELECT STATEMENT	0	10046
oracle	285	7	560000	990000	790000	8744452815005581450	SELECT STATEMENT	0	10114
oracle	285	7	560000	990000	800000	8744452815005581450	SELECT STATEMENT	0	10182
oracle	285	7	560000	990000	810000	8744452815005581450	SELECT STATEMENT	0	10250
oracle	285	7	560000	990000	820000	8744452815005581450	SELECT STATEMENT	0	10318
oracle	285	7	560000	990000	830000	8744452815005581450	SELECT STATEMENT	0	10386
oracle	285	7	560000	990000	840000	8744452815005581450	SELECT STATEMENT	0	10454
oracle	285	7	560000	990000	850000	8744452815005581450	SELECT STATEMENT	0	10523
oracle	285	7	560000	990000	860000	8744452815005581450	SELECT STATEMENT	0	10593
oracle	285	7	560000	990000	870000	8744452815005581450	SELECT STATEMENT	0	10664
oracle	285	7	560000	990000	880000	8744452815005581450	SELECT STATEMENT	0	10730
oracle	285	7	560000	990000	890000	8744452815005581450	SELECT STATEMENT	0	10799
oracle	285	7	560000	990000	900000	8744452815005581450	SELECT STATEMENT	0	10870
oracle	285	7	560000	990000	910000	8744452815005581450	SELECT STATEMENT	0	10938
oracle	285	7	560000	990000	920000	8744452815005581450	SELECT STATEMENT	0	11008
oracle	285	7	560000	990000	930000	8744452815005581450	SELECT STATEMENT	0	11075
oracle	285	7	560000	990000	940000	8744452815005581450	SELECT STATEMENT	0	11145
oracle	285	7	560000	990000	950000	8744452815005581450	SELECT STATEMENT	0	11217
oracle	285	7	560000	990000	960000	8744452815005581450	SELECT STATEMENT	0	11284
oracle	285	7	560000	990000	970000	8744452815005581450	SELECT STATEMENT	0	11355
oracle	285	7	560000	990000	980000	8744452815005581450	SELECT STATEMENT	0	11425
oracle	285	7	560000	990000	990000	8744452815005581450	SELECT STATEMENT	0	11495
oracle	285	7	560000	990000	560000	8744452815005581450	SORT	1	-1
oracle	285	7	560000	990000	570000	8744452815005581450	SORT	1	-1
oracle	285	7	560000	990000	580000	8744452815005581450	SORT	1	-1
oracle	285	7	560000	990000	590000	8744452815005581450	SORT	1	-1
oracle	285	7	560000	990000	600000	8744452815005581450	SORT	1	-1
oracle	285	7	560000	990000	610000	8744452815005581450	SORT	1	-1
oracle	285	7	560000	990000	620000	8744452815005581450	SORT	1	-1
oracle	285	7	560000	990000	630000	8744452815005581450	SORT	1	-1
oracle	285	7	560000	990000	640000	8744452815005581450	SORT	1	-1
oracle	285	7	560000	990000	650000	8744452815005581450	SORT	1	-1
oracle	285	7	560000	990000	660000	8744452815005581450	SORT	1	-1
oracle	285	7	560000	990000	670000	8744452815005581450	SORT	1	-1
oracle	285	7	560000	990000	680000	8744452815005581450	SORT	1	-1
oracle	285	7	560000	990000	690000	8744452815005581450	SORT	1	-1
oracle	285	7	560000	990000	700000	8744452815005581450	SORT	1	-1
oracle	285	7	560000	990000	710000	8744452815005581450	SORT	1	-1
oracle	285	7	560000	990000	720000	8744452815005581450	SORT	1	-1
oracle	285	7	560000	990000	730000	8744452815005581450	SORT	1	-1
oracle	285	7	560000	990000	740000	8744452815005581450	SORT	1	-1
oracle	285	7	560000	990000	750000	8744452815005581450	SORT	1	-1
oracle	285	7	560000	990000	760000	8744452815005581450	SORT	1	-1
oracle	285	7	560000	990000	770000	8744452815005581450	SORT	1	-1
oracle	285	7	560000	990000	780000	8744452815005581450	SORT	1	-1
oracle	285	7	560000	990000	790000	8744452815005581450	SORT	1	-1
oracle	285	7	560000	990000	800000	8744452815005581450	SORT	1	-1
oracle	285	7	560000	990000	810000	8744452815005581450	SORT	1	-1
oracle	285	7	560000	990000	820000	8744452815005581450	SORT	1	-1
oracle	285	7	560000	990000	830000	8744452815005581450	SORT	1	-1
oracle	285	7	560000	990000	840000	8744452815005581450	SORT	1	-1
oracle	285	7	560000	990000	850000	8744452815005581450	SORT	1	-1
oracle	285	7	560000	990000	860000	8744452815005581450	SORT	1	-1
oracle	285	7	560000	990000	870000	8744452815005581450	SORT	1	-1
oracle	285	7	560000	990000	880000	8744452815005581450	SORT	1	-1
oracle	285	7	560000	990000	890000	8744452815005581450	SORT	1	-1
oracle	285	7	560000	990000	900000	8744452815005581450	SORT	1	-1
oracle	285	7	560000	990000	910000	8744452815005581450	SORT	1	-1
oracle	285	7	560000	990000	920000	8744452815005581450	SORT	1	-1
oracle	285	7	560000	990000	930000	8744452815005581450	SORT	1	-1
oracle	285	7	560000	990000	940000	8744452815005581450	SORT	1	-1
oracle	285	7	560000	990000	950000	8744452815005581450	SORT	1	-1
oracle	285	7	560000	990000	960000	8744452815005581450	SORT	1	-1
oracle	285	7	560000	990000	970000	8744452815005581450	SORT	1	-1
oracle	285	7	560000	990000	980000	8744452815005581450	SORT	1	-1
oracle	285	7	560000	990000	990000	8744452815005581450	SORT	1	-1
oracle	285	7	560000	990000	560000	8744452815005581450	HASH JOIN	2	8120
oracle	285	7	560000	990000	570000	8744452815005581450	HASH JOIN	2	8207
oracle	285	7	560000	990000	580000	8744452815005581450	HASH JOIN	2	8294
oracle	285	7	560000	990000	590000	8744452815005581450	HASH JOIN	2	8383
oracle	285	7	560000	990000	600000	8744452815005581450	HASH JOIN	2	8470
oracle	285	7	560000	990000	610000	8744452815005581450	HASH JOIN	2	8558
oracle	285	7	560000	990000	620000	8744452815005581450	HASH JOIN	2	8647
oracle	285	7	560000	990000	630000	8744452815005581450	HASH JOIN	2	8733
oracle	285	7	560000	990000	640000	8744452815005581450	HASH JOIN	2	8824
oracle	285	7	560000	990000	650000	8744452815005581450	HASH JOIN	2	8913
oracle	285	7	560000	990000	660000	8744452815005581450	HASH JOIN	2	9002
oracle	285	7	560000	990000	670000	8744452815005581450	HASH JOIN	2	9091
oracle	285	7	560000	990000	680000	8744452815005581450	HASH JOIN	2	9181
oracle	285	7	560000	990000	690000	8744452815005581450	HASH JOIN	2	9268
oracle	285	7	560000	990000	700000	8744452815005581450	HASH JOIN	2	9359
oracle	285	7	560000	990000	710000	8744452815005581450	HASH JOIN	2	9448
oracle	285	7	560000	990000	720000	8744452815005581450	HASH JOIN	2	9539
oracle	285	7	560000	990000	730000	8744452815005581450	HASH JOIN	2	9632
oracle	285	7	560000	990000	740000	8744452815005581450	HASH JOIN	2	9724
oracle	285	7	560000	990000	750000	8744452815005581450	HASH JOIN	2	9812
oracle	285	7	560000	990000	760000	8744452815005581450	HASH JOIN	2	9905
oracle	285	7	560000	990000	770000	8744452815005581450	HASH JOIN	2	9977
oracle	285	7	560000	990000	780000	8744452815005581450	HASH JOIN	2	10046
oracle	285	7	560000	990000	790000	8744452815005581450	HASH JOIN	2	10114
oracle	285	7	560000	990000	800000	8744452815005581450	HASH JOIN	2	10182
oracle	285	7	560000	990000	810000	8744452815005581450	HASH JOIN	2	10250
oracle	285	7	560000	990000	820000	8744452815005581450	HASH JOIN	2	10318
oracle	285	7	560000	990000	830000	8744452815005581450	HASH JOIN	2	10386
oracle	285	7	560000	990000	840000	8744452815005581450	HASH JOIN	2	10454
oracle	285	7	560000	990000	850000	8744452815005581450	HASH JOIN	2	10523
oracle	285	7	560000	990000	860000	8744452815005581450	HASH JOIN	2	10593
oracle	285	7	560000	990000	870000	8744452815005581450	HASH JOIN	2	10664
oracle	285	7	560000	990000	880000	8744452815005581450	HASH JOIN	2	10730
oracle	285	7	560000	990000	890000	8744452815005581450	HASH JOIN	2	10799
oracle	285	7	560000	990000	900000	8744452815005581450	HASH JOIN	2	10870
oracle	285	7	560000	990000	910000	8744452815005581450	HASH JOIN	2	10938
oracle	285	7	560000	990000	920000	8744452815005581450	HASH JOIN	2	11008
oracle	285	7	560000	990000	930000	8744452815005581450	HASH JOIN	2	11075
oracle	285	7	560000	990000	940000	8744452815005581450	HASH JOIN	2	11145
oracle	285	7	560000	990000	950000	8744452815005581450	HASH JOIN	2	11217
oracle	285	7	560000	990000	960000	8744452815005581450	HASH JOIN	2	11284
oracle	285	7	560000	990000	970000	8744452815005581450	HASH JOIN	2	11355
oracle	285	7	560000	990000	980000	8744452815005581450	HASH JOIN	2	11425
oracle	285	7	560000	990000	990000	8744452815005581450	HASH JOIN	2	11495
oracle	285	7	560000	990000	560000	8744452815005581450	HASH JOIN	4	4798
oracle	285	7	560000	990000	570000	8744452815005581450	HASH JOIN	4	4853
oracle	285	7	560000	990000	580000	8744452815005581450	HASH JOIN	4	4909
oracle	285	7	560000	990000	590000	8744452815005581450	HASH JOIN	4	4966
oracle	285	7	560000	990000	600000	8744452815005581450	HASH JOIN	4	5021
oracle	285	7	560000	990000	610000	8744452815005581450	HASH JOIN	4	5077
oracle	285	7	560000	990000	620000	8744452815005581450	HASH JOIN	4	5135
oracle	285	7	560000	990000	630000	8744452815005581450	HASH JOIN	4	5189
oracle	285	7	560000	990000	640000	8744452815005581450	HASH JOIN	4	5248
oracle	285	7	560000	990000	650000	8744452815005581450	HASH JOIN	4	5304
oracle	285	7	560000	990000	660000	8744452815005581450	HASH JOIN	4	5360
oracle	285	7	560000	990000	670000	8744452815005581450	HASH JOIN	4	5416
oracle	285	7	560000	990000	680000	8744452815005581450	HASH JOIN	4	5473
oracle	285	7	560000	990000	690000	8744452815005581450	HASH JOIN	4	5529
oracle	285	7	560000	990000	700000	8744452815005581450	HASH JOIN	4	5586
oracle	285	7	560000	990000	710000	8744452815005581450	HASH JOIN	4	5642
oracle	285	7	560000	990000	720000	8744452815005581450	HASH JOIN	4	5699
oracle	285	7	560000	990000	730000	8744452815005581450	HASH JOIN	4	5758
oracle	285	7	560000	990000	740000	8744452815005581450	HASH JOIN	4	5816
oracle	285	7	560000	990000	750000	8744452815005581450	HASH JOIN	4	5870
oracle	285	7	560000	990000	760000	8744452815005581450	HASH JOIN	4	5930
oracle	285	7	560000	990000	770000	8744452815005581450	HASH JOIN	4	5984
oracle	285	7	560000	990000	780000	8744452815005581450	HASH JOIN	4	6043
oracle	285	7	560000	990000	790000	8744452815005581450	HASH JOIN	4	6100
oracle	285	7	560000	990000	800000	8744452815005581450	HASH JOIN	4	6159
oracle	285	7	560000	990000	810000	8744452815005581450	HASH JOIN	4	6215
oracle	285	7	560000	990000	820000	8744452815005581450	HASH JOIN	4	6273
oracle	285	7	560000	990000	830000	8744452815005581450	HASH JOIN	4	6330
oracle	285	7	560000	990000	840000	8744452815005581450	HASH JOIN	4	6388
oracle	285	7	560000	990000	850000	8744452815005581450	HASH JOIN	4	6446
oracle	285	7	560000	990000	860000	8744452815005581450	HASH JOIN	4	6504
oracle	285	7	560000	990000	870000	8744452815005581450	HASH JOIN	4	6564
oracle	285	7	560000	990000	880000	8744452815005581450	HASH JOIN	4	6620
oracle	285	7	560000	990000	890000	8744452815005581450	HASH JOIN	4	6678
oracle	285	7	560000	990000	900000	8744452815005581450	HASH JOIN	4	6737
oracle	285	7	560000	990000	910000	8744452815005581450	HASH JOIN	4	6796
oracle	285	7	560000	990000	920000	8744452815005581450	HASH JOIN	4	6854
oracle	285	7	560000	990000	930000	8744452815005581450	HASH JOIN	4	6912
oracle	285	7	560000	990000	940000	8744452815005581450	HASH JOIN	4	6970
oracle	285	7	560000	990000	950000	8744452815005581450	HASH JOIN	4	7030
oracle	285	7	560000	990000	960000	8744452815005581450	HASH JOIN	4	7087
oracle	285	7	560000	990000	970000	8744452815005581450	HASH JOIN	4	7146
oracle	285	7	560000	990000	980000	8744452815005581450	HASH JOIN	4	7205
oracle	285	7	560000	990000	990000	8744452815005581450	HASH JOIN	4	7263
oracle	285	7	560000	990000	560000	8744452815005581450	HASH JOIN	6	2192
oracle	285	7	560000	990000	570000	8744452815005581450	HASH JOIN	6	2231
oracle	285	7	560000	990000	580000	8744452815005581450	HASH JOIN	6	2270
oracle	285	7	560000	990000	590000	8744452815005581450	HASH JOIN	6	2309
oracle	285	7	560000	990000	600000	8744452815005581450	HASH JOIN	6	2348
oracle	285	7	560000	990000	610000	8744452815005581450	HASH JOIN	6	2386
oracle	285	7	560000	990000	620000	8744452815005581450	HASH JOIN	6	2428
oracle	285	7	560000	990000	630000	8744452815005581450	HASH JOIN	6	2464
oracle	285	7	560000	990000	640000	8744452815005581450	HASH JOIN	6	2506
oracle	285	7	560000	990000	650000	8744452815005581450	HASH JOIN	6	2544
oracle	285	7	560000	990000	660000	8744452815005581450	HASH JOIN	6	2583
oracle	285	7	560000	990000	670000	8744452815005581450	HASH JOIN	6	2622
oracle	285	7	560000	990000	680000	8744452815005581450	HASH JOIN	6	2660
oracle	285	7	560000	990000	690000	8744452815005581450	HASH JOIN	6	2699
oracle	285	7	560000	990000	700000	8744452815005581450	HASH JOIN	6	2738
oracle	285	7	560000	990000	710000	8744452815005581450	HASH JOIN	6	2777
oracle	285	7	560000	990000	720000	8744452815005581450	HASH JOIN	6	2816
oracle	285	7	560000	990000	730000	8744452815005581450	HASH JOIN	6	2856
oracle	285	7	560000	990000	740000	8744452815005581450	HASH JOIN	6	2896
oracle	285	7	560000	990000	750000	8744452815005581450	HASH JOIN	6	2932
oracle	285	7	560000	990000	760000	8744452815005581450	HASH JOIN	6	2974
oracle	285	7	560000	990000	770000	8744452815005581450	HASH JOIN	6	3010
oracle	285	7	560000	990000	780000	8744452815005581450	HASH JOIN	6	3051
oracle	285	7	560000	990000	790000	8744452815005581450	HASH JOIN	6	3090
oracle	285	7	560000	990000	800000	8744452815005581450	HASH JOIN	6	3129
oracle	285	7	560000	990000	810000	8744452815005581450	HASH JOIN	6	3168
oracle	285	7	560000	990000	820000	8744452815005581450	HASH JOIN	6	3206
oracle	285	7	560000	990000	830000	8744452815005581450	HASH JOIN	6	3246
oracle	285	7	560000	990000	840000	8744452815005581450	HASH JOIN	6	3284
oracle	285	7	560000	990000	850000	8744452815005581450	HASH JOIN	6	3322
oracle	285	7	560000	990000	860000	8744452815005581450	HASH JOIN	6	3362
oracle	285	7	560000	990000	870000	8744452815005581450	HASH JOIN	6	3402
oracle	285	7	560000	990000	880000	8744452815005581450	HASH JOIN	6	3440
oracle	285	7	560000	990000	890000	8744452815005581450	HASH JOIN	6	3478
oracle	285	7	560000	990000	900000	8744452815005581450	HASH JOIN	6	3519
oracle	285	7	560000	990000	910000	8744452815005581450	HASH JOIN	6	3558
oracle	285	7	560000	990000	920000	8744452815005581450	HASH JOIN	6	3597
oracle	285	7	560000	990000	930000	8744452815005581450	HASH JOIN	6	3636
oracle	285	7	560000	990000	940000	8744452815005581450	HASH JOIN	6	3674
oracle	285	7	560000	990000	950000	8744452815005581450	HASH JOIN	6	3714
oracle	285	7	560000	990000	960000	8744452815005581450	HASH JOIN	6	3752
oracle	285	7	560000	990000	970000	8744452815005581450	HASH JOIN	6	3791
oracle	285	7	560000	990000	980000	8744452815005581450	HASH JOIN	6	3830
oracle	285	7	560000	990000	990000	8744452815005581450	HASH JOIN	6	3868
oracle	285	7	1000000	1650000	1000000	-7928896078830861302	SELECT STATEMENT	0	11570
oracle	285	7	1000000	1650000	1010000	-7928896078830861302	SELECT STATEMENT	0	11622
oracle	285	7	1000000	1650000	1020000	-7928896078830861302	SELECT STATEMENT	0	11678
oracle	285	7	1000000	1650000	1030000	-7928896078830861302	SELECT STATEMENT	0	11733
oracle	285	7	1000000	1650000	1040000	-7928896078830861302	SELECT STATEMENT	0	11788
oracle	285	7	1000000	1650000	1050000	-7928896078830861302	SELECT STATEMENT	0	11846
oracle	285	7	1000000	1650000	1060000	-7928896078830861302	SELECT STATEMENT	0	11898
oracle	285	7	1000000	1650000	1070000	-7928896078830861302	SELECT STATEMENT	0	11956
oracle	285	7	1000000	1650000	1080000	-7928896078830861302	SELECT STATEMENT	0	12009
oracle	285	7	1000000	1650000	1090000	-7928896078830861302	SELECT STATEMENT	0	12064
oracle	285	7	1000000	1650000	1100000	-7928896078830861302	SELECT STATEMENT	0	12119
oracle	285	7	1000000	1650000	1110000	-7928896078830861302	SELECT STATEMENT	0	12176
oracle	285	7	1000000	1650000	1120000	-7928896078830861302	SELECT STATEMENT	0	12230
oracle	285	7	1000000	1650000	1130000	-7928896078830861302	SELECT STATEMENT	0	12288
oracle	285	7	1000000	1650000	1140000	-7928896078830861302	SELECT STATEMENT	0	12342
oracle	285	7	1000000	1650000	1150000	-7928896078830861302	SELECT STATEMENT	0	12397
oracle	285	7	1000000	1650000	1160000	-7928896078830861302	SELECT STATEMENT	0	12453
oracle	285	7	1000000	1650000	1170000	-7928896078830861302	SELECT STATEMENT	0	12507
oracle	285	7	1000000	1650000	1180000	-7928896078830861302	SELECT STATEMENT	0	12564
oracle	285	7	1000000	1650000	1190000	-7928896078830861302	SELECT STATEMENT	0	12619
oracle	285	7	1000000	1650000	1200000	-7928896078830861302	SELECT STATEMENT	0	12676
oracle	285	7	1000000	1650000	1210000	-7928896078830861302	SELECT STATEMENT	0	12729
oracle	285	7	1000000	1650000	1220000	-7928896078830861302	SELECT STATEMENT	0	12786
oracle	285	7	1000000	1650000	1230000	-7928896078830861302	SELECT STATEMENT	0	12843
oracle	285	7	1000000	1650000	1240000	-7928896078830861302	SELECT STATEMENT	0	12897
oracle	285	7	1000000	1650000	1250000	-7928896078830861302	SELECT STATEMENT	0	12954
oracle	285	7	1000000	1650000	1260000	-7928896078830861302	SELECT STATEMENT	0	13010
oracle	285	7	1000000	1650000	1270000	-7928896078830861302	SELECT STATEMENT	0	13067
oracle	285	7	1000000	1650000	1280000	-7928896078830861302	SELECT STATEMENT	0	13123
oracle	285	7	1000000	1650000	1290000	-7928896078830861302	SELECT STATEMENT	0	13178
oracle	285	7	1000000	1650000	1300000	-7928896078830861302	SELECT STATEMENT	0	13236
oracle	285	7	1000000	1650000	1310000	-7928896078830861302	SELECT STATEMENT	0	13292
oracle	285	7	1000000	1650000	1320000	-7928896078830861302	SELECT STATEMENT	0	13349
oracle	285	7	1000000	1650000	1330000	-7928896078830861302	SELECT STATEMENT	0	13405
oracle	285	7	1000000	1650000	1340000	-7928896078830861302	SELECT STATEMENT	0	13461
oracle	285	7	1000000	1650000	1350000	-7928896078830861302	SELECT STATEMENT	0	13515
oracle	285	7	1000000	1650000	1360000	-7928896078830861302	SELECT STATEMENT	0	13573
oracle	285	7	1000000	1650000	1370000	-7928896078830861302	SELECT STATEMENT	0	13630
oracle	285	7	1000000	1650000	1380000	-7928896078830861302	SELECT STATEMENT	0	13687
oracle	285	7	1000000	1650000	1390000	-7928896078830861302	SELECT STATEMENT	0	13742
oracle	285	7	1000000	1650000	1400000	-7928896078830861302	SELECT STATEMENT	0	13801
oracle	285	7	1000000	1650000	1410000	-7928896078830861302	SELECT STATEMENT	0	13857
oracle	285	7	1000000	1650000	1420000	-7928896078830861302	SELECT STATEMENT	0	13912
oracle	285	7	1000000	1650000	1430000	-7928896078830861302	SELECT STATEMENT	0	13971
oracle	285	7	1000000	1650000	1440000	-7928896078830861302	SELECT STATEMENT	0	14030
oracle	285	7	1000000	1650000	1450000	-7928896078830861302	SELECT STATEMENT	0	14085
oracle	285	7	1000000	1650000	1460000	-7928896078830861302	SELECT STATEMENT	0	14141
oracle	285	7	1000000	1650000	1470000	-7928896078830861302	SELECT STATEMENT	0	14200
oracle	285	7	1000000	1650000	1480000	-7928896078830861302	SELECT STATEMENT	0	14256
oracle	285	7	1000000	1650000	1490000	-7928896078830861302	SELECT STATEMENT	0	14314
oracle	285	7	1000000	1650000	1500000	-7928896078830861302	SELECT STATEMENT	0	14372
oracle	285	7	1000000	1650000	1510000	-7928896078830861302	SELECT STATEMENT	0	14429
oracle	285	7	1000000	1650000	1520000	-7928896078830861302	SELECT STATEMENT	0	14486
oracle	285	7	1000000	1650000	1530000	-7928896078830861302	SELECT STATEMENT	0	14546
oracle	285	7	1000000	1650000	1540000	-7928896078830861302	SELECT STATEMENT	0	14601
oracle	285	7	1000000	1650000	1550000	-7928896078830861302	SELECT STATEMENT	0	14660
oracle	285	7	1000000	1650000	1560000	-7928896078830861302	SELECT STATEMENT	0	14718
oracle	285	7	1000000	1650000	1570000	-7928896078830861302	SELECT STATEMENT	0	14776
oracle	285	7	1000000	1650000	1580000	-7928896078830861302	SELECT STATEMENT	0	14833
oracle	285	7	1000000	1650000	1590000	-7928896078830861302	SELECT STATEMENT	0	14891
oracle	285	7	1000000	1650000	1600000	-7928896078830861302	SELECT STATEMENT	0	14950
oracle	285	7	1000000	1650000	1610000	-7928896078830861302	SELECT STATEMENT	0	15005
oracle	285	7	1000000	1650000	1620000	-7928896078830861302	SELECT STATEMENT	0	15065
oracle	285	7	1000000	1650000	1630000	-7928896078830861302	SELECT STATEMENT	0	15121
oracle	285	7	1000000	1650000	1640000	-7928896078830861302	SELECT STATEMENT	0	15180
oracle	285	7	1000000	1650000	1650000	-7928896078830861302	SELECT STATEMENT	0	15238
oracle	285	7	1000000	1650000	1000000	-7928896078830861302	SORT	1	-1
oracle	285	7	1000000	1650000	1010000	-7928896078830861302	SORT	1	-1
oracle	285	7	1000000	1650000	1020000	-7928896078830861302	SORT	1	-1
oracle	285	7	1000000	1650000	1030000	-7928896078830861302	SORT	1	-1
oracle	285	7	1000000	1650000	1040000	-7928896078830861302	SORT	1	-1
oracle	285	7	1000000	1650000	1050000	-7928896078830861302	SORT	1	-1
oracle	285	7	1000000	1650000	1060000	-7928896078830861302	SORT	1	-1
oracle	285	7	1000000	1650000	1070000	-7928896078830861302	SORT	1	-1
oracle	285	7	1000000	1650000	1080000	-7928896078830861302	SORT	1	-1
oracle	285	7	1000000	1650000	1090000	-7928896078830861302	SORT	1	-1
oracle	285	7	1000000	1650000	1100000	-7928896078830861302	SORT	1	-1
oracle	285	7	1000000	1650000	1110000	-7928896078830861302	SORT	1	-1
oracle	285	7	1000000	1650000	1120000	-7928896078830861302	SORT	1	-1
oracle	285	7	1000000	1650000	1130000	-7928896078830861302	SORT	1	-1
oracle	285	7	1000000	1650000	1140000	-7928896078830861302	SORT	1	-1
oracle	285	7	1000000	1650000	1150000	-7928896078830861302	SORT	1	-1
oracle	285	7	1000000	1650000	1160000	-7928896078830861302	SORT	1	-1
oracle	285	7	1000000	1650000	1170000	-7928896078830861302	SORT	1	-1
oracle	285	7	1000000	1650000	1180000	-7928896078830861302	SORT	1	-1
oracle	285	7	1000000	1650000	1190000	-7928896078830861302	SORT	1	-1
oracle	285	7	1000000	1650000	1200000	-7928896078830861302	SORT	1	-1
oracle	285	7	1000000	1650000	1210000	-7928896078830861302	SORT	1	-1
oracle	285	7	1000000	1650000	1220000	-7928896078830861302	SORT	1	-1
oracle	285	7	1000000	1650000	1230000	-7928896078830861302	SORT	1	-1
oracle	285	7	1000000	1650000	1240000	-7928896078830861302	SORT	1	-1
oracle	285	7	1000000	1650000	1250000	-7928896078830861302	SORT	1	-1
oracle	285	7	1000000	1650000	1260000	-7928896078830861302	SORT	1	-1
oracle	285	7	1000000	1650000	1270000	-7928896078830861302	SORT	1	-1
oracle	285	7	1000000	1650000	1280000	-7928896078830861302	SORT	1	-1
oracle	285	7	1000000	1650000	1290000	-7928896078830861302	SORT	1	-1
oracle	285	7	1000000	1650000	1300000	-7928896078830861302	SORT	1	-1
oracle	285	7	1000000	1650000	1310000	-7928896078830861302	SORT	1	-1
oracle	285	7	1000000	1650000	1320000	-7928896078830861302	SORT	1	-1
oracle	285	7	1000000	1650000	1330000	-7928896078830861302	SORT	1	-1
oracle	285	7	1000000	1650000	1340000	-7928896078830861302	SORT	1	-1
oracle	285	7	1000000	1650000	1350000	-7928896078830861302	SORT	1	-1
oracle	285	7	1000000	1650000	1360000	-7928896078830861302	SORT	1	-1
oracle	285	7	1000000	1650000	1370000	-7928896078830861302	SORT	1	-1
oracle	285	7	1000000	1650000	1380000	-7928896078830861302	SORT	1	-1
oracle	285	7	1000000	1650000	1390000	-7928896078830861302	SORT	1	-1
oracle	285	7	1000000	1650000	1400000	-7928896078830861302	SORT	1	-1
oracle	285	7	1000000	1650000	1410000	-7928896078830861302	SORT	1	-1
oracle	285	7	1000000	1650000	1420000	-7928896078830861302	SORT	1	-1
oracle	285	7	1000000	1650000	1430000	-7928896078830861302	SORT	1	-1
oracle	285	7	1000000	1650000	1440000	-7928896078830861302	SORT	1	-1
oracle	285	7	1000000	1650000	1450000	-7928896078830861302	SORT	1	-1
oracle	285	7	1000000	1650000	1460000	-7928896078830861302	SORT	1	-1
oracle	285	7	1000000	1650000	1470000	-7928896078830861302	SORT	1	-1
oracle	285	7	1000000	1650000	1480000	-7928896078830861302	SORT	1	-1
oracle	285	7	1000000	1650000	1490000	-7928896078830861302	SORT	1	-1
oracle	285	7	1000000	1650000	1500000	-7928896078830861302	SORT	1	-1
oracle	285	7	1000000	1650000	1510000	-7928896078830861302	SORT	1	-1
oracle	285	7	1000000	1650000	1520000	-7928896078830861302	SORT	1	-1
oracle	285	7	1000000	1650000	1530000	-7928896078830861302	SORT	1	-1
oracle	285	7	1000000	1650000	1540000	-7928896078830861302	SORT	1	-1
oracle	285	7	1000000	1650000	1550000	-7928896078830861302	SORT	1	-1
oracle	285	7	1000000	1650000	1560000	-7928896078830861302	SORT	1	-1
oracle	285	7	1000000	1650000	1570000	-7928896078830861302	SORT	1	-1
oracle	285	7	1000000	1650000	1580000	-7928896078830861302	SORT	1	-1
oracle	285	7	1000000	1650000	1590000	-7928896078830861302	SORT	1	-1
oracle	285	7	1000000	1650000	1600000	-7928896078830861302	SORT	1	-1
oracle	285	7	1000000	1650000	1610000	-7928896078830861302	SORT	1	-1
oracle	285	7	1000000	1650000	1620000	-7928896078830861302	SORT	1	-1
oracle	285	7	1000000	1650000	1630000	-7928896078830861302	SORT	1	-1
oracle	285	7	1000000	1650000	1640000	-7928896078830861302	SORT	1	-1
oracle	285	7	1000000	1650000	1650000	-7928896078830861302	SORT	1	-1
oracle	285	7	1000000	1650000	1000000	-7928896078830861302	HASH JOIN	2	11570
oracle	285	7	1000000	1650000	1010000	-7928896078830861302	HASH JOIN	2	11622
oracle	285	7	1000000	1650000	1020000	-7928896078830861302	HASH JOIN	2	11678
oracle	285	7	1000000	1650000	1030000	-7928896078830861302	HASH JOIN	2	11733
oracle	285	7	1000000	1650000	1040000	-7928896078830861302	HASH JOIN	2	11788
oracle	285	7	1000000	1650000	1050000	-7928896078830861302	HASH JOIN	2	11846
oracle	285	7	1000000	1650000	1060000	-7928896078830861302	HASH JOIN	2	11898
oracle	285	7	1000000	1650000	1070000	-7928896078830861302	HASH JOIN	2	11956
oracle	285	7	1000000	1650000	1080000	-7928896078830861302	HASH JOIN	2	12009
oracle	285	7	1000000	1650000	1090000	-7928896078830861302	HASH JOIN	2	12064
oracle	285	7	1000000	1650000	1100000	-7928896078830861302	HASH JOIN	2	12119
oracle	285	7	1000000	1650000	1110000	-7928896078830861302	HASH JOIN	2	12176
oracle	285	7	1000000	1650000	1120000	-7928896078830861302	HASH JOIN	2	12230
oracle	285	7	1000000	1650000	1130000	-7928896078830861302	HASH JOIN	2	12288
oracle	285	7	1000000	1650000	1140000	-7928896078830861302	HASH JOIN	2	12342
oracle	285	7	1000000	1650000	1150000	-7928896078830861302	HASH JOIN	2	12397
oracle	285	7	1000000	1650000	1160000	-7928896078830861302	HASH JOIN	2	12453
oracle	285	7	1000000	1650000	1170000	-7928896078830861302	HASH JOIN	2	12507
oracle	285	7	1000000	1650000	1180000	-7928896078830861302	HASH JOIN	2	12564
oracle	285	7	1000000	1650000	1190000	-7928896078830861302	HASH JOIN	2	12619
oracle	285	7	1000000	1650000	1200000	-7928896078830861302	HASH JOIN	2	12676
oracle	285	7	1000000	1650000	1210000	-7928896078830861302	HASH JOIN	2	12729
oracle	285	7	1000000	1650000	1220000	-7928896078830861302	HASH JOIN	2	12786
oracle	285	7	1000000	1650000	1230000	-7928896078830861302	HASH JOIN	2	12843
oracle	285	7	1000000	1650000	1240000	-7928896078830861302	HASH JOIN	2	12897
oracle	285	7	1000000	1650000	1250000	-7928896078830861302	HASH JOIN	2	12954
oracle	285	7	1000000	1650000	1260000	-7928896078830861302	HASH JOIN	2	13010
oracle	285	7	1000000	1650000	1270000	-7928896078830861302	HASH JOIN	2	13067
oracle	285	7	1000000	1650000	1280000	-7928896078830861302	HASH JOIN	2	13123
oracle	285	7	1000000	1650000	1290000	-7928896078830861302	HASH JOIN	2	13178
oracle	285	7	1000000	1650000	1300000	-7928896078830861302	HASH JOIN	2	13236
oracle	285	7	1000000	1650000	1310000	-7928896078830861302	HASH JOIN	2	13292
oracle	285	7	1000000	1650000	1320000	-7928896078830861302	HASH JOIN	2	13349
oracle	285	7	1000000	1650000	1330000	-7928896078830861302	HASH JOIN	2	13405
oracle	285	7	1000000	1650000	1340000	-7928896078830861302	HASH JOIN	2	13461
oracle	285	7	1000000	1650000	1350000	-7928896078830861302	HASH JOIN	2	13515
oracle	285	7	1000000	1650000	1360000	-7928896078830861302	HASH JOIN	2	13573
oracle	285	7	1000000	1650000	1370000	-7928896078830861302	HASH JOIN	2	13630
oracle	285	7	1000000	1650000	1380000	-7928896078830861302	HASH JOIN	2	13687
oracle	285	7	1000000	1650000	1390000	-7928896078830861302	HASH JOIN	2	13742
oracle	285	7	1000000	1650000	1400000	-7928896078830861302	HASH JOIN	2	13801
oracle	285	7	1000000	1650000	1410000	-7928896078830861302	HASH JOIN	2	13857
oracle	285	7	1000000	1650000	1420000	-7928896078830861302	HASH JOIN	2	13912
oracle	285	7	1000000	1650000	1430000	-7928896078830861302	HASH JOIN	2	13971
oracle	285	7	1000000	1650000	1440000	-7928896078830861302	HASH JOIN	2	14030
oracle	285	7	1000000	1650000	1450000	-7928896078830861302	HASH JOIN	2	14085
oracle	285	7	1000000	1650000	1460000	-7928896078830861302	HASH JOIN	2	14141
oracle	285	7	1000000	1650000	1470000	-7928896078830861302	HASH JOIN	2	14200
oracle	285	7	1000000	1650000	1480000	-7928896078830861302	HASH JOIN	2	14256
oracle	285	7	1000000	1650000	1490000	-7928896078830861302	HASH JOIN	2	14314
oracle	285	7	1000000	1650000	1500000	-7928896078830861302	HASH JOIN	2	14372
oracle	285	7	1000000	1650000	1510000	-7928896078830861302	HASH JOIN	2	14429
oracle	285	7	1000000	1650000	1520000	-7928896078830861302	HASH JOIN	2	14486
oracle	285	7	1000000	1650000	1530000	-7928896078830861302	HASH JOIN	2	14546
oracle	285	7	1000000	1650000	1540000	-7928896078830861302	HASH JOIN	2	14601
oracle	285	7	1000000	1650000	1550000	-7928896078830861302	HASH JOIN	2	14660
oracle	285	7	1000000	1650000	1560000	-7928896078830861302	HASH JOIN	2	14718
oracle	285	7	1000000	1650000	1570000	-7928896078830861302	HASH JOIN	2	14776
oracle	285	7	1000000	1650000	1580000	-7928896078830861302	HASH JOIN	2	14833
oracle	285	7	1000000	1650000	1590000	-7928896078830861302	HASH JOIN	2	14891
oracle	285	7	1000000	1650000	1600000	-7928896078830861302	HASH JOIN	2	14950
oracle	285	7	1000000	1650000	1610000	-7928896078830861302	HASH JOIN	2	15005
oracle	285	7	1000000	1650000	1620000	-7928896078830861302	HASH JOIN	2	15065
oracle	285	7	1000000	1650000	1630000	-7928896078830861302	HASH JOIN	2	15121
oracle	285	7	1000000	1650000	1640000	-7928896078830861302	HASH JOIN	2	15180
oracle	285	7	1000000	1650000	1650000	-7928896078830861302	HASH JOIN	2	15238
oracle	285	7	1000000	1650000	1000000	-7928896078830861302	HASH JOIN	4	7326
oracle	285	7	1000000	1650000	1010000	-7928896078830861302	HASH JOIN	4	7367
oracle	285	7	1000000	1650000	1020000	-7928896078830861302	HASH JOIN	4	7411
oracle	285	7	1000000	1650000	1030000	-7928896078830861302	HASH JOIN	4	7455
oracle	285	7	1000000	1650000	1040000	-7928896078830861302	HASH JOIN	4	7497
oracle	285	7	1000000	1650000	1050000	-7928896078830861302	HASH JOIN	4	7543
oracle	285	7	1000000	1650000	1060000	-7928896078830861302	HASH JOIN	4	7584
oracle	285	7	1000000	1650000	1070000	-7928896078830861302	HASH JOIN	4	7630
oracle	285	7	1000000	1650000	1080000	-7928896078830861302	HASH JOIN	4	7672
oracle	285	7	1000000	1650000	1090000	-7928896078830861302	HASH JOIN	4	7714
oracle	285	7	1000000	1650000	1100000	-7928896078830861302	HASH JOIN	4	7759
oracle	285	7	1000000	1650000	1110000	-7928896078830861302	HASH JOIN	4	7803
oracle	285	7	1000000	1650000	1120000	-7928896078830861302	HASH JOIN	4	7846
oracle	285	7	1000000	1650000	1130000	-7928896078830861302	HASH JOIN	4	7891
oracle	285	7	1000000	1650000	1140000	-7928896078830861302	HASH JOIN	4	7935
oracle	285	7	1000000	1650000	1150000	-7928896078830861302	HASH JOIN	4	7977
oracle	285	7	1000000	1650000	1160000	-7928896078830861302	HASH JOIN	4	8021
oracle	285	7	1000000	1650000	1170000	-7928896078830861302	HASH JOIN	4	8064
oracle	285	7	1000000	1650000	1180000	-7928896078830861302	HASH JOIN	4	8108
oracle	285	7	1000000	1650000	1190000	-7928896078830861302	HASH JOIN	4	8151
oracle	285	7	1000000	1650000	1200000	-7928896078830861302	HASH JOIN	4	8196
oracle	285	7	1000000	1650000	1210000	-7928896078830861302	HASH JOIN	4	8237
oracle	285	7	1000000	1650000	1220000	-7928896078830861302	HASH JOIN	4	8282
oracle	285	7	1000000	1650000	1230000	-7928896078830861302	HASH JOIN	4	8326
oracle	285	7	1000000	1650000	1240000	-7928896078830861302	HASH JOIN	4	8369
oracle	285	7	1000000	1650000	1250000	-7928896078830861302	HASH JOIN	4	8413
oracle	285	7	1000000	1650000	1260000	-7928896078830861302	HASH JOIN	4	8456
oracle	285	7	1000000	1650000	1270000	-7928896078830861302	HASH JOIN	4	8500
oracle	285	7	1000000	1650000	1280000	-7928896078830861302	HASH JOIN	4	8543
oracle	285	7	1000000	1650000	1290000	-7928896078830861302	HASH JOIN	4	8587
oracle	285	7	1000000	1650000	1300000	-7928896078830861302	HASH JOIN	4	8631
oracle	285	7	1000000	1650000	1310000	-7928896078830861302	HASH JOIN	4	8676
oracle	285	7	1000000	1650000	1320000	-7928896078830861302	HASH JOIN	4	8719
oracle	285	7	1000000	1650000	1330000	-7928896078830861302	HASH JOIN	4	8764
oracle	285	7	1000000	1650000	1340000	-7928896078830861302	HASH JOIN	4	8806
oracle	285	7	1000000	1650000	1350000	-7928896078830861302	HASH JOIN	4	8848
oracle	285	7	1000000	1650000	1360000	-7928896078830861302	HASH JOIN	4	8893
oracle	285	7	1000000	1650000	1370000	-7928896078830861302	HASH JOIN	4	8937
oracle	285	7	1000000	1650000	1380000	-7928896078830861302	HASH JOIN	4	8981
oracle	285	7	1000000	1650000	1390000	-7928896078830861302	HASH JOIN	4	9023
oracle	285	7	1000000	1650000	1400000	-7928896078830861302	HASH JOIN	4	9069
oracle	285	7	1000000	1650000	1410000	-7928896078830861302	HASH JOIN	4	9111
oracle	285	7	1000000	1650000	1420000	-7928896078830861302	HASH JOIN	4	9154
oracle	285	7	1000000	1650000	1430000	-7928896078830861302	HASH JOIN	4	9199
oracle	285	7	1000000	1650000	1440000	-7928896078830861302	HASH JOIN	4	9244
oracle	285	7	1000000	1650000	1450000	-7928896078830861302	HASH JOIN	4	9287
oracle	285	7	1000000	1650000	1460000	-7928896078830861302	HASH JOIN	4	9329
oracle	285	7	1000000	1650000	1470000	-7928896078830861302	HASH JOIN	4	9375
oracle	285	7	1000000	1650000	1480000	-7928896078830861302	HASH JOIN	4	9417
oracle	285	7	1000000	1650000	1490000	-7928896078830861302	HASH JOIN	4	9462
oracle	285	7	1000000	1650000	1500000	-7928896078830861302	HASH JOIN	4	9505
oracle	285	7	1000000	1650000	1510000	-7928896078830861302	HASH JOIN	4	9550
oracle	285	7	1000000	1650000	1520000	-7928896078830861302	HASH JOIN	4	9593
oracle	285	7	1000000	1650000	1530000	-7928896078830861302	HASH JOIN	4	9639
oracle	285	7	1000000	1650000	1540000	-7928896078830861302	HASH JOIN	4	9680
oracle	285	7	1000000	1650000	1550000	-7928896078830861302	HASH JOIN	4	9725
oracle	285	7	1000000	1650000	1560000	-7928896078830861302	HASH JOIN	4	9769
oracle	285	7	1000000	1650000	1570000	-7928896078830861302	HASH JOIN	4	9813
oracle	285	7	1000000	1650000	1580000	-7928896078830861302	HASH JOIN	4	9857
oracle	285	7	1000000	1650000	1590000	-7928896078830861302	HASH JOIN	4	9900
oracle	285	7	1000000	1650000	1600000	-7928896078830861302	HASH JOIN	4	9945
oracle	285	7	1000000	1650000	1610000	-7928896078830861302	HASH JOIN	4	9987
oracle	285	7	1000000	1650000	1620000	-7928896078830861302	HASH JOIN	4	10033
oracle	285	7	1000000	1650000	1630000	-7928896078830861302	HASH JOIN	4	10075
oracle	285	7	1000000	1650000	1640000	-7928896078830861302	HASH JOIN	4	10120
oracle	285	7	1000000	1650000	1650000	-7928896078830861302	HASH JOIN	4	10163
oracle	285	7	1000000	1650000	1000000	-7928896078830861302	HASH JOIN	6	3853
oracle	285	7	1000000	1650000	1010000	-7928896078830861302	HASH JOIN	6	3873
oracle	285	7	1000000	1650000	1020000	-7928896078830861302	HASH JOIN	6	3894
oracle	285	7	1000000	1650000	1030000	-7928896078830861302	HASH JOIN	6	3915
oracle	285	7	1000000	1650000	1040000	-7928896078830861302	HASH JOIN	6	3936
oracle	285	7	1000000	1650000	1050000	-7928896078830861302	HASH JOIN	6	3958
oracle	285	7	1000000	1650000	1060000	-7928896078830861302	HASH JOIN	6	3978
oracle	285	7	1000000	1650000	1070000	-7928896078830861302	HASH JOIN	6	4000
oracle	285	7	1000000	1650000	1080000	-7928896078830861302	HASH JOIN	6	4020
oracle	285	7	1000000	1650000	1090000	-7928896078830861302	HASH JOIN	6	4041
oracle	285	7	1000000	1650000	1100000	-7928896078830861302	HASH JOIN	6	4063
oracle	285	7	1000000	1650000	1110000	-7928896078830861302	HASH JOIN	6	4084
oracle	285	7	1000000	1650000	1120000	-7928896078830861302	HASH JOIN	6	4104
oracle	285	7	1000000	1650000	1130000	-7928896078830861302	HASH JOIN	6	4126
oracle	285	7	1000000	1650000	1140000	-7928896078830861302	HASH JOIN	6	4147
oracle	285	7	1000000	1650000	1150000	-7928896078830861302	HASH JOIN	6	4168
oracle	285	7	1000000	1650000	1160000	-7928896078830861302	HASH JOIN	6	4189
oracle	285	7	1000000	1650000	1170000	-7928896078830861302	HASH JOIN	6	4210
oracle	285	7	1000000	1650000	1180000	-7928896078830861302	HASH JOIN	6	4231
oracle	285	7	1000000	1650000	1190000	-7928896078830861302	HASH JOIN	6	4251
oracle	285	7	1000000	1650000	1200000	-7928896078830861302	HASH JOIN	6	4273
oracle	285	7	1000000	1650000	1210000	-7928896078830861302	HASH JOIN	6	4294
oracle	285	7	1000000	1650000	1220000	-7928896078830861302	HASH JOIN	6	4315
oracle	285	7	1000000	1650000	1230000	-7928896078830861302	HASH JOIN	6	4336
oracle	285	7	1000000	1650000	1240000	-7928896078830861302	HASH JOIN	6	4357
oracle	285	7	1000000	1650000	1250000	-7928896078830861302	HASH JOIN	6	4378
oracle	285	7	1000000	1650000	1260000	-7928896078830861302	HASH JOIN	6	4398
oracle	285	7	1000000	1650000	1270000	-7928896078830861302	HASH JOIN	6	4420
oracle	285	7	1000000	1650000	1280000	-7928896078830861302	HASH JOIN	6	4441
oracle	285	7	1000000	1650000	1290000	-7928896078830861302	HASH JOIN	6	4462
oracle	285	7	1000000	1650000	1300000	-7928896078830861302	HASH JOIN	6	4483
oracle	285	7	1000000	1650000	1310000	-7928896078830861302	HASH JOIN	6	4504
oracle	285	7	1000000	1650000	1320000	-7928896078830861302	HASH JOIN	6	4526
oracle	285	7	1000000	1650000	1330000	-7928896078830861302	HASH JOIN	6	4547
oracle	285	7	1000000	1650000	1340000	-7928896078830861302	HASH JOIN	6	4567
oracle	285	7	1000000	1650000	1350000	-7928896078830861302	HASH JOIN	6	4588
oracle	285	7	1000000	1650000	1360000	-7928896078830861302	HASH JOIN	6	4609
oracle	285	7	1000000	1650000	1370000	-7928896078830861302	HASH JOIN	6	4630
oracle	285	7	1000000	1650000	1380000	-7928896078830861302	HASH JOIN	6	4652
oracle	285	7	1000000	1650000	1390000	-7928896078830861302	HASH JOIN	6	4672
oracle	285	7	1000000	1650000	1400000	-7928896078830861302	HASH JOIN	6	4694
oracle	285	7	1000000	1650000	1410000	-7928896078830861302	HASH JOIN	6	4714
oracle	285	7	1000000	1650000	1420000	-7928896078830861302	HASH JOIN	6	4734
oracle	285	7	1000000	1650000	1430000	-7928896078830861302	HASH JOIN	6	4757
oracle	285	7	1000000	1650000	1440000	-7928896078830861302	HASH JOIN	6	4779
oracle	285	7	1000000	1650000	1450000	-7928896078830861302	HASH JOIN	6	4799
oracle	285	7	1000000	1650000	1460000	-7928896078830861302	HASH JOIN	6	4819
oracle	285	7	1000000	1650000	1470000	-7928896078830861302	HASH JOIN	6	4842
oracle	285	7	1000000	1650000	1480000	-7928896078830861302	HASH JOIN	6	4862
oracle	285	7	1000000	1650000	1490000	-7928896078830861302	HASH JOIN	6	4883
oracle	285	7	1000000	1650000	1500000	-7928896078830861302	HASH JOIN	6	4904
oracle	285	7	1000000	1650000	1510000	-7928896078830861302	HASH JOIN	6	4925
oracle	285	7	1000000	1650000	1520000	-7928896078830861302	HASH JOIN	6	4947
oracle	285	7	1000000	1650000	1530000	-7928896078830861302	HASH JOIN	6	4968
oracle	285	7	1000000	1650000	1540000	-7928896078830861302	HASH JOIN	6	4988
oracle	285	7	1000000	1650000	1550000	-7928896078830861302	HASH JOIN	6	5009
oracle	285	7	1000000	1650000	1560000	-7928896078830861302	HASH JOIN	6	5030
oracle	285	7	1000000	1650000	1570000	-7928896078830861302	HASH JOIN	6	5052
oracle	285	7	1000000	1650000	1580000	-7928896078830861302	HASH JOIN	6	5073
oracle	285	7	1000000	1650000	1590000	-7928896078830861302	HASH JOIN	6	5094
oracle	285	7	1000000	1650000	1600000	-7928896078830861302	HASH JOIN	6	5115
oracle	285	7	1000000	1650000	1610000	-7928896078830861302	HASH JOIN	6	5136
oracle	285	7	1000000	1650000	1620000	-7928896078830861302	HASH JOIN	6	5158
oracle	285	7	1000000	1650000	1630000	-7928896078830861302	HASH JOIN	6	5178
oracle	285	7	1000000	1650000	1640000	-7928896078830861302	HASH JOIN	6	5199
oracle	285	7	1000000	1650000	1650000	-7928896078830861302	HASH JOIN	6	5220
oracle	285	7	1660000	1990000	1660000	-5087970603184191574	SELECT STATEMENT	0	15290
oracle	285	7	1660000	1990000	1670000	-5087970603184191574	SELECT STATEMENT	0	15336
oracle	285	7	1660000	1990000	1680000	-5087970603184191574	SELECT STATEMENT	0	15383
oracle	285	7	1660000	1990000	1690000	-5087970603184191574	SELECT STATEMENT	0	15431
oracle	285	7	1660000	1990000	1700000	-5087970603184191574	SELECT STATEMENT	0	15478
oracle	285	7	1660000	1990000	1710000	-5087970603184191574	SELECT STATEMENT	0	15526
oracle	285	7	1660000	1990000	1720000	-5087970603184191574	SELECT STATEMENT	0	15573
oracle	285	7	1660000	1990000	1730000	-5087970603184191574	SELECT STATEMENT	0	15620
oracle	285	7	1660000	1990000	1740000	-5087970603184191574	SELECT STATEMENT	0	15668
oracle	285	7	1660000	1990000	1750000	-5087970603184191574	SELECT STATEMENT	0	15714
oracle	285	7	1660000	1990000	1760000	-5087970603184191574	SELECT STATEMENT	0	15763
oracle	285	7	1660000	1990000	1770000	-5087970603184191574	SELECT STATEMENT	0	15811
oracle	285	7	1660000	1990000	1780000	-5087970603184191574	SELECT STATEMENT	0	15858
oracle	285	7	1660000	1990000	1790000	-5087970603184191574	SELECT STATEMENT	0	15904
oracle	285	7	1660000	1990000	1800000	-5087970603184191574	SELECT STATEMENT	0	15953
oracle	285	7	1660000	1990000	1810000	-5087970603184191574	SELECT STATEMENT	0	16000
oracle	285	7	1660000	1990000	1820000	-5087970603184191574	SELECT STATEMENT	0	16048
oracle	285	7	1660000	1990000	1830000	-5087970603184191574	SELECT STATEMENT	0	16095
oracle	285	7	1660000	1990000	1840000	-5087970603184191574	SELECT STATEMENT	0	16144
oracle	285	7	1660000	1990000	1850000	-5087970603184191574	SELECT STATEMENT	0	16191
oracle	285	7	1660000	1990000	1860000	-5087970603184191574	SELECT STATEMENT	0	16239
oracle	285	7	1660000	1990000	1870000	-5087970603184191574	SELECT STATEMENT	0	16286
oracle	285	7	1660000	1990000	1880000	-5087970603184191574	SELECT STATEMENT	0	16332
oracle	285	7	1660000	1990000	1890000	-5087970603184191574	SELECT STATEMENT	0	16381
oracle	285	7	1660000	1990000	1900000	-5087970603184191574	SELECT STATEMENT	0	16430
oracle	285	7	1660000	1990000	1910000	-5087970603184191574	SELECT STATEMENT	0	16477
oracle	285	7	1660000	1990000	1920000	-5087970603184191574	SELECT STATEMENT	0	16523
oracle	285	7	1660000	1990000	1930000	-5087970603184191574	SELECT STATEMENT	0	16572
oracle	285	7	1660000	1990000	1940000	-5087970603184191574	SELECT STATEMENT	0	16618
oracle	285	7	1660000	1990000	1950000	-5087970603184191574	SELECT STATEMENT	0	16667
oracle	285	7	1660000	1990000	1960000	-5087970603184191574	SELECT STATEMENT	0	16714
oracle	285	7	1660000	1990000	1970000	-5087970603184191574	SELECT STATEMENT	0	16762
oracle	285	7	1660000	1990000	1980000	-5087970603184191574	SELECT STATEMENT	0	16809
oracle	285	7	1660000	1990000	1990000	-5087970603184191574	SELECT STATEMENT	0	16856
oracle	285	7	1660000	1990000	1660000	-5087970603184191574	SORT	1	-1
oracle	285	7	1660000	1990000	1670000	-5087970603184191574	SORT	1	-1
oracle	285	7	1660000	1990000	1680000	-5087970603184191574	SORT	1	-1
oracle	285	7	1660000	1990000	1690000	-5087970603184191574	SORT	1	-1
oracle	285	7	1660000	1990000	1700000	-5087970603184191574	SORT	1	-1
oracle	285	7	1660000	1990000	1710000	-5087970603184191574	SORT	1	-1
oracle	285	7	1660000	1990000	1720000	-5087970603184191574	SORT	1	-1
oracle	285	7	1660000	1990000	1730000	-5087970603184191574	SORT	1	-1
oracle	285	7	1660000	1990000	1740000	-5087970603184191574	SORT	1	-1
oracle	285	7	1660000	1990000	1750000	-5087970603184191574	SORT	1	-1
oracle	285	7	1660000	1990000	1760000	-5087970603184191574	SORT	1	-1
oracle	285	7	1660000	1990000	1770000	-5087970603184191574	SORT	1	-1
oracle	285	7	1660000	1990000	1780000	-5087970603184191574	SORT	1	-1
oracle	285	7	1660000	1990000	1790000	-5087970603184191574	SORT	1	-1
oracle	285	7	1660000	1990000	1800000	-5087970603184191574	SORT	1	-1
oracle	285	7	1660000	1990000	1810000	-5087970603184191574	SORT	1	-1
oracle	285	7	1660000	1990000	1820000	-5087970603184191574	SORT	1	-1
oracle	285	7	1660000	1990000	1830000	-5087970603184191574	SORT	1	-1
oracle	285	7	1660000	1990000	1840000	-5087970603184191574	SORT	1	-1
oracle	285	7	1660000	1990000	1850000	-5087970603184191574	SORT	1	-1
oracle	285	7	1660000	1990000	1860000	-5087970603184191574	SORT	1	-1
oracle	285	7	1660000	1990000	1870000	-5087970603184191574	SORT	1	-1
oracle	285	7	1660000	1990000	1880000	-5087970603184191574	SORT	1	-1
oracle	285	7	1660000	1990000	1890000	-5087970603184191574	SORT	1	-1
oracle	285	7	1660000	1990000	1900000	-5087970603184191574	SORT	1	-1
oracle	285	7	1660000	1990000	1910000	-5087970603184191574	SORT	1	-1
oracle	285	7	1660000	1990000	1920000	-5087970603184191574	SORT	1	-1
oracle	285	7	1660000	1990000	1930000	-5087970603184191574	SORT	1	-1
oracle	285	7	1660000	1990000	1940000	-5087970603184191574	SORT	1	-1
oracle	285	7	1660000	1990000	1950000	-5087970603184191574	SORT	1	-1
oracle	285	7	1660000	1990000	1960000	-5087970603184191574	SORT	1	-1
oracle	285	7	1660000	1990000	1970000	-5087970603184191574	SORT	1	-1
oracle	285	7	1660000	1990000	1980000	-5087970603184191574	SORT	1	-1
oracle	285	7	1660000	1990000	1990000	-5087970603184191574	SORT	1	-1
oracle	285	7	1660000	1990000	1660000	-5087970603184191574	HASH JOIN	2	15290
oracle	285	7	1660000	1990000	1670000	-5087970603184191574	HASH JOIN	2	15336
oracle	285	7	1660000	1990000	1680000	-5087970603184191574	HASH JOIN	2	15383
oracle	285	7	1660000	1990000	1690000	-5087970603184191574	HASH JOIN	2	15431
oracle	285	7	1660000	1990000	1700000	-5087970603184191574	HASH JOIN	2	15478
oracle	285	7	1660000	1990000	1710000	-5087970603184191574	HASH JOIN	2	15526
oracle	285	7	1660000	1990000	1720000	-5087970603184191574	HASH JOIN	2	15573
oracle	285	7	1660000	1990000	1730000	-5087970603184191574	HASH JOIN	2	15620
oracle	285	7	1660000	1990000	1740000	-5087970603184191574	HASH JOIN	2	15668
oracle	285	7	1660000	1990000	1750000	-5087970603184191574	HASH JOIN	2	15714
oracle	285	7	1660000	1990000	1760000	-5087970603184191574	HASH JOIN	2	15763
oracle	285	7	1660000	1990000	1770000	-5087970603184191574	HASH JOIN	2	15811
oracle	285	7	1660000	1990000	1780000	-5087970603184191574	HASH JOIN	2	15858
oracle	285	7	1660000	1990000	1790000	-5087970603184191574	HASH JOIN	2	15904
oracle	285	7	1660000	1990000	1800000	-5087970603184191574	HASH JOIN	2	15953
oracle	285	7	1660000	1990000	1810000	-5087970603184191574	HASH JOIN	2	16000
oracle	285	7	1660000	1990000	1820000	-5087970603184191574	HASH JOIN	2	16048
oracle	285	7	1660000	1990000	1830000	-5087970603184191574	HASH JOIN	2	16095
oracle	285	7	1660000	1990000	1840000	-5087970603184191574	HASH JOIN	2	16144
oracle	285	7	1660000	1990000	1850000	-5087970603184191574	HASH JOIN	2	16191
oracle	285	7	1660000	1990000	1860000	-5087970603184191574	HASH JOIN	2	16239
oracle	285	7	1660000	1990000	1870000	-5087970603184191574	HASH JOIN	2	16286
oracle	285	7	1660000	1990000	1880000	-5087970603184191574	HASH JOIN	2	16332
oracle	285	7	1660000	1990000	1890000	-5087970603184191574	HASH JOIN	2	16381
oracle	285	7	1660000	1990000	1900000	-5087970603184191574	HASH JOIN	2	16430
oracle	285	7	1660000	1990000	1910000	-5087970603184191574	HASH JOIN	2	16477
oracle	285	7	1660000	1990000	1920000	-5087970603184191574	HASH JOIN	2	16523
oracle	285	7	1660000	1990000	1930000	-5087970603184191574	HASH JOIN	2	16572
oracle	285	7	1660000	1990000	1940000	-5087970603184191574	HASH JOIN	2	16618
oracle	285	7	1660000	1990000	1950000	-5087970603184191574	HASH JOIN	2	16667
oracle	285	7	1660000	1990000	1960000	-5087970603184191574	HASH JOIN	2	16714
oracle	285	7	1660000	1990000	1970000	-5087970603184191574	HASH JOIN	2	16762
oracle	285	7	1660000	1990000	1980000	-5087970603184191574	HASH JOIN	2	16809
oracle	285	7	1660000	1990000	1990000	-5087970603184191574	HASH JOIN	2	16856
oracle	285	7	1660000	1990000	1660000	-5087970603184191574	HASH JOIN	4	8680
oracle	285	7	1660000	1990000	1670000	-5087970603184191574	HASH JOIN	4	8700
oracle	285	7	1660000	1990000	1680000	-5087970603184191574	HASH JOIN	4	8722
oracle	285	7	1660000	1990000	1690000	-5087970603184191574	HASH JOIN	4	8743
oracle	285	7	1660000	1990000	1700000	-5087970603184191574	HASH JOIN	4	8764
oracle	285	7	1660000	1990000	1710000	-5087970603184191574	HASH JOIN	4	8785
oracle	285	7	1660000	1990000	1720000	-5087970603184191574	HASH JOIN	4	8805
oracle	285	7	1660000	1990000	1730000	-5087970603184191574	HASH JOIN	4	8827
oracle	285	7	1660000	1990000	1740000	-5087970603184191574	HASH JOIN	4	8848
oracle	285	7	1660000	1990000	1750000	-5087970603184191574	HASH JOIN	4	8868
oracle	285	7	1660000	1990000	1760000	-5087970603184191574	HASH JOIN	4	8890
oracle	285	7	1660000	1990000	1770000	-5087970603184191574	HASH JOIN	4	8911
oracle	285	7	1660000	1990000	1780000	-5087970603184191574	HASH JOIN	4	8932
oracle	285	7	1660000	1990000	1790000	-5087970603184191574	HASH JOIN	4	8953
oracle	285	7	1660000	1990000	1800000	-5087970603184191574	HASH JOIN	4	8974
oracle	285	7	1660000	1990000	1810000	-5087970603184191574	HASH JOIN	4	8995
oracle	285	7	1660000	1990000	1820000	-5087970603184191574	HASH JOIN	4	9016
oracle	285	7	1660000	1990000	1830000	-5087970603184191574	HASH JOIN	4	9037
oracle	285	7	1660000	1990000	1840000	-5087970603184191574	HASH JOIN	4	9059
oracle	285	7	1660000	1990000	1850000	-5087970603184191574	HASH JOIN	4	9080
oracle	285	7	1660000	1990000	1860000	-5087970603184191574	HASH JOIN	4	9101
oracle	285	7	1660000	1990000	1870000	-5087970603184191574	HASH JOIN	4	9121
oracle	285	7	1660000	1990000	1880000	-5087970603184191574	HASH JOIN	4	9141
oracle	285	7	1660000	1990000	1890000	-5087970603184191574	HASH JOIN	4	9164
oracle	285	7	1660000	1990000	1900000	-5087970603184191574	HASH JOIN	4	9185
oracle	285	7	1660000	1990000	1910000	-5087970603184191574	HASH JOIN	4	9206
oracle	285	7	1660000	1990000	1920000	-5087970603184191574	HASH JOIN	4	9226
oracle	285	7	1660000	1990000	1930000	-5087970603184191574	HASH JOIN	4	9248
oracle	285	7	1660000	1990000	1940000	-5087970603184191574	HASH JOIN	4	9268
oracle	285	7	1660000	1990000	1950000	-5087970603184191574	HASH JOIN	4	9290
oracle	285	7	1660000	1990000	1960000	-5087970603184191574	HASH JOIN	4	9311
oracle	285	7	1660000	1990000	1970000	-5087970603184191574	HASH JOIN	4	9332
oracle	285	7	1660000	1990000	1980000	-5087970603184191574	HASH JOIN	4	9353
oracle	285	7	1660000	1990000	1990000	-5087970603184191574	HASH JOIN	4	9373
oracle	285	7	1660000	1990000	1660000	-5087970603184191574	HASH JOIN	5	3561
oracle	285	7	1660000	1990000	1670000	-5087970603184191574	HASH JOIN	5	3561
oracle	285	7	1660000	1990000	1680000	-5087970603184191574	HASH JOIN	5	3561
oracle	285	7	1660000	1990000	1690000	-5087970603184191574	HASH JOIN	5	3561
oracle	285	7	1660000	1990000	1700000	-5087970603184191574	HASH JOIN	5	3561
oracle	285	7	1660000	1990000	1710000	-5087970603184191574	HASH JOIN	5	3561
oracle	285	7	1660000	1990000	1720000	-5087970603184191574	HASH JOIN	5	3561
oracle	285	7	1660000	1990000	1730000	-5087970603184191574	HASH JOIN	5	3561
oracle	285	7	1660000	1990000	1740000	-5087970603184191574	HASH JOIN	5	3561
oracle	285	7	1660000	1990000	1750000	-5087970603184191574	HASH JOIN	5	3561
oracle	285	7	1660000	1990000	1760000	-5087970603184191574	HASH JOIN	5	3561
oracle	285	7	1660000	1990000	1770000	-5087970603184191574	HASH JOIN	5	3561
oracle	285	7	1660000	1990000	1780000	-5087970603184191574	HASH JOIN	5	3561
oracle	285	7	1660000	1990000	1790000	-5087970603184191574	HASH JOIN	5	3561
oracle	285	7	1660000	1990000	1800000	-5087970603184191574	HASH JOIN	5	3561
oracle	285	7	1660000	1990000	1810000	-5087970603184191574	HASH JOIN	5	3561
oracle	285	7	1660000	1990000	1820000	-5087970603184191574	HASH JOIN	5	3561
oracle	285	7	1660000	1990000	1830000	-5087970603184191574	HASH JOIN	5	3561
oracle	285	7	1660000	1990000	1840000	-5087970603184191574	HASH JOIN	5	3561
oracle	285	7	1660000	1990000	1850000	-5087970603184191574	HASH JOIN	5	3561
oracle	285	7	1660000	1990000	1860000	-5087970603184191574	HASH JOIN	5	3561
oracle	285	7	1660000	1990000	1870000	-5087970603184191574	HASH JOIN	5	3561
oracle	285	7	1660000	1990000	1880000	-5087970603184191574	HASH JOIN	5	3561
oracle	285	7	1660000	1990000	1890000	-5087970603184191574	HASH JOIN	5	3561
oracle	285	7	1660000	1990000	1900000	-5087970603184191574	HASH JOIN	5	3561
oracle	285	7	1660000	1990000	1910000	-5087970603184191574	HASH JOIN	5	3561
oracle	285	7	1660000	1990000	1920000	-5087970603184191574	HASH JOIN	5	3561
oracle	285	7	1660000	1990000	1930000	-5087970603184191574	HASH JOIN	5	3561
oracle	285	7	1660000	1990000	1940000	-5087970603184191574	HASH JOIN	5	3561
oracle	285	7	1660000	1990000	1950000	-5087970603184191574	HASH JOIN	5	3561
oracle	285	7	1660000	1990000	1960000	-5087970603184191574	HASH JOIN	5	3561
oracle	285	7	1660000	1990000	1970000	-5087970603184191574	HASH JOIN	5	3561
oracle	285	7	1660000	1990000	1980000	-5087970603184191574	HASH JOIN	5	3561
oracle	285	7	1660000	1990000	1990000	-5087970603184191574	HASH JOIN	5	3561
