RUNID	ITERNUM	METIME	PRTIME	TPRTIME	DIFF	TDIFF	NRPROCS	NPROCS
23981	1	16341	16037	16543	304	506	4	96
23981	2	16190	16037	16391	153	354	3	95
23981	3	16341	16038	16544	303	506	4	95
23981	4	16338	16037	16538	301	501	4	95
23981	5	16189	16037	16389	152	352	3	95
23981	6	16350	16038	16552	312	514	4	95
23981	7	16344	16038	16545	306	507	4	95
23981	8	16190	16036	16391	154	355	3	95
23981	9	16343	16037	16546	306	509	4	95
23981	10	16294	16037	16535	257	498	4	95
23981	11	16187	16037	16387	150	350	3	95
23981	12	16342	16038	16545	304	507	4	95
23981	13	16190	16036	16392	154	356	3	95
23981	14	16197	16038	16398	159	360	3	95
23981	15	16345	16039	16547	306	508	5	95
23981	16	16188	16036	16389	152	353	3	95
23981	17	16278	16039	16546	239	507	4	95
23981	18	16341	16038	16542	303	504	4	95
23981	19	16186	16036	16389	150	353	3	95
23981	20	16344	16038	16544	306	506	4	95
23981	21	16343	16039	16544	304	505	4	95
23981	22	16198	16037	16399	161	362	3	95
23981	23	16344	16038	16545	306	507	4	95
23981	24	16353	16038	16555	315	517	4	95
23981	25	16186	16035	16387	151	352	3	95
23981	26	16340	16039	16543	301	504	4	95
23981	27	16343	16038	16547	305	509	4	95
23981	28	16190	16036	16392	154	356	3	95
23981	29	16343	16039	16543	304	504	4	95
23981	30	16338	16040	16539	298	499	4	95
23981	31	16191	16037	16392	154	355	3	95
23981	32	16340	16038	16544	302	506	4	95
23981	33	16337	16037	16539	300	502	4	95
23981	34	16190	16037	16391	153	354	3	95
23981	35	16344	16038	16544	306	506	4	95
23981	36	16346	16038	16546	308	508	5	95
23981	37	16187	16035	16388	152	353	3	95
23981	38	16345	16040	16546	305	506	4	95
23981	39	16343	16038	16545	305	507	4	95
23981	40	16190	16038	16391	152	353	3	95
23981	41	16345	16040	16547	305	507	4	95
23981	42	16342	16039	16541	303	502	4	95
23981	43	16192	16039	16394	153	355	3	95
23981	44	16351	16040	16554	311	514	4	95
23981	45	16341	16037	16541	304	504	4	95
23981	46	16192	16037	16395	155	358	3	95
23981	47	16343	16040	16543	303	503	4	95
23981	48	16341	16040	16543	301	503	4	95
23981	49	16191	16036	16394	155	358	3	95
23981	50	16342	16037	16543	305	506	4	95
23981	51	16350	16038	16553	312	515	4	95
23981	52	16187	16035	16389	152	354	3	95
23981	53	16342	16038	16543	304	505	4	95
23981	54	16342	16036	16543	306	507	4	95
23981	55	16190	16036	16390	154	354	3	95
23981	56	16340	16036	16542	304	506	4	95
23981	57	16339	16036	16542	303	506	4	95
23981	58	16188	16036	16387	152	351	3	95
23981	59	16342	16037	16546	305	509	4	95
23981	60	16346	16038	16548	308	510	4	95
23981	61	16192	16036	16393	156	357	3	95
23981	62	16340	16038	16543	302	505	4	95
23981	63	16182	16036	16381	146	345	3	95
23981	64	16189	16036	16389	153	353	3	95
23981	65	16343	16038	16542	305	504	4	95
23981	66	16189	16036	16390	153	354	3	95
23981	67	16345	16039	16547	306	508	4	95
23981	68	16345	16039	16548	306	509	4	95
23981	69	16188	16037	16389	151	352	3	95
23981	70	16351	16039	16551	312	512	4	95
23981	71	16337	16039	16538	298	499	4	95
23981	72	16187	16035	16389	152	354	3	95
23981	73	16345	16040	16545	305	505	4	95
23981	74	16343	16040	16545	303	505	4	95
23981	75	16187	16036	16389	151	353	3	95
23981	76	16347	16037	16550	310	513	4	95
23981	77	16344	16038	16546	306	508	4	95
23981	78	16188	16036	16390	152	354	3	95
23981	79	16342	16038	16542	304	504	4	95
23981	80	16340	16038	16544	302	506	4	95
23981	81	16188	16037	16390	151	353	3	95
23981	82	16349	16037	16550	312	513	4	95
23981	83	16344	16038	16545	306	507	4	95
23981	84	16183	16034	16384	149	350	4	95
23981	85	16344	16037	16546	307	509	4	95
23981	86	16343	16038	16544	305	506	4	95
23981	87	16189	16035	16392	154	357	3	95
23981	88	16345	16037	16545	308	508	4	95
23981	89	16345	16036	16548	309	512	5	95
23981	90	16189	16035	16390	154	355	3	95
23981	91	16342	16039	16542	303	503	4	95
23981	92	16343	16036	16545	307	509	4	95
23981	93	16189	16037	16390	152	353	3	95
23981	94	16342	16038	16542	304	504	5	95
23981	95	16340	16038	16542	302	504	4	95
23981	96	16189	16036	16392	153	356	3	95
23981	97	16341	16038	16542	303	504	4	95
23981	98	16345	16040	16549	305	509	4	95
23981	99	16191	16039	16393	152	354	3	95
23981	100	16341	16040	16544	301	504	4	95
23981	101	16348	16042	16549	306	507	4	95
23981	102	16192	16038	16394	154	356	3	95
23981	103	16344	16039	16544	305	505	4	95
23981	104	16340	16037	16541	303	504	4	95
23981	105	16190	16037	16392	153	355	4	95
23981	106	16344	16037	16545	307	508	4	95
23981	107	16339	16038	16539	301	501	5	95
23981	108	16192	16037	16392	155	355	3	95
23981	109	16339	16036	16539	303	503	5	95
23981	110	16254	16037	16548	217	511	4	95
23981	111	16184	16036	16387	148	351	3	95
23981	112	16346	16038	16547	308	509	4	95
23981	113	16189	16035	16391	154	356	3	95
23981	114	16189	16036	16390	153	354	4	95
23981	115	16340	16039	16544	301	505	4	95
23981	116	16185	16037	16388	148	351	3	95
23981	117	16345	16038	16546	307	508	5	95
23981	118	16344	16037	16545	307	508	5	95
23981	119	16197	16035	16399	162	364	3	95
23981	120	16342	16040	16542	302	502	4	95
23981	121	16342	16035	16543	307	508	5	95
23981	122	16188	16035	16391	153	356	3	95
23981	123	16343	16038	16543	305	505	4	95
23981	124	16345	16038	16545	307	507	4	95
23981	125	16190	16037	16392	153	355	3	95
23981	126	16341	16038	16543	303	505	4	95
23981	127	16333	16038	16534	295	496	4	95
23981	128	16188	16035	16392	153	357	3	95
23981	129	16343	16040	16543	303	503	4	95
23981	130	16343	16040	16544	303	504	4	95
23981	131	16184	16035	16385	149	350	3	95
23981	132	16343	16038	16542	305	504	4	95
23981	133	16347	16037	16550	310	513	4	95
23981	134	16190	16035	16393	155	358	4	95
23981	135	16345	16039	16548	306	509	4	95
23981	136	16341	16038	16541	303	503	4	95
23981	137	16194	16036	16398	158	362	3	95
23981	138	16351	16037	16552	314	515	5	95
23981	139	16343	16039	16547	304	508	4	95
23981	140	16188	16037	16391	151	354	3	95
23981	141	16346	16040	16546	306	506	4	95
23981	142	16341	16036	16542	305	506	4	95
23981	143	16190	16036	16393	154	357	3	95
23981	144	16342	16038	16542	304	504	4	95
23981	145	16344	16039	16546	305	507	4	95
23981	146	16188	16038	16389	150	351	3	95
23981	147	16340	16037	16540	303	503	4	95
23981	148	16346	16038	16546	308	508	4	95
23981	149	16189	16035	16390	154	355	4	95
23981	150	16341	16040	16544	301	504	4	95
23981	151	16348	16037	16549	311	512	4	95
23981	152	16191	16037	16394	154	357	3	95
23981	153	16337	16036	16539	301	503	4	95
23981	154	16339	16037	16540	302	503	4	95
23981	155	16190	16035	16391	155	356	3	95
23981	156	16335	16036	16537	299	501	4	95
23981	157	16343	16037	16545	306	508	4	95
23981	158	16192	16039	16392	153	353	3	95
23981	159	16344	16040	16546	304	506	4	95
23981	160	16343	16040	16545	303	505	4	95
23981	161	16192	16039	16391	153	352	3	95
23981	162	16345	16040	16546	305	506	4	95
23981	163	16191	16038	16393	153	355	3	95
23981	164	16191	16036	16393	155	357	4	95
23981	165	16342	16040	16543	302	503	4	95
23981	166	16188	16036	16391	152	355	3	95
23981	167	16338	16038	16539	300	501	4	95
23981	168	16341	16037	16542	304	505	4	95
23981	169	16187	16036	16388	151	352	3	95
23981	170	16343	16038	16547	305	509	4	95
23981	171	16343	16036	16544	307	508	4	95
23981	172	16190	16035	16390	155	355	3	95
23981	173	16338	16040	16538	298	498	4	95
23981	174	16344	16039	16546	305	507	4	95
23981	175	16187	16036	16387	151	351	3	95
23981	176	16340	16038	16540	302	502	4	95
23981	177	16342	16037	16544	305	507	4	95
23981	178	16196	16037	16396	159	359	3	95
23981	179	16346	16038	16546	308	508	4	95
23981	180	16350	16039	16550	311	511	4	95
23981	181	16188	16034	16388	154	354	4	95
23981	182	16354	16039	16556	315	517	4	95
23981	183	16345	16037	16548	308	511	4	95
23981	184	16188	16036	16391	152	355	3	95
23981	185	16338	16038	16540	300	502	4	95
23981	186	16342	16037	16544	305	507	5	95
23981	187	16192	16037	16395	155	358	3	95
23981	188	16343	16039	16545	304	506	4	95
23981	189	16360	16035	16563	325	528	5	95
23981	190	16190	16038	16392	152	354	3	95
23981	191	16352	16038	16553	314	515	4	95
23981	192	16343	16038	16545	305	507	4	95
23981	193	16189	16037	16389	152	352	3	95
23981	194	16340	16037	16541	303	504	4	95
23981	195	16334	16036	16534	298	498	4	95
23981	196	16190	16035	16390	155	355	4	95
23981	197	16342	16038	16542	304	504	4	95
23981	198	16340	16036	16540	304	504	4	95
23981	199	16189	16037	16390	152	353	3	95
23981	200	16342	16036	16544	306	508	4	95
23981	201	16350	16037	16552	313	515	4	95
23981	202	16190	16037	16391	153	354	3	95
23981	203	16342	16039	16544	303	505	4	95
23981	204	16341	16037	16542	304	505	4	95
23981	205	16191	16037	16393	154	356	3	95
23981	206	16343	16038	16545	305	507	4	95
23981	207	16190	16036	16390	154	354	3	95
23981	208	16190	16036	16394	154	358	3	95
23981	209	16349	16036	16550	313	514	4	95
23981	210	16190	16036	16389	154	353	3	95
23981	211	16350	16038	16552	312	514	4	95
23981	212	16342	16038	16545	304	507	4	95
23981	213	16190	16036	16392	154	356	3	95
23981	214	16346	16041	16547	305	506	4	95
23981	215	16344	16038	16546	306	508	4	95
23981	216	16183	16035	16387	148	352	3	95
23981	217	16350	16038	16550	312	512	4	95
23981	218	16336	16038	16538	298	500	4	95
23981	219	16187	16035	16388	152	353	3	95
23981	220	16342	16037	16545	305	508	4	95
23981	221	16338	16041	16538	297	497	4	95
23981	222	16187	16035	16389	152	354	3	95
23981	223	16351	16037	16553	314	516	4	95
23981	224	16342	16039	16544	303	505	4	95
23981	225	16198	16037	16398	161	361	3	95
23981	226	16345	16038	16545	307	507	4	95
23981	227	16344	16036	16546	308	510	4	95
23981	228	16188	16037	16388	151	351	3	95
23981	229	16346	16040	16546	306	506	4	95
23981	230	16342	16039	16542	303	503	4	95
23981	231	16193	16039	16394	154	355	3	95
23981	232	16343	16039	16544	304	505	4	95
23981	233	16346	16041	16548	305	507	4	95
23981	234	16193	16039	16396	154	357	3	95
23981	235	16348	16039	16549	309	510	4	95
23981	236	16343	16040	16543	303	503	4	95
23981	237	16190	16037	16390	153	353	3	95
23981	238	16340	16040	16540	300	500	4	95
23981	239	16341	16039	16542	302	503	4	95
23981	240	16189	16037	16390	152	353	3	95
23981	241	16359	16038	16561	321	523	4	95
23981	242	16342	16036	16542	306	506	4	95
23981	243	16189	16036	16393	153	357	3	95
23981	244	16345	16039	16546	306	507	4	95
23981	245	16347	16036	16548	311	512	4	95
23981	246	16187	16037	16386	150	349	3	95
23981	247	16346	16038	16548	308	510	4	95
23981	248	16355	16037	16555	318	518	5	95
23981	249	16190	16036	16393	154	357	3	95
23981	250	16344	16040	16545	304	505	4	95
23981	251	16346	16038	16549	308	511	4	95
23981	252	16200	16038	16400	162	362	3	95
23981	253	16343	16039	16546	304	507	4	95
23981	254	16341	16036	16541	305	505	4	95
23981	255	16188	16036	16388	152	352	3	95
23981	256	16349	16038	16551	311	513	4	95
23981	257	16187	16035	16546	152	511	4	95
23981	258	16191	16036	16394	155	358	3	95
23981	259	16352	16039	16554	313	515	4	95
23981	260	16190	16034	16391	156	357	3	95
23981	261	16186	16036	16386	150	350	3	95
23981	262	16341	16039	16543	302	504	4	95
23981	263	16190	16036	16390	154	354	3	95
23981	264	16344	16037	16543	307	506	4	95
23981	265	16346	16040	16547	306	507	4	95
23981	266	16188	16035	16389	153	354	3	95
23981	267	16344	16037	16546	307	509	5	95
23981	268	16337	16037	16539	300	502	4	95
23981	269	16190	16035	16391	155	356	3	95
23981	270	16344	16040	16544	304	504	4	95
23981	271	16346	16038	16547	308	509	4	95
23981	272	16188	16036	16389	152	353	3	95
23981	273	16345	16039	16548	306	509	4	95
23981	274	16345	16037	16545	308	508	4	95
23981	275	16189	16039	16390	150	351	3	95
23981	276	16345	16038	16548	307	510	4	95
23981	277	16344	16038	16546	306	508	4	95
23981	278	16191	16036	16393	155	357	3	95
23981	279	16344	16037	16545	307	508	4	95
23981	280	16343	16039	16584	304	545	6	96
23981	281	16183	16037	16385	146	348	3	95
23981	282	16342	16039	16543	303	504	4	95
23981	283	16348	16036	16550	312	514	4	95
23981	284	16189	16037	16389	152	352	3	95
23981	285	16352	16037	16553	315	516	4	95
23981	286	16342	16038	16544	304	506	4	95
23981	287	16189	16035	16391	154	356	3	95
23981	288	16343	16037	16547	306	510	4	95
23981	289	16343	16037	16544	306	507	4	95
23981	290	16190	16035	16392	155	357	3	95
23981	291	16342	16039	16543	303	504	4	95
23981	292	16351	16037	16551	314	514	4	95
23981	293	16188	16036	16390	152	354	3	95
23981	294	16345	16038	16546	307	508	4	95
23981	295	16339	16038	16540	301	502	4	95
23981	296	16189	16036	16391	153	355	3	95
23981	297	16344	16038	16544	306	506	4	95
23981	298	16342	16038	16544	304	506	4	95
23981	299	16196	16038	16397	158	359	3	95
23981	300	16342	16038	16544	304	506	4	95
23981	301	16344	16037	16544	307	507	4	95
23981	302	16188	16037	16388	151	351	3	95
23981	303	16345	16038	16547	307	509	4	95
23981	304	16187	16036	16387	151	351	3	95
23981	305	16190	16037	16392	153	355	3	95
23981	306	16343	16038	16546	305	508	4	95
23981	307	16190	16035	16392	155	357	3	95
23981	308	16184	16037	16423	147	386	4	95
23981	309	16345	16037	16545	308	508	4	95
23981	310	16184	16036	16385	148	349	3	95
23981	311	16345	16036	16552	309	516	7	96
23981	312	16338	16037	16539	301	502	4	95
23981	313	16194	16035	16395	159	360	3	95
23981	314	16352	16038	16553	314	515	4	95
23981	315	16343	16035	16545	308	510	4	95
23981	316	16189	16035	16392	154	357	3	95
23981	317	16354	16040	16556	314	516	4	95
23981	318	16342	16037	16544	305	507	4	95
23981	319	16192	16036	16393	156	357	3	95
23981	320	16345	16039	16546	306	507	4	95
23981	321	16347	16039	16548	308	509	4	95
23981	322	16186	16035	16387	151	352	4	95
23981	323	16351	16040	16552	311	512	4	95
23981	324	16343	16037	16543	306	506	4	95
23981	325	16190	16035	16392	155	357	3	95
23981	326	16344	16037	16547	307	510	4	95
23981	327	16342	16036	16544	306	508	4	95
23981	328	16191	16036	16393	155	357	3	95
23981	329	16343	16037	16545	306	508	4	95
23981	330	16345	16037	16548	308	511	4	95
23981	331	16188	16038	16390	150	352	3	95
23981	332	16346	16040	16548	306	508	4	95
23981	333	16342	16040	16542	302	502	4	95
23981	334	16191	16038	16392	153	354	3	95
23981	335	16345	16041	16547	304	506	4	95
23981	336	16344	16038	16547	306	509	4	95
23981	337	16193	16037	16394	156	357	4	95
23981	338	16346	16040	16546	306	506	4	95
23981	339	16346	16038	16548	308	510	4	95
23981	340	16190	16040	16392	150	352	3	95
23981	341	16340	16041	16540	299	499	4	95
23981	342	16344	16040	16546	304	506	4	95
23981	343	16192	16039	16395	153	356	3	95
23981	344	16354	16038	16556	316	518	4	95
23981	345	16343	16039	16543	304	504	4	95
23981	346	16192	16038	16394	154	356	3	95
23981	347	16344	16038	16545	306	507	4	95
23981	348	16338	16037	16538	301	501	4	95
23981	349	16189	16037	16391	152	354	3	95
23981	350	16352	16036	16552	316	516	4	95
23981	351	16337	16038	16539	299	501	4	95
23981	352	16188	16037	16389	151	352	3	95
23981	353	16344	16038	16544	306	506	4	95
23981	354	16342	16037	16543	305	506	4	95
23981	355	16191	16036	16392	155	356	3	95
23981	356	16342	16039	16542	303	503	4	95
23981	357	16195	16036	16396	159	360	3	95
23981	358	16188	16037	16390	151	353	3	95
23981	359	16343	16038	16546	305	508	4	95
23981	360	16187	16036	16389	151	353	3	95
23981	361	16273	16037	16541	236	504	4	95
23981	362	16338	16038	16541	300	503	4	95
23981	363	16193	16036	16396	157	360	3	95
23981	364	16352	16039	16553	313	514	4	95
23981	365	16342	16039	16543	303	504	4	95
23981	366	16195	16037	16395	158	358	3	95
23981	367	16343	16039	16543	304	504	4	95
23981	368	16352	16038	16552	314	514	4	95
23981	369	16187	16036	16387	151	351	3	95
23981	370	16345	16040	16546	305	506	4	95
23981	371	16342	16037	16545	305	508	4	95
23981	372	16190	16037	16391	153	354	3	95
23981	373	16343	16036	16548	307	512	6	96
23981	374	16343	16039	16543	304	504	4	95
23981	375	16184	16037	16385	147	348	3	95
23981	376	16343	16038	16547	305	509	4	95
23981	377	16346	16038	16546	308	508	4	95
23981	378	16184	16034	16387	150	353	4	95
23981	379	16351	16038	16551	313	513	4	95
23981	380	16344	16038	16544	306	506	4	95
23981	381	16189	16036	16391	153	355	3	95
23981	382	16360	16036	16562	324	526	4	95
23981	383	16345	16040	16546	305	506	4	95
23981	384	16197	16038	16397	159	359	3	95
23981	385	16343	16038	16543	305	505	4	95
23981	386	16351	16039	16552	312	513	4	95
23981	387	16188	16037	16390	151	353	3	95
23981	388	16350	16037	16553	313	516	4	95
23981	389	16341	16039	16544	302	505	4	95
23981	390	16189	16037	16389	152	352	3	95
23981	391	16346	16040	16546	306	506	4	95
23981	392	16349	16038	16552	311	514	4	95
23981	393	16192	16036	16391	156	355	3	95
23981	394	16343	16039	16544	304	505	4	95
23981	395	16351	16036	16554	315	518	4	95
23981	396	16187	16037	16389	150	352	3	95
23981	397	16344	16040	16545	304	505	4	95
23981	398	16345	16037	16547	308	510	4	95
23981	399	16191	16036	16391	155	355	3	95
23981	400	16341	16038	16543	303	505	4	95
23981	401	16343	16038	16545	305	507	4	95
23981	402	16196	16037	16397	159	360	3	95
23981	403	16346	16037	16550	309	513	4	95
23981	404	16311	16036	16558	275	522	4	95
23981	405	16188	16038	16388	150	350	3	95
23981	406	16342	16037	16544	305	507	4	95
23981	407	16188	16037	16388	151	351	3	95
23981	408	16198	16037	16399	161	362	3	95
23981	409	16345	16039	16546	306	507	4	95
23981	410	16190	16036	16393	154	357	3	95
23981	411	16342	16039	16542	303	503	4	95
23981	412	16343	16037	16545	306	508	4	95
23981	413	16182	16037	16382	145	345	3	95
23981	414	16345	16038	16545	307	507	4	95
23981	415	16348	16036	16549	312	513	4	95
23981	416	16188	16037	16388	151	351	4	95
23981	417	16338	16037	16538	301	501	4	95
23981	418	16343	16038	16544	305	506	4	95
23981	419	16189	16036	16391	153	355	3	95
23981	420	16337	16037	16539	300	502	4	95
23981	421	16341	16038	16543	303	505	4	95
23981	422	16191	16036	16392	155	356	3	95
23981	423	16343	16039	16546	304	507	4	95
23981	424	16347	16039	16548	308	509	4	95
23981	425	16188	16037	16391	151	354	3	95
23981	426	16347	16039	16548	308	509	4	95
23981	427	16342	16036	16543	306	507	4	95
23981	428	16190	16037	16394	153	357	3	95
23981	429	16342	16040	16542	302	502	4	95
23981	430	16341	16037	16543	304	506	4	95
23981	431	16190	16036	16393	154	357	3	95
23981	432	16344	16038	16544	306	506	4	95
23981	433	16350	16036	16554	314	518	4	95
23981	434	16188	16036	16389	152	353	3	95
23981	435	16345	16037	16554	308	517	6	96
23981	436	16340	16037	16543	303	506	4	95
23981	437	16188	16036	16392	152	356	3	95
23981	438	16334	16038	16536	296	498	4	95
23981	439	16342	16037	16544	305	507	4	95
23981	440	16196	16037	16398	159	361	3	95
23981	441	16344	16038	16547	306	509	4	95
23981	442	16343	16038	16544	305	506	4	95
23981	443	16188	16035	16390	153	355	3	95
23981	444	16344	16039	16546	305	507	4	95
23981	445	16337	16036	16538	301	502	4	95
23981	446	16190	16037	16390	153	353	3	95
23981	447	16343	16037	16546	306	509	4	95
23981	448	16344	16036	16546	308	510	4	95
23981	449	16192	16037	16393	155	356	3	95
23981	450	16342	16037	16543	305	506	5	95
23981	451	16346	16037	16547	309	510	4	95
23981	452	16188	16037	16390	151	353	3	95
23981	453	16339	16038	16540	301	502	5	95
23981	454	16189	16036	16397	153	361	3	95
23981	455	16189	16037	16391	152	354	3	95
23981	456	16344	16038	16547	306	509	4	95
23981	457	16188	16036	16388	152	352	3	95
23981	458	16185	16036	16388	149	352	3	95
23981	459	16341	16036	16544	305	508	4	95
23981	460	16191	16038	16392	153	354	3	95
23981	461	16343	16039	16543	304	504	4	95
23981	462	16345	16038	16548	307	510	4	95
23981	463	16186	16036	16388	150	352	3	95
23981	464	16344	16037	16545	307	508	5	95
23981	465	16335	16037	16536	298	499	4	95
23981	466	16188	16035	16396	153	361	6	96
23981	467	16353	16039	16554	314	515	4	95
23981	468	16341	16039	16542	302	503	4	95
23981	469	16188	16035	16389	153	354	3	95
23981	470	16342	16039	16542	303	503	4	95
23981	471	16345	16037	16546	308	509	4	95
23981	472	16187	16036	16389	151	353	4	95
23981	473	16345	16041	16546	304	505	4	95
23981	474	16342	16036	16544	306	508	4	95
23981	475	16189	16036	16390	153	354	3	95
23981	476	16350	16039	16550	311	511	4	95
23981	477	16342	16038	16546	304	508	4	95
23981	478	16184	16036	16387	148	351	3	95
23981	479	16342	16039	16545	303	506	4	95
23981	480	16346	16038	16548	308	510	4	95
23981	481	16189	16036	16391	153	355	3	95
23981	482	16349	16039	16550	310	511	4	95
23981	483	16340	16039	16540	301	501	4	95
23981	484	16188	16037	16389	151	352	3	95
23981	485	16343	16038	16543	305	505	4	95
23981	486	16342	16038	16544	304	506	4	95
23981	487	16190	16036	16391	154	355	3	95
23981	488	16342	16037	16542	305	505	5	95
23981	489	16345	16035	16546	310	511	5	95
23981	490	16189	16037	16392	152	355	3	95
23981	491	16344	16038	16546	306	508	4	95
23981	492	16341	16039	16544	302	505	4	95
23981	493	16193	16040	16395	153	355	3	95
23981	494	16352	16039	16554	313	515	5	95
23981	495	16343	16039	16545	304	506	4	95
23981	496	16187	16042	16388	145	346	3	95
23981	497	16343	16040	16545	303	505	4	95
23981	498	16190	16038	16392	152	354	3	95
23981	499	16198	16038	16399	160	361	3	95
23981	500	16349	16038	16550	311	512	4	95
23981	501	16186	16035	16388	151	353	3	95
23981	502	16190	16037	16553	153	516	4	95
23981	503	16343	16035	16542	308	507	4	95
23981	504	16190	16035	16391	155	356	4	95
23981	505	16343	16041	16546	302	505	4	95
23981	506	16342	16038	16544	304	506	4	95
23981	507	16196	16036	16400	160	364	3	95
23981	508	16343	16039	16546	304	507	4	95
23981	509	16345	16038	16546	307	508	4	95
23981	510	16186	16037	16387	149	350	3	95
23981	511	16347	16038	16548	309	510	4	95
23981	512	16345	16038	16546	307	508	5	95
23981	513	16189	16036	16389	153	353	3	95
23981	514	16353	16038	16555	315	517	4	95
23981	515	16342	16036	16543	306	507	4	95
23981	516	16191	16036	16395	155	359	3	95
23981	517	16342	16038	16542	304	504	4	95
23981	518	16350	16039	16551	311	512	4	95
23981	519	16188	16035	16389	153	354	3	95
23981	520	16344	16040	16545	304	505	4	95
23981	521	16342	16037	16545	305	508	4	95
23981	522	16188	16036	16390	152	354	3	95
23981	523	16348	16040	16550	308	510	4	95
23981	524	16341	16037	16542	304	505	4	95
23981	525	16183	16036	16385	147	349	3	95
23981	526	16342	16040	16544	302	504	4	95
23981	527	16344	16038	16544	306	506	5	95
23981	528	16187	16037	16387	150	350	3	95
23981	529	16352	16038	16553	314	515	4	95
23981	530	16341	16036	16545	305	509	4	95
23981	531	16189	16036	16391	153	355	3	95
23981	532	16344	16039	16547	305	508	4	95
23981	533	16341	16038	16541	303	503	4	95
23981	534	16192	16036	16394	156	358	3	95
23981	535	16341	16038	16542	303	504	4	95
23981	536	16345	16036	16547	309	511	5	95
23981	537	16188	16037	16389	151	352	3	95
23981	538	16345	16037	16547	308	510	4	95
23981	539	16341	16037	16544	304	507	4	95
23981	540	16188	16036	16390	152	354	3	95
23981	541	16347	16038	16546	309	508	4	95
23981	542	16340	16038	16542	302	504	4	95
23981	543	16197	16036	16397	161	361	3	95
23981	544	16341	16040	16544	301	504	4	95
23981	545	16184	16036	16390	148	354	3	95
23981	546	16190	16037	16391	153	354	3	95
23981	547	16350	16038	16552	312	514	4	95
23981	548	16190	16037	16390	153	353	3	95
23981	549	16191	16036	16394	155	358	3	95
23981	550	16358	16039	16560	319	521	4	95
23981	551	16187	16036	16390	151	354	3	95
23981	552	16346	16039	16549	307	510	4	95
23981	553	16342	16037	16546	305	509	4	95
23981	554	16192	16036	16393	156	357	3	95
23981	555	16341	16039	16543	302	504	4	95
23981	556	16348	16037	16550	311	513	4	95
23981	557	16188	16037	16389	151	352	3	95
23981	558	16350	16040	16551	310	511	4	95
23981	559	16346	16038	16548	308	510	4	95
23981	560	16189	16036	16390	153	354	3	95
23981	561	16346	16039	16548	307	509	4	95
23981	562	16343	16037	16543	306	506	5	95
23981	563	16193	16037	16394	156	357	3	95
23981	564	16341	16040	16543	301	503	4	95
23981	565	16346	16040	16548	306	508	4	95
23981	566	16188	16035	16390	153	355	3	95
23981	567	16346	16038	16549	308	511	4	95
23981	568	16347	16037	16548	310	511	5	95
23981	569	16188	16037	16389	151	352	3	95
23981	570	16345	16036	16547	309	511	4	95
23981	571	16344	16036	16547	308	511	4	95
23981	572	16195	16039	16396	156	357	3	95
23981	573	16343	16037	16543	306	506	4	95
23981	574	16345	16038	16545	307	507	4	95
23981	575	16188	16033	16389	155	356	4	95
23981	576	16349	16038	16549	311	511	4	95
23981	577	16347	16036	16547	311	511	4	95
23981	578	16189	16036	16390	153	354	3	95
23981	579	16344	16039	16546	305	507	4	95
23981	580	16341	16037	16541	304	504	4	95
23981	581	16184	16036	16384	148	348	3	95
23981	582	16341	16041	16542	300	501	4	95
23981	583	16337	16038	16539	299	501	4	95
23981	584	16188	16036	16390	152	354	3	95
23981	585	16351	16039	16552	312	513	4	95
23981	586	16336	16038	16538	298	500	4	95
23981	587	16189	16036	16391	153	355	3	95
23981	588	16337	16038	16538	299	500	4	95
23981	589	16339	16037	16540	302	503	4	95
23981	590	16197	16037	16399	160	362	3	95
23981	591	16341	16038	16543	303	505	4	95
23981	592	16189	16037	16545	152	508	4	95
23981	593	16187	16037	16389	150	352	3	95
23981	594	16351	16040	16552	311	512	4	95
23981	595	16186	16037	16387	149	350	3	95
23981	596	16189	16037	16390	152	353	3	95
23981	597	16348	16037	16552	311	515	4	95
23981	598	16187	16036	16388	151	352	3	95
23981	599	16356	16037	16559	319	522	4	95
23981	600	16348	16037	16552	311	515	4	95
23981	601	16195	16035	16397	160	362	3	95
23981	602	16341	16040	16542	301	502	4	95
23981	603	16345	16036	16546	309	510	4	95
23981	604	16188	16036	16390	152	354	3	95
23981	605	16348	16037	16549	311	512	4	95
23981	606	16344	16038	16546	306	508	4	95
23981	607	16187	16035	16389	152	354	3	95
23981	608	16347	16038	16548	309	510	4	95
23981	609	16341	16038	16543	303	505	4	95
23981	610	16191	16035	16393	156	358	3	95
23981	611	16346	16037	16545	309	508	4	95
23981	612	16345	16038	16546	307	508	4	95
23981	613	16188	16036	16388	152	352	3	95
23981	614	16351	16039	16552	312	513	4	95
23981	615	16344	16037	16547	307	510	4	95
23981	616	16189	16036	16390	153	354	3	95
23981	617	16345	16039	16547	306	508	4	95
23981	618	16343	16040	16543	303	503	4	95
23981	619	16191	16037	16392	154	355	3	95
23981	620	16342	16038	16542	304	504	4	95
23981	621	16346	16038	16548	308	510	4	95
23981	622	16187	16037	16389	150	352	3	95
23981	623	16344	16039	16546	305	507	4	95
23981	624	16344	16038	16546	306	508	4	95
23981	625	16189	16036	16389	153	353	3	95
23981	626	16344	16038	16546	306	508	4	95
23981	627	16339	16035	16541	304	506	4	95
23981	628	16196	16037	16398	159	361	3	95
23981	629	16347	16037	16549	310	512	4	95
23981	630	16336	16039	16537	297	498	4	95
23981	631	16184	16036	16385	148	349	3	95
23981	632	16347	16037	16551	310	514	4	95
23981	633	16345	16036	16547	309	511	4	95
23981	634	16189	16035	16392	154	357	3	95
23981	635	16345	16036	16547	309	511	4	95
23981	636	16344	16037	16545	307	508	4	95
23981	637	16196	16037	16396	159	359	4	95
23981	638	16341	16036	16543	305	507	4	95
23981	639	16352	16039	16556	313	517	4	95
23981	640	16190	16038	16390	152	352	3	95
23981	641	16348	16040	16549	308	509	4	95
23981	642	16188	16036	16388	152	352	3	95
23981	643	16188	16036	16391	152	355	3	95
23981	644	16349	16040	16550	309	510	4	95
23981	645	16187	16037	16388	150	351	3	95
23981	646	16192	16037	16479	155	442	4	95
23981	647	16341	16039	16544	302	505	4	95
23981	648	16183	16035	16385	148	350	3	95
23981	649	16339	16038	16543	301	505	4	95
23981	650	16349	16037	16550	312	513	4	95
23981	651	16182	16036	16383	146	347	3	95
23981	652	16348	16037	16549	311	512	4	95
23981	653	16346	16039	16546	307	507	4	95
23981	654	16186	16035	16387	151	352	3	95
23981	655	16347	16039	16549	308	510	4	95
23981	656	16344	16036	16548	308	512	4	95
23981	657	16195	16037	16396	158	359	3	95
23981	658	16342	16037	16543	305	506	5	95
23981	659	16345	16040	16546	305	506	4	95
23981	660	16187	16036	16387	151	351	3	95
23981	661	16346	16036	16547	310	511	5	95
23981	662	16346	16038	16546	308	508	4	95
23981	663	16187	16037	16387	150	350	3	95
23981	664	16351	16037	16554	314	517	4	95
23981	665	16341	16039	16542	302	503	4	95
23981	666	16192	16036	16394	156	358	3	95
23981	667	16341	16039	16541	302	502	4	95
23981	668	16344	16037	16545	307	508	4	95
23981	669	16187	16038	16388	149	350	3	95
23981	670	16345	16037	16547	308	510	4	95
23981	671	16346	16037	16547	309	510	4	95
23981	672	16189	16035	16390	154	355	3	95
23981	673	16346	16037	16546	309	509	4	95
23981	674	16341	16039	16544	302	505	4	95
23981	675	16193	16036	16394	157	358	3	95
23981	676	16344	16038	16547	306	509	4	95
23981	677	16350	16036	16553	314	517	4	95
23981	678	16190	16037	16390	153	353	3	95
23981	679	16339	16038	16540	301	502	4	95
23981	680	16355	16039	16555	316	516	4	95
23981	681	16188	16036	16390	152	354	3	95
23981	682	16347	16038	16549	309	511	4	95
23981	683	16341	16037	16542	304	505	4	95
23981	684	16192	16036	16391	156	355	3	95
23981	685	16341	16039	16541	302	502	4	95
23981	686	16343	16037	16545	306	508	4	95
23981	687	16189	16036	16390	153	354	3	95
23981	688	16347	16037	16551	310	514	4	95
23981	689	16345	16035	16548	310	513	4	95
23981	690	16189	16038	16391	151	353	3	95
23981	691	16346	16036	16547	310	511	4	95
23981	692	16342	16035	16543	307	508	4	95
23981	693	16192	16037	16394	155	357	3	95
23981	694	16342	16039	16544	303	505	4	95
23981	695	16346	16036	16547	310	511	4	95
23981	696	16187	16037	16388	150	351	3	95
23981	697	16345	16039	16547	306	508	4	95
23981	698	16196	16035	16397	161	362	3	95
23981	699	16188	16036	16387	152	351	3	95
23981	700	16345	16038	16548	307	510	4	95
23981	701	16187	16037	16387	150	350	3	95
23981	702	16194	16037	16546	157	509	4	95
23981	703	16340	16036	16542	304	506	4	95
23981	704	16192	16035	16395	157	360	3	95
23981	705	16342	16038	16542	304	504	4	95
23981	706	16346	16037	16548	309	511	4	95
23981	707	16187	16035	16389	152	354	3	95
23981	708	16344	16039	16545	305	506	4	95
23981	709	16340	16038	16543	302	505	4	95
23981	710	16188	16034	16389	154	355	3	95
23981	711	16345	16038	16547	307	509	5	95
23981	712	16340	16037	16542	303	505	4	95
23981	713	16191	16035	16393	156	358	3	95
23981	714	16349	16039	16550	310	511	4	95
23981	715	16345	16036	16547	309	511	4	95
23981	716	16186	16036	16388	150	352	3	95
23981	717	16343	16038	16545	305	507	4	95
23981	718	16344	16037	16547	307	510	4	95
23981	719	16187	16035	16389	152	354	4	95
23981	720	16344	16038	16546	306	508	4	95
23981	721	16339	16041	16540	298	499	4	95
23981	722	16191	16035	16391	156	356	3	95
23981	723	16340	16039	16542	301	503	4	95
23981	724	16348	16037	16551	311	514	4	95
23981	725	16190	16036	16393	154	357	3	95
23981	726	16344	16037	16545	307	508	4	95
23981	727	16355	16036	16556	319	520	4	95
23981	728	16189	16037	16390	152	353	3	95
23981	729	16345	16037	16549	308	512	4	95
23981	730	16341	16036	16542	305	506	5	95
23981	731	16184	16036	16386	148	350	4	95
23981	732	16339	16039	16541	300	502	4	95
23981	733	16345	16037	16544	308	507	4	95
23981	734	16188	16036	16392	152	356	3	95
23981	735	16344	16037	16547	307	510	4	95
23981	736	16332	16038	16533	294	495	4	95
23981	737	16190	16036	16390	154	354	3	95
23981	738	16346	16038	16547	308	509	4	95
23981	739	16344	16037	16546	307	509	4	95
23981	740	16190	16037	16390	153	353	3	95
23981	741	16344	16039	16545	305	506	4	95
23981	742	16348	16040	16548	308	508	4	95
23981	743	16187	16036	16388	151	352	4	95
23981	744	16343	16039	16546	304	507	4	95
23981	745	16352	16038	16552	314	514	4	95
23981	746	16187	16037	16391	150	354	3	95
23981	747	16345	16037	16548	308	511	4	95
23981	748	16187	16036	16388	151	352	3	95
23981	749	16190	16037	16391	153	354	3	95
23981	750	16340	16037	16544	303	507	4	95
23981	751	16190	16036	16393	154	357	3	95
23981	752	16341	16039	16541	302	502	4	95
23981	753	16345	16037	16546	308	509	4	95
23981	754	16191	16035	16392	156	357	3	95
23981	755	16347	16038	16549	309	511	5	95
23981	756	16344	16035	16545	309	510	4	95
23981	757	16187	16036	16390	151	354	3	95
23981	758	16347	16037	16550	310	513	4	95
23981	759	16343	16039	16543	304	504	4	95
23981	760	16191	16035	16391	156	356	3	95
23981	761	16340	16037	16542	303	505	4	95
23981	762	16340	16039	16542	301	503	4	95
23981	763	16187	16037	16387	150	350	3	95
23981	764	16347	16037	16548	310	511	4	95
23981	765	16353	16040	16554	313	514	4	95
23981	766	16188	16036	16389	152	353	3	95
23981	767	16345	16039	16548	306	509	4	95
23981	768	16342	16038	16542	304	504	4	95
23981	769	16191	16037	16393	154	356	3	95
23981	770	16341	16037	16543	304	506	4	95
23981	771	16345	16037	16547	308	510	4	95
23981	772	16189	16035	16390	154	355	4	95
23981	773	16347	16038	16547	309	509	4	95
23981	774	16341	16038	16543	303	505	4	95
23981	775	16187	16036	16387	151	351	4	95
23981	776	16352	16040	16554	312	514	4	95
23981	777	16339	16037	16540	302	503	4	95
23981	778	16193	16036	16393	157	357	4	95
23981	779	16345	16040	16546	305	506	4	95
23981	780	16339	16037	16543	302	506	4	95
23981	781	16192	16034	16393	158	359	4	95
23981	782	16335	16038	16538	297	500	4	95
23981	783	16339	16036	16541	303	505	4	95
23981	784	16187	16038	16389	149	351	3	95
23981	785	16344	16039	16547	305	508	4	95
23981	786	16340	16037	16540	303	503	5	95
23981	787	16184	16038	16384	146	346	3	95
23981	788	16340	16041	16542	299	501	4	95
23981	789	16341	16035	16543	306	508	5	95
23981	790	16191	16036	16393	155	357	3	95
23981	791	16351	16038	16551	313	513	4	95
23981	792	16347	16038	16549	309	511	4	95
23981	793	16188	16037	16388	151	351	3	95
23981	794	16355	16039	16556	316	517	4	95
23981	795	16186	16036	16545	150	509	4	95
23981	796	16198	16036	16400	162	364	3	95
23981	797	16342	16039	16544	303	505	4	95
23981	798	16188	16035	16391	153	356	3	95
23981	799	16183	16036	16383	147	347	3	95
23981	800	16335	16038	16538	297	500	4	95
23981	801	16186	16036	16388	150	352	3	95
23981	802	16335	16039	16536	296	497	4	95
23981	803	16346	16037	16547	309	510	4	95
23981	804	16186	16036	16389	150	353	3	95
23981	805	16347	16041	16550	306	509	4	95
23981	806	16340	16038	16539	302	501	4	95
23981	807	16191	16037	16392	154	355	3	95
23981	808	16341	16038	16541	303	503	4	95
23981	809	16349	16038	16552	311	514	4	95
23981	810	16195	16035	16396	160	361	3	95
23981	811	16344	16037	16545	307	508	5	95
23981	812	16345	16038	16546	307	508	4	95
23981	813	16187	16037	16387	150	350	3	95
23981	814	16350	16039	16552	311	513	5	95
23981	815	16341	16038	16542	303	504	4	95
23981	816	16184	16038	16385	146	347	3	95
23981	817	16341	16036	16543	305	507	4	95
23981	818	16346	16038	16549	308	511	4	95
23981	819	16191	16035	16394	156	359	3	95
23981	820	16343	16039	16545	304	506	4	95
23981	821	16344	16038	16545	306	507	4	95
23981	822	16187	16037	16389	150	352	3	95
23981	823	16345	16037	16547	308	510	4	95
23981	824	16340	16038	16542	302	504	4	95
23981	825	16192	16036	16391	156	355	3	95
23981	826	16338	16037	16540	301	503	4	95
23981	827	16336	16037	16538	299	501	4	95
23981	828	16195	16036	16399	159	363	3	95
23981	829	16346	16037	16548	309	511	5	95
23981	830	16349	16036	16550	313	514	4	95
23981	831	16187	16037	16389	150	352	3	95
23981	832	16344	16038	16546	306	508	4	95
23981	833	16341	16037	16541	304	504	4	95
23981	834	16191	16037	16391	154	354	3	95
23981	835	16339	16038	16541	301	503	4	95
23981	836	16347	16040	16548	307	508	4	95
23981	837	16189	16037	16389	152	352	3	95
23981	838	16347	16038	16549	309	511	4	95
23981	839	16187	16036	16392	151	356	3	95
23981	840	16189	16036	16390	153	354	3	95
23981	841	16345	16038	16547	307	509	4	95
23981	842	16187	16035	16389	152	354	3	95
23981	843	16183	16035	16386	148	351	3	95
23981	844	16340	16037	16543	303	506	4	95
23981	845	16198	16036	16400	162	364	3	95
23981	846	16344	16038	16546	306	508	4	95
23981	847	16348	16040	16551	308	511	4	95
23981	848	16187	16037	16387	150	350	3	95
23981	849	16344	16037	16547	307	510	4	95
23981	850	16345	16038	16546	307	508	4	95
23981	851	16186	16036	16386	150	350	3	95
23981	852	16345	16038	16548	307	510	4	95
23981	853	16340	16037	16542	303	505	4	95
23981	854	16196	16036	16397	160	361	3	95
23981	855	16341	16039	16541	302	502	4	95
23981	856	16344	16038	16545	306	507	4	95
23981	857	16188	16037	16389	151	352	3	95
23981	858	16343	16038	16544	305	506	4	95
23981	859	16345	16037	16545	308	508	4	95
23981	860	16187	16036	16389	151	353	3	95
23981	861	16347	16038	16549	309	511	4	95
23981	862	16341	16036	16542	305	506	4	95
23981	863	16197	16037	16399	160	362	3	95
23981	864	16340	16039	16540	301	501	4	95
23981	865	16349	16038	16549	311	511	4	95
23981	866	16189	16035	16392	154	357	3	95
23981	867	16350	16037	16551	313	514	4	95
23981	868	16346	16039	16548	307	509	4	95
23981	869	16188	16036	16390	152	354	3	95
23981	870	16344	16040	16547	304	507	4	95
23981	871	16338	16036	16539	302	503	4	95
23981	872	16197	16038	16397	159	359	3	95
23981	873	16341	16039	16542	302	503	4	95
23981	874	16338	16037	16538	301	501	4	95
23981	875	16197	16034	16398	163	364	3	95
23981	876	16346	16039	16546	307	507	4	95
23981	877	16343	16038	16546	305	508	4	95
23981	878	16187	16037	16387	150	350	3	95
23981	879	16344	16039	16546	305	507	4	95
23981	880	16339	16036	16540	303	504	4	95
23981	881	16196	16037	16399	159	362	3	95
23981	882	16340	16038	16540	302	502	4	95
23981	883	16335	16037	16538	298	501	4	95
23981	884	16197	16036	16399	161	363	3	95
23981	885	16346	16039	16548	307	509	4	95
23981	886	16186	16037	16387	149	350	3	95
23981	887	16187	16037	16387	150	350	3	95
23981	888	16344	16038	16546	306	508	4	95
23981	889	16183	16035	16384	148	349	3	95
23981	890	16198	16038	16551	160	513	4	95
23981	891	16339	16036	16541	303	505	4	95
23981	892	16191	16036	16391	155	355	3	95
23981	893	16340	16037	16543	303	506	5	95
23981	894	16341	16038	16542	303	504	4	95
23981	895	16188	16036	16389	152	353	3	95
23981	896	16344	16039	16545	305	506	4	95
23981	897	16345	16039	16545	306	506	4	95
23981	898	16183	16036	16383	147	347	3	95
23981	899	16353	16038	16552	315	514	4	95
23981	900	16349	16038	16551	311	513	4	95
23981	901	16193	16036	16393	157	357	3	95
23981	902	16344	16038	16545	306	507	4	95
23981	903	16342	16037	16545	305	508	4	95
23981	904	16188	16036	16390	152	354	3	95
23981	905	16342	16039	16544	303	505	4	95
23981	906	16344	16038	16545	306	507	4	95
23981	907	16183	16037	16385	146	348	3	95
23981	908	16354	16039	16556	315	517	4	95
23981	909	16339	16038	16542	301	504	4	95
23981	910	16190	16035	16391	155	356	3	95
23981	911	16344	16039	16548	305	509	4	95
23981	912	16342	16040	16543	302	503	4	95
23981	913	16193	16037	16394	156	357	3	95
23981	914	16353	16037	16553	316	516	4	95
23981	915	16354	16037	16557	317	520	4	95
23981	916	16183	16037	16383	146	346	3	95
23981	917	16354	16039	16557	315	518	4	95
23981	918	16339	16038	16539	301	501	4	95
23981	919	16191	16036	16391	155	355	4	95
23981	920	16339	16037	16540	302	503	5	95
23981	921	16341	16036	16544	305	508	4	95
23981	922	16189	16037	16391	152	354	3	95
23981	923	16344	16037	16546	307	509	4	95
23981	924	16345	16038	16549	307	511	5	95
23981	925	16184	16037	16385	147	348	3	95
23981	926	16351	16039	16553	312	514	4	95
23981	927	16340	16039	16544	301	505	4	95
23981	928	16191	16036	16393	155	357	3	95
23981	929	16339	16039	16539	300	500	4	95
23981	930	16341	16039	16542	302	503	4	95
23981	931	16189	16037	16393	152	356	3	95
23981	932	16349	16039	16549	310	510	4	95
23981	933	16187	16034	16388	153	354	3	95
23981	934	16183	16038	16384	145	346	3	95
23981	935	16353	16038	16554	315	516	4	95
23981	936	16187	16036	16387	151	351	3	95
23981	937	16190	16036	16544	154	508	4	95
23981	938	16335	16039	16536	296	497	4	95
23981	939	16194	16034	16397	160	363	3	95
23981	940	16342	16038	16542	304	504	4	95
23981	941	16344	16038	16545	306	507	4	95
23981	942	16195	16038	16395	157	357	3	95
23981	943	16343	16039	16543	304	504	4	95
23981	944	16353	16038	16554	315	516	4	95
23981	945	16186	16036	16388	150	352	3	95
23981	946	16345	16039	16546	306	507	4	95
23981	947	16339	16037	16539	302	502	4	95
23981	948	16194	16037	16394	157	357	3	95
23981	949	16339	16038	16543	301	505	4	95
23981	950	16343	16037	16545	306	508	4	95
23981	951	16190	16036	16392	154	356	3	95
23981	952	16344	16041	16545	303	504	4	95
23981	953	16351	16038	16552	313	514	4	95
23981	954	16187	16036	16388	151	352	3	95
23981	955	16350	16039	16551	311	512	4	95
23981	956	16338	16037	16539	301	502	4	95
23981	957	16194	16037	16397	157	360	3	95
23981	958	16345	16040	16549	305	509	4	95
23981	959	16350	16037	16550	313	513	4	95
23981	960	16187	16037	16389	150	352	3	95
23981	961	16342	16040	16545	302	505	4	95
23981	962	16352	16037	16553	315	516	4	95
23981	963	16188	16036	16392	152	356	3	95
23981	964	16343	16039	16545	304	506	4	95
23981	965	16341	16039	16541	302	502	4	95
23981	966	16188	16036	16390	152	354	3	95
23981	967	16339	16040	16543	299	503	4	95
23981	968	16344	16038	16546	306	508	4	95
23981	969	16188	16037	16390	151	353	3	95
23981	970	16339	16039	16539	300	500	4	95
23981	971	16347	16036	16549	311	513	4	95
23981	972	16186	16036	16387	150	351	3	95
23981	973	16344	16038	16545	306	507	4	95
23981	974	16342	16038	16543	304	505	4	95
23981	975	16197	16037	16397	160	360	3	95
23981	976	16339	16040	16542	299	502	4	95
23981	977	16343	16037	16545	306	508	4	95
23981	978	16197	16037	16400	160	363	3	95
23981	979	16356	16038	16557	318	519	4	95
23981	980	16345	16036	16546	309	510	4	95
23981	981	16189	16037	16392	152	355	3	95
23981	982	16355	16037	16556	318	519	4	95
23981	983	16338	16037	16540	301	503	4	95
23981	984	16191	16038	16392	153	354	3	95
23981	985	16338	16037	16540	301	503	5	95
23981	986	16196	16034	16400	162	366	4	95
23981	987	16189	16036	16391	153	355	4	95
23981	988	16357	16037	16559	320	522	5	95
23981	989	16188	16035	16390	153	355	4	95
23981	990	16196	16036	16400	160	364	3	95
23981	991	16342	16038	16542	304	504	4	95
23981	992	16185	16035	16386	150	351	3	95
23981	993	16341	16038	16543	303	505	4	95
23981	994	16341	16036	16541	305	505	4	95
23981	995	16195	16037	16395	158	358	3	95
23981	996	16343	16038	16545	305	507	4	95
23981	997	16342	16036	16543	306	507	4	95
23981	998	16187	16036	16388	151	352	3	95
23981	999	16347	16038	16548	309	510	4	95
23981	1000	16344	16037	16545	307	508	4	95
