RUNID	ITERNUM	METIME	PRTIME	TPRTIME	DIFF	TDIFF	NRPROCS	NPROCS
18600	1	256575	256545	256777	30	232	7	94
18600	2	256571	256542	256771	29	229	6	94
18600	3	256566	256537	256767	29	230	7	94
18600	4	256576	256545	256774	31	229	6	94
18600	5	256577	256548	256776	29	228	6	94
18600	6	256578	256545	256777	33	232	8	94
18600	7	256579	256550	256780	29	230	6	94
18600	8	256580	256550	256780	30	230	6	94
18600	9	256570	256543	256770	27	227	6	94
18600	10	256576	256548	256777	28	229	6	94
18600	11	256578	256548	256777	30	229	7	94
18600	12	256568	256541	256768	27	227	6	94
18600	13	256578	256546	256780	32	234	7	94
18600	14	256579	256550	256779	29	229	6	94
18600	15	256569	256540	256770	29	230	6	94
18600	16	256575	256547	256776	28	229	6	94
18600	17	256580	256550	256780	30	230	6	94
18600	18	256578	256548	256776	30	228	7	94
18600	19	256568	256540	256769	28	229	6	94
18600	20	256575	256542	256777	33	235	7	94
18600	21	256591	256559	256791	32	232	7	94
18600	22	256573	256544	256772	29	228	6	94
18600	23	256569	256538	256771	31	233	6	94
18600	24	256571	256538	256769	33	231	6	94
18600	25	256575	256546	256777	29	231	7	94
18600	26	256574	256544	256773	30	229	6	94
18600	27	256571	256540	256770	31	230	6	94
18600	28	256571	256540	256771	31	231	6	94
18600	29	256575	256545	256775	30	230	6	94
18600	30	256571	256542	256771	29	229	6	94
18600	31	256572	256542	256772	30	230	6	94
18600	32	256570	256543	256769	27	226	6	94
18600	33	256571	256542	256772	29	230	6	94
18600	34	256572	256544	256772	28	228	6	94
18600	35	256582	256552	256784	30	232	8	94
18600	36	256573	256543	256774	30	231	6	94
18600	37	256574	256545	256775	29	230	6	94
18600	38	256565	256539	256765	26	226	7	94
18600	39	256573	256545	256773	28	228	6	94
18600	40	256580	256549	256780	31	231	7	94
18600	41	256567	256538	256765	29	227	7	94
18600	42	256572	256545	256773	27	228	6	94
18600	43	256579	256550	256779	29	229	6	94
18600	44	256575	256545	256774	30	229	6	94
18600	45	256573	256545	256774	28	229	6	94
18600	46	256582	256550	256782	32	232	8	94
18600	47	256574	256545	256776	29	231	8	94
18600	48	256579	256549	256781	30	232	7	94
18600	49	256574	256544	256774	30	230	6	94
18600	50	256574	256544	256775	30	231	6	94
18600	51	256577	256547	256779	30	232	6	94
18600	52	256567	256539	256768	28	229	7	94
18600	53	256579	256548	256780	31	232	8	94
18600	54	256567	256537	256766	30	229	6	94
18600	55	256571	256543	256771	28	228	6	94
18600	56	256572	256544	256771	28	227	6	94
18600	57	256574	256544	256775	30	231	8	94
18600	58	256572	256545	256772	27	227	6	94
18600	59	256567	256538	256766	29	228	6	94
18600	60	256578	256546	256777	32	231	7	94
18600	61	256571	256541	256771	30	230	7	94
18600	62	256572	256543	256772	29	229	6	94
18600	63	256581	256551	256780	30	229	7	94
18600	64	256570	256541	256770	29	229	6	94
18600	65	256568	256539	256769	29	230	6	94
18600	66	256575	256547	256775	28	228	6	94
18600	67	256573	256545	256772	28	227	6	94
18600	68	256575	256546	256776	29	230	8	94
18600	69	256578	256547	256779	31	232	8	94
18600	70	256572	256543	256772	29	229	6	94
18600	71	256579	256552	256778	27	226	6	94
18600	72	256574	256545	256774	29	229	6	94
18600	73	256572	256540	256772	32	232	7	94
18600	74	256569	256541	256770	28	229	7	94
18600	75	256570	256541	256769	29	228	7	94
18600	76	256573	256545	256773	28	228	6	94
18600	77	256575	256546	256778	29	232	7	94
18600	78	256570	256538	256772	32	234	6	94
18600	79	256569	256538	256771	31	233	6	94
18600	80	256569	256537	256772	32	235	7	94
18600	81	256606	256556	256805	50	249	11	105
18600	82	256574	256542	256774	32	232	6	94
18600	83	256568	256538	256767	30	229	6	94
18600	84	256569	256541	256769	28	228	6	94
18600	85	256568	256536	256769	32	233	6	94
18600	86	256568	256538	256770	30	232	7	94
18600	87	256573	256545	256774	28	229	7	94
18600	88	256572	256542	256771	30	229	7	94
18600	89	256568	256540	256767	28	227	6	94
18600	90	256571	256540	256770	31	230	7	94
18600	91	256577	256547	256778	30	231	7	94
18600	92	256570	256541	256770	29	229	6	94
18600	93	256578	256547	256778	31	231	6	94
18600	94	256566	256539	256766	27	227	6	94
18600	95	256575	256542	256773	33	231	6	94
18600	96	256572	256543	256773	29	230	7	94
18600	97	256565	256536	256764	29	228	6	94
18600	98	256573	256544	256774	29	230	7	94
18600	99	256568	256540	256769	28	229	7	94
18600	100	256579	256548	256780	31	232	7	94
18600	101	256567	256537	256767	30	230	7	94
18600	102	256578	256548	256779	30	231	7	94
18600	103	256574	256544	256773	30	229	6	94
18600	104	256573	256546	256772	27	226	7	94
18600	105	256580	256547	256778	33	231	6	94
18600	106	256568	256537	256768	31	231	6	94
18600	107	256576	256548	256777	28	229	7	94
18600	108	256576	256545	256774	31	229	6	94
18600	109	256573	256543	256773	30	230	7	94
18600	110	256572	256543	256773	29	230	6	94
18600	111	256571	256542	256771	29	229	8	94
18600	112	256566	256535	256766	31	231	6	94
18600	113	256572	256543	256772	29	229	6	94
18600	114	256574	256545	256775	29	230	7	94
18600	115	256572	256544	256773	28	229	6	94
18600	116	256577	256547	256777	30	230	8	94
18600	117	256569	256540	256768	29	228	8	94
18600	118	256572	256541	256770	31	229	7	94
18600	119	256574	256543	256776	31	233	6	94
18600	120	256574	256546	256774	28	228	6	94
18600	121	256577	256546	256776	31	230	6	94
18600	122	256579	256549	256781	30	232	6	94
18600	123	256575	256547	256775	28	228	6	94
18600	124	256641	256567	256838	74	271	13	112
18600	125	256572	256542	256771	30	229	7	94
18600	126	256573	256547	256773	26	226	6	94
18600	127	256568	256541	256769	27	228	6	94
18600	128	256578	256546	256777	32	231	7	94
18600	129	256582	256551	256782	31	231	6	94
18600	130	256575	256544	256776	31	232	6	94
18600	131	256574	256544	256772	30	228	6	94
18600	132	256572	256540	256771	32	231	6	94
18600	133	256574	256543	256774	31	231	7	94
18600	134	256573	256545	256774	28	229	6	94
18600	135	256568	256538	256767	30	229	7	94
18600	136	256578	256550	256778	28	228	7	94
18600	137	256571	256543	256772	28	229	6	94
18600	138	256577	256546	256775	31	229	6	94
18600	139	256571	256541	256771	30	230	7	94
18600	140	256573	256543	256773	30	230	6	94
18600	141	256573	256543	256773	30	230	6	94
18600	142	256567	256536	256766	31	230	7	94
18600	143	256580	256548	256782	32	234	7	94
18600	144	256571	256539	256772	32	233	6	94
18600	145	256573	256541	256773	32	232	8	94
18600	146	256572	256543	256772	29	229	7	94
18600	147	256572	256542	256772	30	230	7	94
18600	148	256581	256549	256781	32	232	8	94
18600	149	256567	256537	256770	30	233	8	95
18600	150	256573	256547	256773	26	226	6	94
18600	151	256579	256550	256778	29	228	6	94
18600	152	256572	256546	256771	26	225	6	94
18600	153	256571	256542	256771	29	229	6	94
18600	154	256577	256544	256779	33	235	6	94
18600	155	256574	256542	256772	32	230	6	94
18600	156	256572	256545	256771	27	226	6	94
18600	157	256574	256543	256775	31	232	6	94
18600	158	256574	256543	256774	31	231	6	94
18600	159	256566	256539	256767	27	228	7	94
18600	160	256568	256540	256768	28	228	6	94
18600	161	256584	256552	256785	32	233	7	94
18600	162	256565	256537	256766	28	229	7	94
18600	163	256575	256543	256775	32	232	7	94
18600	164	256569	256540	256770	29	230	7	94
18600	165	256572	256543	256772	29	229	6	94
18600	166	256573	256544	256773	29	229	6	94
18600	167	256579	256549	256780	30	231	6	94
18600	168	256579	256549	256780	30	231	6	94
18600	169	256574	256541	256774	33	233	7	94
18600	170	256568	256536	256769	32	233	7	94
18600	171	256573	256544	256772	29	228	6	94
18600	172	256578	256551	256779	27	228	7	94
18600	173	256571	256540	256769	31	229	6	94
18600	174	256569	256541	256770	28	229	6	94
18600	175	256573	256543	256774	30	231	6	94
18600	176	256573	256543	256775	30	232	6	94
18600	177	256575	256545	256775	30	230	6	94
18600	178	256567	256537	256769	30	232	6	94
18600	179	256579	256549	256777	30	228	6	94
18600	180	256574	256544	256773	30	229	6	94
18600	181	256574	256547	256774	27	227	6	94
18600	182	256567	256542	256766	25	224	5	94
18600	183	256573	256544	256772	29	228	7	94
18600	184	256572	256538	256772	34	234	7	94
18600	185	256573	256542	256773	31	231	8	94
18600	186	256577	256548	256777	29	229	7	94
18600	187	256575	256545	256775	30	230	7	94
18600	188	256571	256542	256772	29	230	6	94
18600	189	256574	256543	256773	31	230	6	94
18600	190	256574	256548	256773	26	225	5	94
18600	191	256572	256544	256771	28	227	6	94
18600	192	256576	256549	256776	27	227	7	94
18600	193	256572	256544	256771	28	227	6	94
18600	194	256572	256542	256772	30	230	7	94
18600	195	256571	256543	256771	28	228	6	94
18600	196	256574	256543	256776	31	233	7	94
18600	197	256573	256543	256772	30	229	6	94
18600	198	256577	256549	256777	28	228	7	94
18600	199	256572	256543	256773	29	230	6	94
18600	200	256577	256546	256776	31	230	7	94
18600	201	256570	256542	256770	28	228	6	94
18600	202	256571	256539	256771	32	232	7	94
18600	203	256584	256555	256783	29	228	6	94
18600	204	256577	256549	256778	28	229	6	94
18600	205	256566	256537	256766	29	229	7	94
18600	206	256573	256545	256773	28	228	6	94
18600	207	256575	256543	256774	32	231	6	94
18600	208	256576	256546	256776	30	230	6	94
18600	209	256570	256544	256771	26	227	5	94
18600	210	256571	256540	256771	31	231	6	94
18600	211	256570	256541	256770	29	229	8	94
18600	212	256571	256542	256771	29	229	7	94
18600	213	256578	256548	256777	30	229	6	94
18600	214	256570	256543	256770	27	227	6	94
18600	215	256577	256548	256777	29	229	6	94
18600	216	256569	256540	256769	29	229	6	94
18600	217	256587	256560	256787	27	227	6	94
18600	218	256566	256537	256766	29	229	7	94
18600	219	256568	256539	256768	29	229	7	94
18600	220	256575	256547	256776	28	229	6	94
18600	221	256576	256546	256776	30	230	6	94
18600	222	256568	256539	256767	29	228	6	94
18600	223	256576	256547	256776	29	229	7	94
18600	224	256574	256546	256776	28	230	7	94
18600	225	256582	256554	256782	28	228	7	94
18600	226	256571	256541	256769	30	228	6	94
18600	227	256571	256545	256771	26	226	6	94
18600	228	256578	256546	256778	32	232	6	94
18600	229	256575	256546	256774	29	228	6	94
18600	230	256577	256543	256777	34	234	8	94
18600	231	256578	256548	256777	30	229	7	94
18600	232	256576	256545	256776	31	231	7	94
18600	233	256570	256540	256769	30	229	6	94
18600	234	256569	256540	256770	29	230	6	94
18600	235	256574	256546	256774	28	228	6	94
18600	236	256572	256542	256772	30	230	6	94
18600	237	256569	256541	256769	28	228	6	94
18600	238	256570	256542	256769	28	227	6	94
18600	239	256577	256550	256776	27	226	6	94
18600	240	256573	256539	256771	34	232	7	94
18600	241	256574	256546	256778	28	232	7	95
18600	242	256577	256547	256777	30	230	7	94
18600	243	256565	256535	256764	30	229	6	94
18600	244	256572	256546	256774	26	228	7	94
18600	245	256578	256548	256778	30	230	8	94
18600	246	256580	256554	256780	26	226	6	94
18600	247	256577	256550	256776	27	226	6	94
18600	248	256574	256543	256774	31	231	6	94
18600	249	256567	256536	256769	31	233	6	94
18600	250	256570	256541	256771	29	230	6	94
18600	251	256573	256544	256773	29	229	6	94
18600	252	256580	256551	256780	29	229	6	94
18600	253	256574	256545	256778	29	233	6	94
18600	254	256571	256544	256770	27	226	6	94
18600	255	256578	256550	256777	28	227	7	94
18600	256	256569	256540	256768	29	228	6	94
18600	257	256567	256538	256769	29	231	6	94
18600	258	256574	256546	256775	28	229	6	94
18600	259	256573	256542	256771	31	229	6	94
18600	260	256574	256546	256773	28	227	6	94
18600	261	256574	256544	256772	30	228	6	94
18600	262	256569	256540	256770	29	230	7	94
18600	263	256572	256543	256771	29	228	6	94
18600	264	256572	256542	256772	30	230	6	94
18600	265	256576	256544	256776	32	232	7	94
18600	266	256573	256542	256772	31	230	7	94
18600	267	256576	256546	256776	30	230	8	94
18600	268	256573	256542	256773	31	231	6	94
18600	269	256576	256547	256776	29	229	6	94
18600	270	256566	256538	256765	28	227	6	94
18600	271	256581	256550	256780	31	230	7	94
18600	272	256568	256535	256770	33	235	6	94
18600	273	256578	256548	256777	30	229	7	94
18600	274	256567	256540	256767	27	227	6	94
18600	275	256573	256542	256772	31	230	6	94
18600	276	256575	256543	256776	32	233	7	94
18600	277	256568	256538	256766	30	228	6	94
18600	278	256569	256543	256769	26	226	6	94
18600	279	256577	256546	256777	31	231	6	94
18600	280	256568	256541	256768	27	227	6	94
18600	281	256572	256544	256771	28	227	6	94
18600	282	256575	256545	256776	30	231	8	94
18600	283	256572	256545	256771	27	226	7	94
18600	284	256570	256540	256770	30	230	6	94
18600	285	256571	256539	256770	32	231	8	94
18600	286	256567	256538	256768	29	230	6	94
18600	287	256577	256547	256776	30	229	6	94
18600	288	256566	256536	256767	30	231	6	94
18600	289	256565	256538	256765	27	227	6	94
18600	290	256568	256539	256767	29	228	6	94
18600	291	256576	256543	256776	33	233	7	94
18600	292	256581	256552	256781	29	229	6	94
18600	293	256567	256538	256769	29	231	6	94
18600	294	256577	256547	256778	30	231	8	94
18600	295	256579	256548	256778	31	230	6	94
18600	296	256571	256542	256771	29	229	6	94
18600	297	256578	256551	256777	27	226	6	94
18600	298	256569	256538	256769	31	231	6	94
18600	299	256574	256542	256772	32	230	7	94
18600	300	256575	256542	256774	33	232	7	94
