RUNID	ITERNUM	METIME	PRTIME	TPRTIME	DIFF	TDIFF	NRPROCS	NPROCS
18440	1	2007	2006	2205	1	199	3	93
18440	2	2005	2005	2201	0	196	2	93
18440	3	2005	2005	2203	0	198	2	93
18440	4	2008	2006	2206	2	200	3	93
18440	5	2007	2006	2203	1	197	3	93
18440	6	1999	1999	2195	0	196	2	93
18440	7	2005	2005	2203	0	198	2	93
18440	8	2005	2005	2202	0	197	2	93
18440	9	2007	2006	2203	1	197	3	93
18440	10	2005	2005	2201	0	196	2	93
18440	11	2005	2004	2202	1	198	2	93
18440	12	2005	2005	2203	0	198	2	93
18440	13	2005	2005	2204	0	199	3	93
18440	14	1999	2000	2196	-1	196	2	93
18440	15	2005	2005	2201	0	196	2	93
18440	16	2005	2005	2203	0	198	2	93
18440	17	2005	2005	2201	0	196	2	93
18440	18	2005	2005	2204	0	199	3	93
18440	19	2005	2005	2201	0	196	2	93
18440	20	2005	2005	2203	0	198	2	93
18440	21	2004	2005	2201	-1	196	2	93
18440	22	2001	2000	2199	1	199	3	93
18440	23	2005	2005	2201	0	196	2	93
18440	24	2005	2005	2202	0	197	2	93
18440	25	2005	2005	2201	0	196	2	93
18440	26	2007	2006	2203	1	197	3	93
18440	27	2005	2006	2202	-1	196	2	93
18440	28	2005	2005	2203	0	198	2	93
18440	29	2005	2004	2202	1	198	2	93
18440	30	2002	2001	2198	1	197	3	93
18440	31	2005	2005	2203	0	198	2	93
18440	32	2005	2005	2203	0	198	2	93
18440	33	2005	2005	2201	0	196	2	93
18440	34	2007	2006	2204	1	198	3	93
18440	35	2005	2005	2203	0	198	2	93
18440	36	2005	2005	2201	0	196	2	93
18440	37	2004	2005	2201	-1	196	2	93
18440	38	2003	2003	2200	0	197	3	93
18440	39	2005	2005	2201	0	196	2	93
18440	40	2005	2005	2203	0	198	2	93
18440	41	2005	2005	2201	0	196	2	93
18440	42	2007	2006	2205	1	199	3	93
18440	43	2005	2005	2203	0	198	2	93
18440	44	2005	2005	2203	0	198	2	93
18440	45	2004	2004	2202	0	198	2	93
18440	46	2002	2001	2201	1	200	2	93
18440	47	2005	2005	2201	0	196	2	93
18440	48	2005	2005	2203	0	198	2	93
18440	49	2005	2005	2203	0	198	2	93
18440	50	2005	2005	2203	0	198	2	93
18440	51	2007	2006	2203	1	197	3	93
18440	52	2005	2005	2203	0	198	2	93
18440	53	2003	2003	2199	0	196	2	93
18440	54	2003	2003	2201	0	198	2	93
18440	55	2007	2006	2205	1	199	3	93
18440	56	2005	2005	2201	0	196	2	93
18440	57	2005	2005	2203	0	198	2	93
18440	58	2005	2005	2203	0	198	2	93
18440	59	2007	2006	2203	1	197	3	93
18440	60	2005	2005	2203	0	198	2	93
18440	61	2003	2003	2199	0	196	2	93
18440	62	2003	2003	2201	0	198	2	93
18440	63	2007	2006	2203	1	197	3	93
18440	64	2004	2005	2201	-1	196	2	93
18440	65	2005	2005	2201	0	196	2	93
18440	66	2005	2005	2201	0	196	2	93
18440	67	2007	2006	2203	1	197	3	93
18440	68	2005	2005	2203	0	198	2	93
18440	69	2003	2003	2201	0	198	2	93
18440	70	2003	2003	2199	0	196	2	93
18440	71	2007	2006	2203	1	197	3	93
18440	72	2005	2005	2203	0	198	2	93
18440	73	2005	2005	2203	0	198	2	93
18440	74	2005	2005	2201	0	196	2	93
18440	75	2005	2005	2201	0	196	2	93
18440	76	2005	2005	2201	0	196	2	93
18440	77	2002	2003	2199	-1	196	2	93
18440	78	2003	2004	2200	-1	196	2	93
18440	79	2005	2005	2203	0	198	2	93
18440	80	2007	2006	2203	1	197	3	93
18440	81	2005	2005	2203	0	198	2	93
18440	82	2005	2005	2203	0	198	2	93
18440	83	2005	2005	2203	0	198	2	93
18440	84	2007	2006	2205	1	199	3	93
18440	85	2002	2002	2198	0	196	2	93
18440	86	2004	2004	2200	0	196	2	93
18440	87	2005	2005	2203	0	198	2	93
18440	88	2007	2006	2203	1	197	3	93
18440	89	2005	2005	2201	0	196	2	93
18440	90	2005	2005	2203	0	198	2	93
18440	91	2005	2005	2203	0	198	2	93
18440	92	2008	2006	2203	2	197	3	93
18440	93	2002	2002	2200	0	198	2	93
18440	94	2003	2004	2200	-1	196	2	93
18440	95	2006	2005	2201	1	196	2	93
18440	96	2007	2005	2204	2	199	3	93
18440	97	2005	2005	2201	0	196	2	93
18440	98	2005	2005	2201	0	196	2	93
18440	99	2005	2005	2203	0	198	2	93
18440	100	2007	2006	2203	1	197	3	93
18440	101	2001	2001	2199	0	198	2	93
18440	102	2004	2005	2201	-1	196	2	93
18440	103	2005	2005	2201	0	196	2	93
18440	104	2007	2006	2205	1	199	3	93
18440	105	2005	2005	2203	0	198	2	93
18440	106	2005	2005	2201	0	196	2	93
18440	107	2005	2005	2203	0	198	2	93
18440	108	2005	2005	2201	0	196	2	93
18440	109	2001	2000	2200	1	200	2	93
18440	110	2005	2005	2201	0	196	2	93
18440	111	2005	2005	2203	0	198	2	93
18440	112	2005	2005	2201	0	196	2	93
18440	113	2007	2005	2206	2	201	3	93
18440	114	2005	2005	2203	0	198	2	93
18440	115	2005	2005	2203	0	198	2	93
18440	116	2005	2006	2202	-1	196	2	93
18440	117	2002	2002	2199	0	197	3	93
18440	118	2005	2005	2201	0	196	2	93
18440	119	2005	2005	2203	0	198	2	93
18440	120	2005	2005	2201	0	196	2	93
18440	121	2007	2006	2204	1	198	3	93
18440	122	2005	2005	2201	0	196	2	93
18440	123	2005	2005	2201	0	196	2	93
18440	124	2005	2005	2201	0	196	2	93
18440	125	2002	2001	2200	1	199	3	93
18440	126	2005	2005	2203	0	198	2	93
18440	127	2006	2005	2201	1	196	2	93
18440	128	2005	2006	2202	-1	196	2	93
18440	129	2007	2006	2203	1	197	3	93
18440	130	2005	2005	2201	0	196	2	93
18440	131	2005	2005	2203	0	198	2	93
18440	132	2005	2005	2201	0	196	2	93
18440	133	2001	2000	2201	1	201	3	93
18440	134	2005	2005	2201	0	196	2	93
18440	135	2005	2005	2201	0	196	2	93
18440	136	2005	2005	2203	0	198	2	93
18440	137	2005	2005	2201	0	196	2	93
18440	138	2005	2005	2201	0	196	2	93
18440	139	2005	2005	2203	0	198	2	93
18440	140	2005	2005	2203	0	198	2	93
18440	141	2000	2000	2198	0	198	2	93
18440	142	2007	2006	2203	1	197	3	93
18440	143	2005	2005	2201	0	196	2	93
18440	144	2005	2004	2202	1	198	2	93
18440	145	2005	2005	2201	0	196	2	93
18440	146	2007	2006	2203	1	197	3	93
18440	147	2005	2005	2203	0	198	2	93
18440	148	2005	2005	2203	0	198	2	93
18440	149	2000	1999	2197	1	198	2	93
18440	150	2007	2006	2205	1	199	3	93
18440	151	2006	2005	2201	1	196	2	93
18440	152	2005	2006	2202	-1	196	2	93
18440	153	2005	2005	2201	0	196	2	93
18440	154	2007	2006	2203	1	197	3	93
18440	155	2006	2005	2204	1	199	3	93
18440	156	2005	2005	2203	0	198	2	93
18440	157	1999	2000	2196	-1	196	2	93
18440	158	2007	2006	2205	1	199	3	93
18440	159	2005	2004	2202	1	198	2	93
18440	160	2005	2005	2201	0	196	2	93
18440	161	2005	2005	2201	0	196	2	93
18440	162	2007	2006	2203	1	197	3	93
18440	163	2005	2005	2203	0	198	2	93
18440	164	2005	2006	2202	-1	196	2	93
18440	165	2000	1999	2197	1	198	2	93
18440	166	2005	2005	2201	0	196	2	93
18440	167	2005	2005	2201	0	196	2	93
18440	168	2005	2005	2203	0	198	2	93
18440	169	2005	2005	2203	0	198	2	93
18440	170	2005	2005	2201	0	196	2	93
18440	171	2007	2006	2205	1	199	3	93
18440	172	2005	2005	2201	0	196	2	93
18440	173	2000	1999	2197	1	198	2	93
18440	174	2005	2005	2203	0	198	2	93
18440	175	2007	2006	2203	1	197	3	93
18440	176	2005	2005	2203	0	198	2	93
18440	177	2006	2005	2201	1	196	2	93
18440	178	2005	2004	2202	1	198	2	93
18440	179	2007	2006	2203	1	197	3	93
18440	180	2005	2005	2201	0	196	2	93
18440	181	1999	1999	2195	0	196	2	93
18440	182	2005	2005	2203	0	198	2	93
18440	183	2007	2006	2205	1	199	3	93
18440	184	2005	2005	2203	0	198	2	93
18440	185	2005	2005	2203	0	198	2	93
18440	186	2004	2005	2201	-1	196	2	93
18440	187	2008	2006	2203	2	197	3	93
18440	188	2005	2005	2203	0	198	2	93
18440	189	1999	1999	2197	0	198	2	93
18440	190	2005	2005	2203	0	198	2	93
18440	191	2005	2005	2203	0	198	2	93
18440	192	2005	2005	2203	0	198	2	93
18440	193	2005	2005	2201	0	196	2	93
18440	194	2005	2005	2201	0	196	2	93
18440	195	2005	2005	2203	0	198	2	93
18440	196	2005	2005	2201	0	196	2	93
18440	197	1999	1999	2197	0	198	2	93
18440	198	2005	2005	2201	0	196	2	93
18440	199	2005	2005	2203	0	198	2	93
18440	200	2007	2006	2203	1	197	3	93
18440	201	2005	2005	2201	0	196	2	93
18440	202	2005	2005	2201	0	196	2	93
18440	203	2004	2005	2201	-1	196	2	93
18440	204	2007	2006	2205	1	199	3	93
18440	205	1999	1999	2195	0	196	2	93
18440	206	2005	2005	2203	0	198	2	93
18440	207	2005	2005	2201	0	196	2	93
18440	208	2007	2006	2203	1	197	3	93
18440	209	2005	2005	2203	0	198	2	93
18440	210	2005	2005	2203	0	198	2	93
18440	211	2005	2005	2203	0	198	2	93
18440	212	2007	2006	2205	1	199	3	93
18440	213	1999	1999	2195	0	196	2	93
18440	214	2005	2005	2201	0	196	2	93
18440	215	2005	2005	2203	0	198	2	93
18440	216	2007	2006	2203	1	197	3	93
18440	217	2005	2005	2201	0	196	2	93
18440	218	2005	2005	2201	0	196	2	93
18440	219	2005	2005	2203	0	198	2	93
18440	220	2007	2006	2203	1	197	3	93
18440	221	1999	1999	2195	0	196	2	93
18440	222	2005	2005	2201	0	196	2	93
18440	223	2005	2005	2201	0	196	2	93
18440	224	2005	2005	2205	0	200	2	93
18440	225	2005	2005	2203	0	198	2	93
18440	226	2005	2005	2203	0	198	2	93
18440	227	2005	2005	2203	0	198	2	93
18440	228	2005	2005	2201	0	196	2	93
18440	229	1999	2000	2197	-1	197	3	93
18440	230	2005	2005	2201	0	196	2	93
18440	231	2005	2005	2203	0	198	2	93
18440	232	2005	2005	2201	0	196	2	93
18440	233	2007	2006	2205	1	199	3	93
18440	234	2005	2005	2203	0	198	2	93
18440	235	2005	2005	2203	0	198	2	93
18440	236	2005	2005	2202	0	197	2	93
18440	237	2001	2001	2198	0	197	3	93
18440	238	2005	2005	2201	0	196	2	93
18440	239	2005	2005	2203	0	198	2	93
18440	240	2005	2005	2201	0	196	2	93
18440	241	2007	2006	2203	1	197	3	93
18440	242	2005	2005	2201	0	196	2	93
18440	243	2005	2006	2202	-1	196	2	93
18440	244	2005	2005	2202	0	197	2	93
18440	245	2003	2003	2200	0	197	3	93
18440	246	2005	2005	2201	0	196	2	93
18440	247	2005	2005	2202	0	197	2	93
18440	248	2005	2005	2201	0	196	2	93
18440	249	2007	2006	2205	1	199	3	93
18440	250	2005	2005	2203	0	198	2	93
18440	251	2005	2005	2203	0	198	2	93
18440	252	2004	2004	2200	0	196	2	93
18440	253	2004	2003	2202	1	199	3	93
18440	254	2005	2005	2203	0	198	2	93
18440	255	2005	2005	2203	0	198	2	93
18440	256	2005	2005	2203	0	198	2	93
18440	257	2007	2006	2205	1	199	3	93
18440	258	2005	2005	2203	0	198	2	93
18440	259	2005	2005	2203	0	198	2	93
18440	260	2004	2004	2200	0	196	2	93
18440	261	2002	2002	2200	0	198	2	93
18440	262	2005	2005	2201	0	196	2	93
18440	263	2005	2005	2203	0	198	2	93
18440	264	2005	2005	2203	0	198	2	93
18440	265	2005	2005	2203	0	198	2	93
18440	266	2007	2006	2203	1	197	3	93
18440	267	2005	2005	2203	0	198	2	93
18440	268	2003	2002	2200	1	198	2	93
18440	269	2003	2004	2200	-1	196	2	93
18440	270	2007	2006	2205	1	199	3	93
18440	271	2005	2005	2201	0	196	2	93
18440	272	2005	2005	2201	0	196	2	93
18440	273	2005	2005	2203	0	198	2	93
18440	274	2007	2006	2205	1	199	3	93
18440	275	2005	2005	2201	0	196	2	93
18440	276	2002	2002	2200	0	198	2	93
18440	277	2003	2004	2200	-1	196	2	93
18440	278	2007	2006	2205	1	199	3	93
18440	279	2005	2005	2201	0	196	2	93
18440	280	2005	2005	2201	0	196	2	93
18440	281	2005	2005	2201	0	196	2	93
18440	282	2007	2006	2205	1	199	3	93
18440	283	2005	2005	2203	0	198	2	93
18440	284	2002	2002	2200	0	198	2	93
18440	285	2004	2004	2200	0	196	2	93
18440	286	2007	2006	2205	1	199	3	93
18440	287	2005	2005	2203	0	198	2	93
18440	288	2005	2005	2203	0	198	2	93
18440	289	2005	2005	2203	0	198	2	93
18440	290	2007	2006	2203	1	197	3	93
18440	291	2005	2005	2201	0	196	2	93
18440	292	2000	2001	2197	-1	196	2	93
18440	293	2004	2005	2201	-1	196	2	93
18440	294	2005	2005	2203	0	198	2	93
18440	295	2005	2005	2203	0	198	2	93
18440	296	2005	2005	2201	0	196	2	93
18440	297	2005	2005	2203	0	198	2	93
18440	298	2005	2005	2201	0	196	2	93
18440	299	2005	2005	2203	0	198	3	93
18440	300	2001	2000	2198	1	198	2	93
18440	301	2005	2005	2201	0	196	2	93
18440	302	2005	2005	2201	0	196	2	93
18440	303	2007	2006	2205	1	199	3	93
18440	304	2005	2005	2201	0	196	2	93
18440	305	2005	2005	2203	0	198	2	93
18440	306	2005	2005	2203	0	198	2	93
18440	307	2007	2006	2205	1	199	3	93
18440	308	2000	2000	2198	0	198	2	93
18440	309	2005	2005	2203	0	198	2	93
18440	310	2005	2005	2203	0	198	2	93
18440	311	2007	2006	2205	1	199	3	93
18440	312	2005	2005	2201	0	196	2	93
18440	313	2005	2005	2201	0	196	2	93
18440	314	2005	2005	2201	0	196	2	93
18440	315	2007	2006	2205	1	199	3	93
18440	316	1999	2000	2196	-1	196	2	93
18440	317	2005	2005	2203	0	198	2	93
18440	318	2005	2004	2200	1	196	2	93
18440	319	2007	2006	2205	1	199	3	93
18440	320	2005	2005	2203	0	198	2	93
18440	321	2005	2005	2203	0	198	2	93
18440	322	2005	2005	2201	0	196	2	93
18440	323	2007	2006	2203	1	197	3	93
18440	324	1999	1999	2195	0	196	2	93
18440	325	2005	2005	2201	0	196	2	93
18440	326	2005	2005	2201	0	196	2	93
18440	327	2005	2005	2203	0	198	2	93
18440	328	2005	2005	2201	0	196	2	93
18440	329	2005	2005	2201	0	196	2	93
18440	330	2005	2005	2202	0	197	2	93
18440	331	2005	2005	2201	0	196	2	93
18440	332	2001	2000	2197	1	197	3	93
18440	333	2005	2005	2201	0	196	2	93
18440	334	2005	2005	2201	0	196	2	93
18440	335	2005	2005	2201	0	196	2	93
18440	336	2007	2006	2203	1	197	3	93
18440	337	2005	2005	2201	0	196	2	93
18440	338	2006	2005	2201	1	196	2	93
18440	339	2005	2005	2201	0	196	2	93
18440	340	2001	2000	2199	1	199	3	93
18440	341	2005	2005	2201	0	196	2	93
18440	342	2005	2005	2201	0	196	2	93
18440	343	2005	2005	2201	0	196	2	93
18440	344	2007	2006	2203	1	197	3	93
18440	345	2005	2005	2201	0	196	2	93
18440	346	2005	2005	2201	0	196	2	93
18440	347	2005	2005	2201	0	196	2	93
18440	348	2001	2000	2199	1	199	3	93
18440	349	2005	2005	2201	0	196	2	93
18440	350	2005	2005	2201	0	196	2	93
18440	351	2005	2005	2201	0	196	2	93
18440	352	2007	2006	2205	1	199	3	93
18440	353	2005	2004	2202	1	198	2	93
18440	354	2005	2005	2203	0	198	2	93
18440	355	2005	2005	2203	0	198	2	93
18440	356	2001	2000	2199	1	199	3	93
18440	357	2005	2005	2203	0	198	2	93
18440	358	2005	2005	2201	0	196	2	93
18440	359	2005	2005	2201	0	196	2	93
18440	360	2005	2005	2203	0	198	2	93
18440	361	2005	2005	2201	0	196	2	93
18440	362	2005	2005	2201	0	196	2	93
18440	363	2004	2005	2201	-1	196	2	93
18440	364	1999	1999	2197	0	198	2	93
18440	365	2006	2006	2203	0	197	3	93
18440	366	2005	2005	2203	0	198	2	93
18440	367	2005	2005	2201	0	196	2	93
18440	368	2005	2005	2201	0	196	2	93
18440	369	2007	2006	2203	1	197	3	93
18440	370	2005	2005	2202	0	197	2	93
18440	371	2005	2005	2203	0	198	2	93
18440	372	2000	2001	2197	-1	196	2	93
18440	373	2007	2006	2205	1	199	3	93
18440	374	2005	2005	2203	0	198	2	93
18440	375	2004	2005	2201	-1	196	2	93
18440	376	2004	2005	2201	-1	196	2	93
18440	377	2006	2006	2203	0	197	3	93
18440	378	2005	2005	2201	0	196	2	93
18440	379	2005	2005	2201	0	196	2	93
18440	380	2001	2000	2198	1	198	2	93
18440	381	2007	2006	2203	1	197	3	93
18440	382	2005	2005	2201	0	196	2	93
18440	383	2006	2005	2201	1	196	2	93
18440	384	2006	2005	2201	1	196	2	93
18440	385	2006	2006	2203	0	197	3	93
18440	386	2005	2005	2203	0	198	2	93
18440	387	2004	2005	2201	-1	196	2	93
18440	388	2001	2001	2197	0	196	2	93
18440	389	2007	2006	2203	1	197	3	93
18440	390	2005	2005	2201	0	196	2	93
18440	391	2005	2005	2201	0	196	2	93
18440	392	2005	2005	2201	0	196	2	93
18440	393	2005	2005	2201	0	196	2	93
18440	394	2005	2005	2201	0	196	2	93
18440	395	2003	2004	2200	-1	196	2	93
18440	396	2002	2002	2198	0	196	2	93
18440	397	2005	2005	2203	0	198	2	93
18440	398	2007	2006	2203	1	197	3	93
18440	399	2005	2005	2203	0	198	2	93
18440	400	2005	2005	2201	0	196	2	93
18440	401	2005	2005	2201	0	196	2	93
18440	402	2007	2006	2205	1	199	3	93
18440	403	2004	2004	2202	0	198	2	93
18440	404	2002	2003	2199	-1	196	2	93
18440	405	2005	2005	2201	0	196	2	93
18440	406	2007	2006	2203	1	197	3	93
18440	407	2005	2005	2201	0	196	2	93
18440	408	2005	2005	2201	0	196	2	93
18440	409	2005	2005	2201	0	196	2	93
18440	410	2007	2006	2203	1	197	3	93
18440	411	2003	2003	2201	0	198	2	93
18440	412	2002	2002	2198	0	196	2	93
18440	413	2005	2005	2201	0	196	2	93
18440	414	2007	2006	2203	1	197	3	93
18440	415	2005	2005	2201	0	196	2	93
18440	416	2005	2005	2201	0	196	2	93
18440	417	2005	2005	2201	0	196	2	93
18440	418	2007	2006	2203	1	197	3	93
18440	419	2001	2002	2198	-1	196	2	93
18440	420	2004	2004	2200	0	196	2	93
18440	421	2005	2005	2203	0	198	2	93
18440	422	2005	2005	2206	0	201	3	93
18440	423	2005	2005	2203	0	198	2	93
18440	424	2005	2005	2201	0	196	2	93
18440	425	2005	2005	2202	0	197	2	93
18440	426	2005	2005	2201	0	196	2	93
18440	427	2001	2002	2198	-1	196	2	93
18440	428	2004	2004	2201	0	197	2	93
18440	429	2005	2005	2201	0	196	2	93
18440	430	2005	2005	2203	0	198	2	93
18440	431	2007	2006	2205	1	199	3	93
18440	432	2005	2005	2201	0	196	2	93
18440	433	2005	2005	2203	0	198	2	93
18440	434	2005	2005	2203	0	198	2	93
18440	435	2002	2001	2198	1	197	3	93
18440	436	2005	2004	2202	1	198	2	93
18440	437	2005	2005	2203	0	198	2	93
18440	438	2005	2005	2203	0	198	2	93
18440	439	2007	2006	2205	1	199	3	93
18440	440	2005	2005	2201	0	196	2	93
18440	441	2005	2005	2201	0	196	2	93
18440	442	2005	2005	2203	0	198	2	93
18440	443	2002	2000	2200	2	200	3	93
18440	444	2005	2005	2201	0	196	2	93
18440	445	2005	2005	2203	0	198	2	93
18440	446	2005	2005	2201	0	196	2	93
18440	447	2007	2005	2206	2	201	3	93
18440	448	2005	2005	2203	0	198	2	93
18440	449	2005	2005	2203	0	198	2	93
18440	450	2005	2005	2201	0	196	2	93
18440	451	2001	2001	2198	0	197	3	93
18440	452	2005	2005	2201	0	196	2	93
18440	453	2005	2005	2201	0	196	2	93
18440	454	2005	2005	2203	0	198	2	93
18440	455	2007	2006	2205	1	199	3	93
18440	456	2005	2005	2201	0	196	2	93
18440	457	2005	2005	2201	0	196	2	93
18440	458	2005	2005	2203	0	198	2	93
18440	459	2000	1999	2197	1	198	2	93
18440	460	2005	2005	2203	0	198	2	93
18440	461	2005	2004	2202	1	198	2	93
18440	462	2005	2005	2203	0	198	2	93
18440	463	2005	2005	2201	0	196	2	93
18440	464	2007	2006	2205	1	199	3	93
18440	465	2005	2005	2203	0	198	2	93
18440	466	2005	2005	2203	0	198	2	93
18440	467	1999	1999	2195	0	196	2	93
18440	468	2007	2006	2205	1	199	3	93
18440	469	2005	2005	2203	0	198	2	93
18440	470	2005	2005	2201	0	196	2	93
18440	471	2005	2005	2203	0	198	2	93
18440	472	2007	2005	2206	2	201	3	93
18440	473	2005	2005	2201	0	196	2	93
18440	474	2005	2004	2202	1	198	2	93
18440	475	1999	1999	2195	0	196	2	93
18440	476	2007	2006	2203	1	197	3	93
18440	477	2005	2005	2203	0	198	2	93
18440	478	2005	2005	2201	0	196	2	93
18440	479	2005	2005	2203	0	198	2	93
18440	480	2007	2005	2204	2	199	3	93
18440	481	2005	2005	2201	0	196	2	93
18440	482	2005	2005	2201	0	196	2	93
18440	483	1999	1999	2196	0	197	2	93
18440	484	2007	2006	2205	1	199	3	93
18440	485	2004	2005	2201	-1	196	2	93
18440	486	2005	2005	2201	0	196	2	93
18440	487	2005	2004	2202	1	198	2	93
18440	488	2005	2005	2204	0	199	3	93
18440	489	2005	2006	2202	-1	196	2	93
18440	490	2005	2006	2202	-1	196	2	93
18440	491	1999	1999	2195	0	196	2	93
18440	492	2005	2005	2203	0	198	2	93
18440	493	2005	2005	2203	0	198	2	93
18440	494	2005	2005	2203	0	198	2	93
18440	495	2005	2005	2201	0	196	2	93
18440	496	2005	2005	2203	0	198	2	93
18440	497	2007	2006	2205	1	199	3	93
18440	498	2005	2005	2201	0	196	2	93
18440	499	1999	2000	2196	-1	196	2	93
18440	500	2005	2005	2203	0	198	2	93
18440	501	2007	2006	2205	1	199	3	93
18440	502	2005	2005	2201	0	196	2	93
18440	503	2005	2005	2201	0	196	2	93
18440	504	2005	2005	2203	0	198	2	93
18440	505	2007	2006	2203	1	197	3	93
18440	506	2005	2004	2204	1	200	2	93
18440	507	2000	2000	2196	0	196	2	93
18440	508	2005	2005	2203	0	198	2	93
18440	509	2007	2006	2205	1	199	3	93
18440	510	2005	2005	2201	0	196	2	93
18440	511	2005	2005	2202	0	197	2	93
18440	512	2005	2005	2201	0	196	2	93
18440	513	2007	2006	2203	1	197	3	93
18440	514	2005	2005	2201	0	196	2	93
18440	515	2000	2000	2196	0	196	2	93
18440	516	2005	2005	2201	0	196	2	93
18440	517	2006	2006	2203	0	197	3	93
18440	518	2004	2005	2201	-1	196	2	93
18440	519	2005	2005	2202	0	197	2	93
18440	520	2005	2005	2203	0	198	2	93
18440	521	2005	2005	2203	0	198	2	93
18440	522	2005	2005	2203	0	198	2	93
18440	523	2001	2001	2197	0	196	2	93
18440	524	2005	2005	2201	0	196	2	93
18440	525	2005	2005	2203	0	198	2	93
18440	526	2005	2005	2201	0	196	2	93
18440	527	2005	2004	2202	1	198	2	93
18440	528	2006	2005	2201	1	196	2	93
18440	529	2005	2005	2201	0	196	2	93
18440	530	2006	2005	2202	1	197	3	93
18440	531	2002	2001	2197	1	196	2	93
18440	532	2005	2005	2201	0	196	2	93
18440	533	2005	2005	2201	0	196	2	93
18440	534	2007	2006	2203	1	197	3	93
18440	535	2005	2005	2201	0	196	2	93
18440	536	2005	2005	2203	0	198	2	93
18440	537	2005	2005	2203	0	198	2	93
18440	538	2005	2005	2202	0	197	3	93
18440	539	2001	2002	2198	-1	196	2	93
18440	540	2005	2005	2201	0	196	2	93
18440	541	2005	2005	2201	0	196	2	93
18440	542	2007	2006	2203	1	197	3	93
18440	543	2005	2005	2201	0	196	2	93
18440	544	2005	2005	2203	0	198	2	93
18440	545	2005	2005	2203	0	198	2	93
18440	546	2005	2004	2203	1	199	3	93
18440	547	2003	2003	2199	0	196	2	93
18440	548	2005	2005	2203	0	198	2	93
18440	549	2005	2005	2203	0	198	2	93
18440	550	2007	2006	2203	1	197	3	93
18440	551	2005	2005	2201	0	196	2	93
18440	552	2005	2005	2201	0	196	2	93
18440	553	2005	2005	2203	0	198	2	93
18440	554	2005	2004	2201	1	197	3	93
18440	555	2003	2003	2200	0	197	2	93
18440	556	2005	2005	2201	0	196	2	93
18440	557	2005	2005	2203	0	198	2	93
18440	558	2005	2005	2203	0	198	2	93
18440	559	2005	2005	2201	0	196	2	93
18440	560	2004	2005	2201	-1	196	2	93
18440	561	2005	2005	2201	0	196	2	93
18440	562	2001	2002	2198	-1	196	2	93
18440	563	2006	2005	2204	1	199	3	93
18440	564	2006	2005	2201	1	196	2	93
18440	565	2005	2005	2201	0	196	2	93
18440	566	2005	2005	2201	0	196	2	93
18440	567	2007	2006	2203	1	197	3	93
18440	568	2005	2005	2201	0	196	2	93
18440	569	2005	2005	2203	0	198	2	93
18440	570	2001	2000	2198	1	198	2	93
18440	571	2007	2006	2203	1	197	3	93
18440	572	2005	2005	2201	0	196	2	93
18440	573	2005	2005	2201	0	196	2	93
18440	574	2005	2005	2203	0	198	2	93
18440	575	2007	2006	2205	1	199	3	93
18440	576	2005	2005	2203	0	198	2	93
18440	577	2005	2005	2201	0	196	2	93
18440	578	2000	2000	2196	0	196	2	93
18440	579	2007	2006	2205	1	199	3	93
18440	580	2005	2005	2201	0	196	2	93
18440	581	2005	2005	2201	0	196	2	93
18440	582	2005	2005	2201	0	196	2	93
18440	583	2007	2006	2205	1	199	3	93
18440	584	2005	2005	2201	0	196	2	93
18440	585	2005	2005	2201	0	196	2	93
18440	586	1999	2000	2196	-1	196	2	93
18440	587	2007	2006	2205	1	199	3	93
18440	588	2005	2005	2201	0	196	2	93
18440	589	2005	2005	2203	0	198	2	93
18440	590	2005	2005	2203	0	198	2	93
18440	591	2005	2004	2205	1	201	3	93
18440	592	2005	2005	2201	0	196	2	93
18440	593	2005	2005	2201	0	196	2	93
18440	594	1999	1999	2195	0	196	2	93
18440	595	2006	2005	2201	1	196	2	93
18440	596	2004	2005	2201	-1	196	2	93
18440	597	2005	2005	2201	0	196	2	93
18440	598	2005	2005	2201	0	196	2	93
18440	599	2004	2005	2201	-1	196	2	93
18440	600	2007	2006	2205	1	199	3	93
18440	601	2005	2005	2203	0	198	2	93
18440	602	1999	1999	2195	0	196	2	93
18440	603	2005	2005	2201	0	196	2	93
18440	604	2007	2006	2205	1	199	3	93
18440	605	2005	2005	2203	0	198	2	93
18440	606	2005	2006	2202	-1	196	2	93
18440	607	2005	2005	2203	0	198	2	93
18440	608	2007	2006	2205	1	199	3	93
18440	609	2005	2005	2203	0	198	2	93
18440	610	1999	1999	2197	0	198	2	93
18440	611	2005	2005	2201	0	196	2	93
18440	612	2007	2006	2203	1	197	3	93
18440	613	2004	2005	2201	-1	196	2	93
18440	614	2005	2005	2201	0	196	2	93
18440	615	2006	2005	2201	1	196	2	93
18440	616	2008	2006	2203	2	197	3	93
18440	617	2005	2005	2201	0	196	2	93
18440	618	1999	1999	2197	0	198	2	93
18440	619	2005	2005	2203	0	198	2	93
18440	620	2007	2006	2205	1	199	3	93
18440	621	2005	2005	2203	0	198	2	93
18440	622	2005	2005	2203	0	198	2	93
18440	623	2005	2005	2203	0	198	2	93
18440	624	2005	2005	2205	0	200	2	93
18440	625	2005	2005	2203	0	198	2	93
18440	626	2000	1999	2195	1	196	2	93
18440	627	2005	2005	2203	0	198	2	93
18440	628	2005	2005	2203	0	198	2	93
18440	629	2005	2005	2202	0	197	3	93
18440	630	2005	2005	2201	0	196	2	93
18440	631	2005	2004	2202	1	198	2	93
18440	632	2005	2005	2203	0	198	2	93
18440	633	2007	2006	2203	1	197	3	93
18440	634	2000	2000	2198	0	198	2	93
18440	635	2005	2005	2201	0	196	2	93
18440	636	2005	2005	2203	0	198	2	93
18440	637	2007	2007	2204	0	197	3	93
18440	638	2005	2006	2202	-1	196	2	93
18440	639	2005	2005	2203	0	198	2	93
18440	640	2005	2005	2201	0	196	2	93
18440	641	2007	2006	2203	1	197	3	93
18440	642	2000	2000	2198	0	198	2	93
18440	643	2005	2005	2201	0	196	2	93
18440	644	2005	2005	2201	0	196	2	93
18440	645	2007	2006	2203	1	197	3	93
18440	646	2005	2005	2201	0	196	2	93
18440	647	2005	2005	2201	0	196	2	93
18440	648	2006	2005	2201	1	196	2	93
18440	649	2006	2006	2203	0	197	3	93
18440	650	2001	2001	2199	0	198	2	93
18440	651	2005	2005	2201	0	196	2	93
18440	652	2005	2005	2201	0	196	2	93
18440	653	2007	2006	2203	1	197	3	93
18440	654	2005	2005	2202	0	197	2	93
18440	655	2005	2005	2201	0	196	2	93
18440	656	2005	2005	2201	0	196	2	93
18440	657	2006	2005	2202	1	197	3	93
18440	658	2002	2002	2200	0	198	2	93
18440	659	2005	2005	2201	0	196	2	93
18440	660	2005	2005	2201	0	196	2	93
18440	661	2005	2005	2201	0	196	2	93
18440	662	2005	2005	2201	0	196	2	93
18440	663	2005	2005	2201	0	196	2	93
18440	664	2005	2005	2201	0	196	2	93
18440	665	2004	2003	2199	1	196	2	93
18440	666	2005	2003	2200	2	197	3	93
18440	667	2005	2005	2201	0	196	2	93
18440	668	2005	2005	2203	0	198	2	93
18440	669	2005	2005	2203	0	198	2	93
18440	670	2007	2006	2205	1	199	3	93
18440	671	2005	2005	2203	0	198	2	93
18440	672	2005	2005	2203	0	198	2	93
18440	673	2002	2003	2199	-1	196	2	93
18440	674	2006	2004	2203	2	199	3	93
18440	675	2005	2005	2201	0	196	2	93
18440	676	2006	2005	2201	1	196	2	93
18440	677	2005	2005	2203	0	198	2	93
18440	678	2007	2006	2205	1	199	3	93
18440	679	2005	2005	2203	0	198	2	93
18440	680	2005	2005	2201	0	196	2	93
18440	681	2002	2003	2199	-1	196	2	93
18440	682	2006	2004	2203	2	199	3	93
18440	683	2005	2005	2201	0	196	2	93
18440	684	2005	2005	2201	0	196	2	93
18440	685	2005	2005	2202	0	197	2	93
18440	686	2007	2006	2203	1	197	3	93
18440	687	2004	2005	2201	-1	196	2	93
18440	688	2005	2005	2201	0	196	2	93
18440	689	2001	2002	2198	-1	196	2	93
18440	690	2006	2006	2203	0	197	3	93
18440	691	2005	2005	2201	0	196	2	93
18440	692	2005	2005	2201	0	196	2	93
18440	693	2005	2004	2200	1	196	2	93
18440	694	2005	2005	2202	0	197	2	93
18440	695	2005	2005	2203	0	198	2	93
18440	696	2005	2005	2203	0	198	2	93
18440	697	2000	2000	2196	0	196	2	93
18440	698	2005	2005	2203	0	198	2	93
18440	699	2005	2005	2204	0	199	3	93
18440	700	2005	2005	2203	0	198	2	93
18440	701	2005	2005	2203	0	198	2	93
18440	702	2005	2005	2203	0	198	2	93
18440	703	2007	2006	2205	1	199	3	93
18440	704	2005	2005	2201	0	196	2	93
18440	705	1999	2000	2196	-1	196	2	93
18440	706	2005	2005	2201	0	196	2	93
18440	707	2007	2006	2203	1	197	3	93
18440	708	2006	2005	2201	1	196	2	93
18440	709	2005	2005	2203	0	198	2	93
18440	710	2005	2005	2203	0	198	2	93
18440	711	2007	2006	2203	1	197	3	93
18440	712	2005	2005	2201	0	196	2	93
18440	713	1999	1999	2197	0	198	2	93
18440	714	2005	2005	2203	0	198	2	93
18440	715	2007	2006	2205	1	199	3	93
18440	716	2005	2005	2201	0	196	2	93
18440	717	2005	2005	2203	0	198	2	93
18440	718	2005	2005	2201	0	196	2	93
18440	719	2007	2006	2203	1	197	3	93
18440	720	2005	2005	2203	0	198	2	93
18440	721	1999	1999	2197	0	198	2	93
18440	722	2005	2005	2203	0	198	2	93
18440	723	2007	2006	2203	1	197	3	93
18440	724	2005	2005	2203	0	198	2	93
18440	725	2005	2005	2201	0	196	2	93
18440	726	2005	2005	2201	0	196	2	93
18440	727	2005	2005	2206	0	201	3	93
18440	728	2005	2005	2201	0	196	2	93
18440	729	1999	1999	2195	0	196	2	93
18440	730	2005	2005	2203	0	198	2	93
18440	731	2005	2005	2201	0	196	2	93
18440	732	2005	2005	2201	0	196	2	93
18440	733	2005	2004	2202	1	198	2	93
18440	734	2005	2005	2201	0	196	2	93
18440	735	2005	2006	2202	-1	196	2	93
18440	736	2007	2006	2205	1	199	3	93
18440	737	1999	1999	2196	0	197	2	93
18440	738	2005	2005	2203	0	198	2	93
18440	739	2005	2004	2202	1	198	2	93
18440	740	2007	2006	2205	1	199	3	93
18440	741	2005	2005	2203	0	198	2	93
18440	742	2005	2005	2201	0	196	2	93
18440	743	2005	2005	2201	0	196	2	93
18440	744	2007	2006	2204	1	198	3	93
18440	745	2000	1999	2197	1	198	2	93
18440	746	2005	2005	2201	0	196	2	93
18440	747	2005	2005	2203	0	198	2	93
18440	748	2007	2006	2205	1	199	3	93
18440	749	2005	2005	2201	0	196	2	93
18440	750	2005	2005	2201	0	196	2	93
18440	751	2005	2005	2203	0	198	2	93
18440	752	2007	2007	2204	0	197	3	93
18440	753	2001	2000	2198	1	198	2	93
18440	754	2005	2005	2201	0	196	2	93
18440	755	2005	2005	2203	0	198	2	93
18440	756	2007	2006	2203	1	197	3	93
18440	757	2005	2005	2201	0	196	2	93
18440	758	2005	2005	2203	0	198	2	93
18440	759	2005	2005	2203	0	198	2	93
18440	760	2006	2006	2203	0	197	3	93
18440	761	2001	2002	2198	-1	196	2	93
18440	762	2005	2005	2201	0	196	2	93
18440	763	2005	2005	2201	0	196	2	93
18440	764	2005	2005	2203	0	198	2	93
18440	765	2005	2005	2203	0	198	2	93
18440	766	2005	2005	2203	0	198	2	93
18440	767	2005	2005	2203	0	198	2	93
18440	768	2004	2004	2200	0	196	2	93
18440	769	2003	2003	2200	0	197	3	93
18440	770	2005	2004	2202	1	198	2	93
18440	771	2005	2005	2201	0	196	2	93
18440	772	2005	2005	2201	0	196	2	93
18440	773	2007	2006	2205	1	199	3	93
18440	774	2005	2005	2201	0	196	2	93
18440	775	2005	2005	2201	0	196	2	93
18440	776	2003	2004	2200	-1	196	2	93
18440	777	2005	2003	2204	2	201	3	93
18440	778	2004	2005	2201	-1	196	2	93
18440	779	2005	2005	2201	0	196	2	93
18440	780	2005	2005	2203	0	198	2	93
18440	781	2007	2006	2203	1	197	3	93
18440	782	2005	2005	2203	0	198	2	93
18440	783	2005	2005	2201	0	196	2	93
18440	784	2003	2003	2199	0	196	2	93
18440	785	2005	2004	2203	1	199	3	93
18440	786	2004	2005	2201	-1	196	2	93
18440	787	2005	2005	2201	0	196	2	93
18440	788	2005	2005	2201	0	196	2	93
18440	789	2007	2006	2203	1	197	3	93
18440	790	2005	2005	2201	0	196	2	93
18440	791	2005	2005	2201	0	196	2	93
18440	792	2002	2002	2200	0	198	2	93
18440	793	2005	2005	2202	0	197	3	93
18440	794	2005	2005	2203	0	198	2	93
18440	795	2005	2005	2203	0	198	2	93
18440	796	2005	2005	2201	0	196	2	93
18440	797	2005	2005	2203	0	198	2	93
18440	798	2005	2005	2203	0	198	2	93
18440	799	2005	2005	2201	0	196	2	93
18440	800	2001	2002	2198	-1	196	2	93
18440	801	2004	2005	2201	-1	196	2	93
18440	802	2007	2006	2203	1	197	3	93
18440	803	2005	2006	2202	-1	196	2	93
18440	804	2005	2005	2201	0	196	2	93
18440	805	2005	2005	2203	0	198	2	93
18440	806	2007	2006	2203	1	197	3	93
18440	807	2005	2005	2201	0	196	2	93
18440	808	2001	2001	2197	0	196	2	93
18440	809	2004	2005	2201	-1	196	2	93
18440	810	2007	2006	2205	1	199	3	93
18440	811	2005	2005	2201	0	196	2	93
18440	812	2005	2005	2201	0	196	2	93
18440	813	2005	2006	2202	-1	196	2	93
18440	814	2007	2006	2203	1	197	3	93
18440	815	2005	2005	2203	0	198	2	93
18440	816	2000	2000	2198	0	198	2	93
18440	817	2005	2005	2203	0	198	2	93
18440	818	2007	2006	2205	1	199	3	93
18440	819	2005	2005	2202	0	197	2	93
18440	820	2005	2005	2203	0	198	2	93
18440	821	2004	2005	2201	-1	196	2	93
18440	822	2007	2006	2203	1	197	3	93
18440	823	2005	2005	2201	0	196	2	93
18440	824	2000	1999	2197	1	198	2	93
18440	825	2005	2006	2202	-1	196	2	93
18440	826	2007	2006	2205	1	199	3	93
18440	827	2005	2005	2201	0	196	2	93
18440	828	2005	2005	2203	0	198	2	93
18440	829	2005	2005	2203	0	198	2	93
18440	830	2005	2005	2204	0	199	3	93
18440	831	2005	2005	2201	0	196	2	93
18440	832	1999	1999	2195	0	196	2	93
18440	833	2005	2005	2201	0	196	2	93
18440	834	2005	2005	2203	0	198	2	93
18440	835	2005	2005	2202	0	197	2	93
18440	836	2005	2005	2201	0	196	2	93
18440	837	2004	2005	2201	-1	196	2	93
18440	838	2005	2005	2201	0	196	2	93
18440	839	2007	2006	2205	1	199	3	93
18440	840	1999	2000	2196	-1	196	2	93
18440	841	2005	2005	2201	0	196	2	93
18440	842	2005	2005	2201	0	196	2	93
18440	843	2007	2006	2203	1	197	3	93
18440	844	2005	2006	2202	-1	196	2	93
18440	845	2005	2005	2201	0	196	2	93
18440	846	2005	2005	2201	0	196	2	93
18440	847	2006	2006	2203	0	197	3	93
18440	848	1999	1999	2195	0	196	2	93
18440	849	2005	2005	2203	0	198	2	93
18440	850	2005	2005	2201	0	196	2	93
18440	851	2007	2005	2204	2	199	3	93
18440	852	2005	2004	2202	1	198	2	93
18440	853	2005	2005	2201	0	196	2	93
18440	854	2005	2005	2203	0	198	2	93
18440	855	2007	2006	2203	1	197	3	93
18440	856	2000	1999	2197	1	198	2	93
18440	857	2005	2005	2202	0	197	2	93
18440	858	2005	2005	2203	0	198	2	93
18440	859	2007	2006	2205	1	199	3	93
18440	860	2005	2005	2201	0	196	2	93
18440	861	2005	2005	2201	0	196	2	93
18440	862	2005	2005	2203	0	198	2	93
18440	863	2007	2005	2204	2	199	3	93
18440	864	2000	2000	2196	0	196	2	93
18440	865	2006	2005	2201	1	196	2	93
18440	866	2005	2005	2203	0	198	2	93
18440	867	2005	2005	2201	0	196	2	93
18440	868	2005	2005	2201	0	196	2	93
18440	869	2005	2005	2203	0	198	2	93
18440	870	2005	2005	2203	0	198	2	93
18440	871	2005	2004	2204	1	200	2	93
18440	872	2003	2001	2200	2	199	3	93
18440	873	2005	2005	2203	0	198	2	93
18440	874	2005	2005	2203	0	198	2	93
18440	875	2007	2006	2202	1	196	2	93
18440	876	2007	2006	2203	1	197	3	93
18440	877	2005	2005	2203	0	198	2	93
18440	878	2005	2005	2201	0	196	2	93
18440	879	2004	2005	2201	-1	196	2	93
18440	880	2003	2003	2200	0	197	3	93
18440	881	2004	2005	2201	-1	196	2	93
18440	882	2005	2005	2203	0	198	2	93
18440	883	2005	2005	2202	0	197	2	93
18440	884	2006	2006	2203	0	197	3	93
18440	885	2005	2005	2203	0	198	2	93
18440	886	2005	2005	2203	0	198	2	93
18440	887	2003	2003	2201	0	198	2	93
18440	888	2004	2003	2202	1	199	3	93
18440	889	2005	2005	2203	0	198	2	93
18440	890	2005	2005	2203	0	198	2	93
18440	891	2005	2005	2203	0	198	2	93
18440	892	2007	2006	2205	1	199	3	93
18440	893	2005	2005	2203	0	198	2	93
18440	894	2005	2005	2203	0	198	2	93
18440	895	2003	2003	2201	0	198	2	93
18440	896	2005	2004	2203	1	199	3	93
18440	897	2005	2006	2202	-1	196	2	93
18440	898	2005	2005	2203	0	198	2	93
18440	899	2005	2005	2203	0	198	2	93
18440	900	2007	2006	2205	1	199	3	93
18440	901	2005	2004	2204	1	200	2	93
18440	902	2005	2005	2201	0	196	2	93
18440	903	2001	2002	2198	-1	196	2	93
18440	904	2004	2004	2202	0	198	2	93
18440	905	2005	2005	2203	0	198	2	93
18440	906	2005	2005	2203	0	198	2	93
18440	907	2005	2005	2201	0	196	2	93
18440	908	2005	2005	2201	0	196	2	93
18440	909	2007	2006	2205	1	199	3	93
18440	910	2004	2005	2201	-1	196	2	93
18440	911	2000	2001	2197	-1	196	2	93
18440	912	2005	2005	2201	0	196	2	93
18440	913	2007	2005	2204	2	199	3	93
18440	914	2005	2005	2203	0	198	2	93
18440	915	2005	2005	2203	0	198	2	93
18440	916	2005	2006	2202	-1	196	2	93
18440	917	2007	2006	2204	1	198	3	93
18440	918	2005	2005	2201	0	196	2	93
18440	919	2000	2001	2197	-1	196	2	93
18440	920	2005	2005	2201	0	196	2	93
18440	921	2007	2006	2203	1	197	3	93
18440	922	2005	2005	2202	0	197	2	93
18440	923	2005	2005	2203	0	198	2	93
18440	924	2005	2005	2201	0	196	2	93
18440	925	2007	2006	2203	1	197	3	93
18440	926	2005	2005	2201	0	196	2	93
18440	927	2000	2000	2196	0	196	2	93
18440	928	2005	2005	2203	0	198	2	93
18440	929	2007	2006	2203	1	197	3	93
18440	930	2005	2005	2203	0	198	2	93
18440	931	2005	2005	2202	0	197	2	93
18440	932	2005	2005	2203	0	198	2	93
18440	933	2007	2006	2203	1	197	3	93
18440	934	2004	2005	2201	-1	196	2	93
18440	935	1999	1999	2195	0	196	2	93
18440	936	2005	2005	2203	0	198	2	93
18440	937	2005	2005	2201	0	196	2	93
18440	938	2005	2005	2201	0	196	2	93
18440	939	2005	2004	2202	1	198	2	93
18440	940	2005	2005	2201	0	196	2	93
18440	941	2005	2005	2203	0	198	2	93
18440	942	2007	2006	2203	1	197	3	93
18440	943	1999	1999	2195	0	196	2	93
18440	944	2005	2005	2203	0	198	2	93
18440	945	2005	2005	2203	0	198	2	93
18440	946	2007	2006	2203	1	197	3	93
18440	947	2005	2005	2203	0	198	2	93
18440	948	2005	2006	2202	-1	196	2	93
18440	949	2005	2005	2203	0	198	2	93
18440	950	2007	2005	2206	2	201	3	93
18440	951	1999	1999	2196	0	197	2	93
18440	952	2005	2005	2201	0	196	2	93
18440	953	2005	2005	2203	0	198	2	93
18440	954	2007	2006	2203	1	197	3	93
18440	955	2004	2005	2201	-1	196	2	93
18440	956	2005	2005	2201	0	196	2	93
18440	957	2005	2005	2201	0	196	2	93
18440	958	2007	2006	2203	1	197	3	93
18440	959	1999	1999	2197	0	198	2	93
18440	960	2005	2005	2201	0	196	2	93
18440	961	2005	2005	2203	0	198	2	93
18440	962	2007	2006	2203	1	197	3	93
18440	963	2005	2005	2201	0	196	2	93
18440	964	2005	2004	2202	1	198	2	93
18440	965	2005	2005	2201	0	196	2	93
18440	966	2007	2006	2203	1	197	3	93
18440	967	2000	2001	2197	-1	196	2	93
18440	968	2005	2005	2203	0	198	2	93
18440	969	2005	2005	2201	0	196	2	93
18440	970	2007	2006	2203	1	197	3	93
18440	971	2005	2004	2202	1	198	2	93
18440	972	2005	2005	2201	0	196	2	93
18440	973	2005	2005	2203	0	198	2	93
18440	974	2005	2005	2202	0	197	2	93
18440	975	2001	2001	2197	0	196	2	93
18440	976	2005	2005	2203	0	198	2	93
18440	977	2005	2005	2201	0	196	2	93
18440	978	2005	2005	2201	0	196	2	93
18440	979	2007	2006	2205	1	199	3	93
18440	980	2005	2005	2201	0	196	2	93
18440	981	2005	2004	2202	1	198	2	93
18440	982	2004	2004	2200	0	196	2	93
18440	983	2003	2003	2200	0	197	3	93
18440	984	2005	2005	2203	0	198	2	93
18440	985	2006	2005	2201	1	196	2	93
18440	986	2005	2005	2202	0	197	2	93
18440	987	2007	2006	2205	1	199	3	93
18440	988	2005	2005	2201	0	196	2	93
18440	989	2005	2005	2201	0	196	2	93
18440	990	2003	2003	2199	0	196	2	93
18440	991	2005	2004	2203	1	199	3	93
18440	992	2004	2005	2201	-1	196	2	93
18440	993	2005	2005	2203	0	198	2	93
18440	994	2005	2005	2203	0	198	2	93
18440	995	2007	2006	2203	1	197	3	93
18440	996	2005	2005	2201	0	196	2	93
18440	997	2005	2006	2202	-1	196	2	93
18440	998	2002	2003	2199	-1	196	2	93
18440	999	2006	2004	2201	2	197	3	93
18440	1000	2005	2005	2201	0	196	2	93
