RUNID	ITERNUM	METIME	PRTIME	TPRTIME	DIFF	TDIFF	NRPROCS	NPROCS
18620	1	513142	513085	513341	57	256	7	94
18620	2	513146	513089	513345	57	256	6	94
18620	3	513137	513080	513335	57	255	6	94
18620	4	513144	513087	513342	57	255	6	94
18620	5	513137	513079	513337	58	258	7	94
18620	6	513140	513082	513341	58	259	6	94
18620	7	513143	513088	513343	55	255	6	94
18620	8	513139	513078	513338	61	260	6	94
18620	9	513149	513091	513349	58	258	6	94
18620	10	513148	513090	513348	58	258	6	94
18620	11	513142	513083	513341	59	258	6	94
18620	12	513142	513084	513341	58	257	6	94
18620	13	513143	513088	513342	55	254	6	94
18620	14	513155	513098	513355	57	257	7	94
18620	15	513137	513079	513336	58	257	7	94
18620	16	513147	513089	513350	58	261	6	94
18620	17	513144	513089	513343	55	254	6	94
18620	18	513139	513083	513339	56	256	6	94
18620	19	513146	513090	513346	56	256	6	94
18620	20	513143	513082	513341	61	259	7	94
18620	21	513140	513083	513339	57	256	6	94
18620	22	513148	513087	513347	61	260	7	94
18620	23	513138	513079	513338	59	259	9	94
18620	24	513143	513085	513343	58	258	6	94
18620	25	513145	513087	513343	58	256	6	94
18620	26	513148	513085	513350	63	265	7	94
18620	27	513136	513084	513336	52	252	6	94
18620	28	513154	513097	513353	57	256	6	94
18620	29	513139	513080	513338	59	258	6	94
18620	30	513141	513083	513341	58	258	6	94
18620	31	513139	513081	513340	58	259	8	94
18620	32	513137	513079	513337	58	258	6	94
18620	33	513147	513090	513348	57	258	6	94
18620	34	513143	513083	513343	60	260	6	94
18620	35	513147	513086	513347	61	261	6	94
18620	36	513141	513081	513342	60	261	9	94
18620	37	513145	513087	513345	58	258	7	94
18620	38	513136	513078	513336	58	258	8	94
18620	39	513146	513087	513345	59	258	7	94
18620	40	513139	513083	513340	56	257	6	94
18620	41	513136	513078	513338	58	260	7	94
18620	42	513142	513080	513342	62	262	6	94
18620	43	513133	513077	513335	56	258	6	94
18620	44	513135	513079	513335	56	256	6	94
18620	45	513138	513077	513337	61	260	8	94
18620	46	513132	513072	513331	60	259	6	94
18620	47	513134	513077	513334	57	257	7	94
18620	48	513136	513082	513337	54	255	6	94
18620	49	513140	513081	513341	59	260	6	94
18620	50	513133	513075	513334	58	259	6	94
18620	51	513137	513078	513337	59	259	6	94
18620	52	513134	513075	513332	59	257	7	94
18620	53	513135	513075	513334	60	259	7	94
18620	54	513137	513077	513336	60	259	7	94
18620	55	513140	513082	513342	58	260	6	94
18620	56	513139	513078	513342	61	264	7	94
18620	57	513141	513086	513341	55	255	7	94
18620	58	513169	513095	513368	74	273	10	105
18620	59	513132	513075	513332	57	257	6	94
18620	60	513150	513088	513350	62	262	9	94
18620	61	513135	513076	513335	59	259	6	94
18620	62	513135	513078	513334	57	256	6	94
18620	63	513146	513084	513347	62	263	8	94
18620	64	513137	513079	513337	58	258	8	94
18620	65	513139	513081	513338	58	257	6	94
18620	66	513142	513083	513341	59	258	6	94
18620	67	513142	513084	513343	58	259	6	94
18620	68	513147	513087	513349	60	262	6	94
18620	69	513141	513081	513339	60	258	7	94
18620	70	513144	513085	513344	59	259	7	94
18620	71	513144	513083	513343	61	260	7	94
18620	72	513142	513084	513342	58	258	7	94
18620	73	513131	513075	513330	56	255	7	94
18620	74	513140	513080	513338	60	258	7	94
18620	75	513135	513074	513336	61	262	6	94
18620	76	513142	513080	513343	62	263	6	94
18620	77	513144	513087	513344	57	257	6	94
18620	78	513142	513082	513341	60	259	8	94
18620	79	513139	513084	513340	55	256	6	94
18620	80	513204	513106	513403	98	297	14	112
18620	81	513137	513079	513337	58	258	6	94
18620	82	513148	513088	513347	60	259	6	94
18620	83	513136	513076	513335	60	259	6	94
18620	84	513150	513090	513349	60	259	7	94
18620	85	513138	513084	513338	54	254	6	94
18620	86	513146	513091	513346	55	255	6	94
18620	87	513137	513082	513338	55	256	6	94
18620	88	513133	513075	513335	58	260	6	94
18620	89	513149	513090	513349	59	259	6	94
18620	90	513136	513078	513335	58	257	6	94
18620	91	513143	513085	513344	58	259	6	94
18620	92	513138	513081	513338	57	257	6	94
18620	93	513137	513078	513338	59	260	6	94
18620	94	513144	513084	513342	60	258	7	94
18620	95	513140	513083	513342	57	259	6	94
18620	96	513139	513080	513340	59	260	6	94
18620	97	513138	513080	513339	58	259	6	94
18620	98	513155	513091	513358	64	267	8	94
18620	99	513145	513086	513343	59	257	6	94
18620	100	513154	513096	513354	58	258	6	94
18620	101	513132	513072	513331	60	259	6	94
18620	102	513135	513078	513334	57	256	6	94
18620	103	513151	513090	513350	61	260	8	94
18620	104	513145	513090	513344	55	254	7	94
18620	105	513137	513080	513336	57	256	6	94
18620	106	513145	513086	513344	59	258	6	94
18620	107	513138	513079	513339	59	260	7	94
18620	108	513134	513078	513334	56	256	7	94
18620	109	513138	513079	513339	59	260	6	94
18620	110	513138	513082	513336	56	254	7	94
18620	111	513132	513078	513330	54	252	6	94
18620	112	513150	513092	513350	58	258	6	94
18620	113	513141	513083	513342	58	259	6	94
18620	114	513151	513091	513352	60	261	7	94
18620	115	513134	513078	513334	56	256	6	94
18620	116	513144	513085	513344	59	259	8	94
18620	117	513145	513088	513345	57	257	6	94
18620	118	513141	513086	513341	55	255	6	94
18620	119	513144	513087	513341	57	254	7	94
18620	120	513139	513079	513342	60	263	7	94
18620	121	513145	513088	513344	57	256	7	94
18620	122	513136	513081	513338	55	257	6	94
18620	123	513138	513076	513339	62	263	6	94
18620	124	513139	513080	513337	59	257	6	94
18620	125	513129	513073	513328	56	255	6	94
18620	126	513144	513087	513344	57	257	7	94
18620	127	513145	513083	513347	62	264	8	94
18620	128	513136	513077	513335	59	258	9	94
18620	129	513140	513080	513342	60	262	6	94
18620	130	513129	513071	513331	58	260	6	94
18620	131	513130	513069	513329	61	260	7	94
18620	132	513137	513082	513336	55	254	6	94
18620	133	513147	513087	513346	60	259	7	94
18620	134	513132	513075	513331	57	256	6	94
18620	135	513143	513086	513342	57	256	6	94
18620	136	513144	513088	513345	56	257	7	94
18620	137	513137	513076	513336	61	260	7	94
18620	138	513134	513075	513334	59	259	7	94
18620	139	513138	513082	513340	56	258	7	94
18620	140	513141	513083	513345	58	262	7	94
18620	141	513139	513082	513339	57	257	7	94
18620	142	513152	513094	513351	58	257	6	94
18620	143	513142	513085	513341	57	256	6	94
18620	144	513147	513088	513346	59	258	7	94
18620	145	513136	513081	513335	55	254	6	94
18620	146	513144	513083	513343	61	260	7	94
18620	147	513140	513083	513341	57	258	7	94
18620	148	513139	513076	513340	63	264	7	94
18620	149	513147	513087	513346	60	259	6	94
18620	150	513140	513087	513340	53	253	6	94
18620	151	513136	513078	513335	58	257	7	94
18620	152	513139	513082	513338	57	256	6	94
18620	153	513135	513076	513335	59	259	8	94
18620	154	513143	513084	513344	59	260	6	94
18620	155	513143	513087	513343	56	256	6	94
18620	156	513145	513084	513345	61	261	7	94
18620	157	513139	513079	513339	60	260	8	94
18620	158	513147	513089	513346	58	257	8	94
18620	159	513142	513085	513341	57	256	6	94
18620	160	513135	513082	513335	53	253	7	94
18620	161	513152	513091	513350	61	259	6	94
18620	162	513135	513079	513334	56	255	7	94
18620	163	513141	513080	513340	61	260	7	94
18620	164	513151	513095	513350	56	255	6	94
18620	165	513136	513078	513336	58	258	7	94
18620	166	513143	513087	513343	56	256	6	94
18620	167	513138	513080	513337	58	257	6	94
18620	168	513146	513087	513346	59	259	6	94
18620	169	513141	513082	513343	59	261	6	94
18620	170	513138	513082	513337	56	255	7	94
18620	171	513137	513078	513336	59	258	7	94
18620	172	513142	513089	513342	53	253	6	94
18620	173	513133	513080	513333	53	253	6	94
18620	174	513135	513078	513335	57	257	6	94
18620	175	513141	513083	513340	58	257	7	94
18620	176	513132	513074	513331	58	257	7	94
18620	177	513136	513077	513337	59	260	6	94
18620	178	513142	513085	513344	57	259	8	94
18620	179	513142	513080	513346	62	266	7	95
18620	180	513135	513079	513337	56	258	7	94
18620	181	513148	513088	513346	60	258	7	94
18620	182	513143	513084	513342	59	258	6	94
18620	183	513135	513076	513334	59	258	7	94
18620	184	513141	513084	513342	57	258	6	94
18620	185	513135	513078	513334	57	256	6	94
18620	186	513146	513086	513346	60	260	7	94
18620	187	513147	513092	513348	55	256	6	94
18620	188	513138	513082	513338	56	256	6	94
18620	189	513147	513086	513349	61	263	9	94
18620	190	513143	513083	513342	60	259	6	94
18620	191	513135	513079	513336	56	257	7	94
18620	192	513145	513084	513343	61	259	8	94
18620	193	513140	513081	513342	59	261	7	94
18620	194	513145	513086	513348	59	262	7	94
18620	195	513139	513077	513340	62	263	6	94
18620	196	513148	513092	513347	56	255	7	94
18620	197	513140	513079	513340	61	261	6	94
18620	198	513132	513074	513332	58	258	6	94
18620	199	513141	513083	513340	58	257	6	94
18620	200	513141	513080	513341	61	261	6	94
18620	201	513146	513090	513347	56	257	6	94
18620	202	513141	513090	513341	51	251	6	94
18620	203	513142	513085	513341	57	256	6	94
18620	204	513135	513077	513336	58	259	7	94
18620	205	513139	513081	513339	58	258	7	94
18620	206	513134	513078	513334	56	256	6	94
18620	207	513134	513079	513333	55	254	6	94
18620	208	513136	513078	513336	58	258	7	94
18620	209	513136	513081	513337	55	256	6	94
18620	210	513139	513079	513339	60	260	7	94
18620	211	513142	513081	513340	61	259	6	94
18620	212	513143	513084	513344	59	260	6	94
18620	213	513130	513071	513328	59	257	7	94
18620	214	513138	513080	513337	58	257	7	94
18620	215	513141	513082	513340	59	258	6	94
18620	216	513148	513090	513346	58	256	7	94
18620	217	513146	513089	513345	57	256	7	94
18620	218	513136	513074	513338	62	264	8	94
18620	219	513136	513081	513336	55	255	8	94
18620	220	513141	513080	513341	61	261	7	94
18620	221	513136	513079	513336	57	257	6	94
18620	222	513139	513085	513340	54	255	7	94
18620	223	513142	513084	513341	58	257	6	94
18620	224	513146	513087	513344	59	257	7	94
18620	225	513136	513077	513338	59	261	8	94
18620	226	513173	513094	513374	79	280	9	105
18620	227	513139	513079	513339	60	260	6	94
18620	228	513135	513080	513334	55	254	6	94
18620	229	513144	513086	513343	58	257	7	94
18620	230	513141	513084	513340	57	256	6	94
18620	231	513143	513084	513344	59	260	7	94
18620	232	513142	513086	513343	56	257	6	94
18620	233	513137	513076	513337	61	261	6	94
18620	234	513142	513080	513342	62	262	6	94
18620	235	513136	513075	513338	61	263	7	94
18620	236	513135	513077	513335	58	258	8	94
18620	237	513142	513083	513341	59	258	7	94
18620	238	513146	513083	513345	63	262	6	94
18620	239	513135	513078	513337	57	259	7	95
18620	240	513149	513092	513349	57	257	8	94
18620	241	513142	513088	513342	54	254	6	94
18620	242	513136	513080	513336	56	256	8	94
18620	243	513144	513086	513344	58	258	6	94
18620	244	513143	513081	513343	62	262	8	94
18620	245	513143	513085	513345	58	260	6	94
18620	246	513141	513084	513339	57	255	7	94
18620	247	513138	513079	513337	59	258	7	94
18620	248	513196	513091	513393	105	302	15	112
18620	249	513144	513085	513343	59	258	7	94
18620	250	513139	513080	513340	59	260	7	94
18620	251	513137	513081	513338	56	257	6	94
18620	252	513148	513089	513350	59	261	7	94
18620	253	513138	513080	513339	58	259	7	94
18620	254	513144	513086	513343	58	257	6	94
18620	255	513142	513082	513340	60	258	8	94
18620	256	513137	513079	513336	58	257	6	94
18620	257	513139	513082	513340	57	258	7	94
18620	258	513141	513077	513341	64	264	6	94
18620	259	513155	513095	513357	60	262	7	94
18620	260	513138	513081	513339	57	258	6	94
18620	261	513149	513088	513350	61	262	7	94
18620	262	513137	513079	513338	58	259	7	94
18620	263	513140	513084	513340	56	256	6	94
18620	264	513140	513083	513339	57	256	6	94
18620	265	513133	513073	513334	60	261	6	94
18620	266	513147	513087	513346	60	259	6	94
18620	267	513137	513080	513336	57	256	7	94
18620	268	513144	513086	513342	58	256	7	94
18620	269	513139	513082	513340	57	258	6	94
18620	270	513134	513076	513334	58	258	6	94
18620	271	513142	513085	513340	57	255	7	94
18620	272	513134	513073	513334	61	261	7	94
18620	273	513147	513085	513346	62	261	7	94
18620	274	513132	513074	513334	58	260	6	94
18620	275	513141	513085	513342	56	257	8	94
18620	276	513139	513078	513341	61	263	7	94
18620	277	513146	513088	513346	58	258	8	94
18620	278	513138	513083	513337	55	254	7	94
18620	279	513145	513086	513346	59	260	6	94
18620	280	513148	513090	513349	58	259	7	94
18620	281	513136	513078	513334	58	256	6	94
18620	282	513141	513081	513342	60	261	6	94
18620	283	513138	513083	513339	55	256	7	94
18620	284	513144	513083	513344	61	261	7	94
18620	285	513132	513077	513331	55	254	6	94
18620	286	513134	513078	513334	56	256	6	94
18620	287	513159	513099	513359	60	260	7	94
18620	288	513139	513083	513339	56	256	7	94
18620	289	513137	513080	513336	57	256	6	94
18620	290	513138	513077	513339	61	262	8	94
18620	291	513144	513083	513346	61	263	8	94
18620	292	513136	513078	513336	58	258	8	94
18620	293	513138	513079	513336	59	257	6	94
18620	294	513146	513085	513348	61	263	6	94
18620	295	513138	513083	513337	55	254	6	94
18620	296	513145	513085	513346	60	261	8	94
18620	297	513141	513085	513342	56	257	6	94
18620	298	513133	513075	513335	58	260	7	94
18620	299	513142	513083	513345	59	262	7	94
18620	300	513140	513083	513341	57	258	6	94
