ALGRUNID	ITERNUM	U_TIME	S_TIME	PRTIME	ALL_U_TIME	ALL_S_TIME	ALL_MIN_FLT	ALL_MAJ_FLT	ALL_NIVCSW	ALL_NVCSW	ALL_CPU_COUNT	ALL_CPU_DELAY	ALL_BLKIO_COUNT	ALL_SWAPIN_COUNT	ALL_SWAPIN_DELAY	ALL_FREEPGS_COUNT	ALL_FREEPGS_DELAY	ALL_READ_BYTES	ALL_READ_CHAR	ALL_READ_SYSCALLS	ALL_WRITE_BYTES	ALL_WRITE_CHAR	ALL_WRITE_SYSCALLS
19140	1	224464	6	224470	192	35	1122	0	0	0	0	0	0	0	0	0	0	0	11480	20	28672	0	0
19140	2	224469	4	224473	196	29	1121	0	0	0	0	0	0	0	0	0	0	0	11480	23	28672	0	0
19140	3	224477	4	224481	192	30	1117	0	0	0	0	0	0	0	0	0	0	0	11480	23	28672	0	0
19140	4	224470	2	224472	199	28	1118	0	0	0	0	0	0	0	0	0	0	0	11480	23	32768	0	0
19140	5	224471	3	224474	194	28	1119	0	0	0	0	0	0	0	0	0	0	0	11480	20	24576	0	0
19140	6	224481	2	224483	190	38	1118	0	0	0	0	0	0	0	0	0	0	0	11480	23	28672	0	0
19140	7	224469	5	224474	194	28	1116	0	0	0	0	0	0	0	0	0	0	0	11480	23	24576	0	0
19140	8	224474	8	224482	192	36	1117	0	0	0	0	0	0	0	0	0	0	0	11480	20	28672	0	0
19140	9	224468	7	224475	194	33	1115	0	0	0	0	0	0	0	0	0	0	0	11480	23	28672	0	0
19140	10	224477	4	224481	198	29	1121	0	0	0	0	0	0	0	0	0	0	0	11480	23	28672	0	0
19140	11	224470	10	224480	196	29	1122	0	0	0	0	0	0	0	0	0	0	0	11480	23	65536	7	0
19140	12	224480	4	224484	192	33	1118	0	0	0	0	0	0	0	0	0	0	0	11480	20	28672	0	0
19140	13	224472	6	224478	194	28	1118	0	0	0	0	0	0	0	0	0	0	0	11480	23	28672	0	0
19140	14	224474	4	224478	194	32	1117	0	0	0	0	0	0	0	0	0	0	0	11480	23	28672	0	0
19140	15	224467	2	224469	188	38	1118	0	0	0	0	0	0	0	0	0	0	0	11480	23	28672	0	0
19140	16	224475	4	224479	194	31	1114	0	0	0	0	0	0	0	0	0	0	0	11480	20	32768	0	0
19140	17	224471	3	224474	194	27	1117	0	0	0	0	0	0	0	0	0	0	0	11480	23	28672	0	0
19140	18	224482	3	224485	197	29	1116	0	0	0	0	0	0	0	0	0	0	0	11480	23	45056	0	0
19140	19	224473	5	224478	192	31	1122	0	0	0	0	0	0	0	0	0	0	0	11480	23	28672	0	0
19140	20	224473	5	224478	196	29	1122	0	0	0	0	0	0	0	0	0	0	0	11480	20	28672	0	0
19140	21	224468	8	224476	196	30	1118	0	0	0	0	0	0	0	0	0	0	0	11480	23	28672	0	0
19140	22	224474	9	224483	196	29	1118	0	0	0	0	0	0	0	0	0	0	0	11480	23	28672	0	0
19140	23	224468	6	224474	193	31	1118	0	0	0	0	0	0	0	0	0	0	0	11480	23	24576	0	0
19140	24	224473	3	224476	194	31	1116	0	0	0	0	0	0	0	0	0	0	0	11480	20	28672	0	0
19140	25	224469	4	224473	194	29	1117	0	0	0	0	0	0	0	0	0	0	0	11480	23	28672	0	0
19140	26	224471	6	224477	196	28	1118	0	0	0	0	0	0	0	0	0	0	0	11480	23	28672	0	0
19140	27	224470	5	224475	190	37	1118	0	0	0	0	0	0	0	0	0	0	0	11480	23	65536	7	0
19140	28	224471	7	224478	196	28	1123	0	0	0	0	0	0	0	0	0	0	0	11480	20	24576	0	0
19140	29	224468	5	224473	196	31	2241	0	0	0	0	0	0	0	0	0	0	0	22960	43	28672	0	0
19140	30	224468	7	224475	192	32	1117	0	0	0	0	0	0	0	0	0	0	0	11480	23	24576	0	0
19140	31	224477	7	224484	192	34	1117	0	0	0	0	0	0	0	0	0	0	0	11480	23	28672	0	0
19140	32	224465	7	224472	194	30	1117	0	0	0	0	0	0	0	0	0	0	0	11480	20	24576	0	0
19140	33	224473	5	224478	190	36	1116	0	0	0	0	0	0	0	0	0	0	0	11480	23	28672	0	0
19140	34	224464	5	224469	192	34	1115	0	0	0	0	0	0	0	0	0	0	0	11480	23	28672	0	0
19140	35	224469	4	224473	190	33	1117	0	0	0	0	0	0	0	0	0	0	0	11480	23	28672	0	0
19140	36	224467	10	224477	194	31	1115	0	0	0	0	0	0	0	0	0	0	0	11480	20	28672	0	0
19140	37	224467	9	224476	194	33	1121	0	0	0	0	0	0	0	0	0	0	0	11496	24	28672	0	0
19140	38	224474	5	224479	192	32	1121	0	0	0	0	0	0	0	0	0	0	0	11480	23	28672	0	0
19140	39	224474	4	224478	192	32	1117	0	0	0	0	0	0	0	0	0	0	0	11480	23	28672	0	0
19140	40	224473	3	224476	198	26	1117	0	0	0	0	0	0	0	0	0	0	0	11480	20	24576	0	0
19140	41	224469	6	224475	194	29	1117	0	0	0	0	0	0	0	0	0	0	0	11480	23	28672	0	0
19140	42	224473	9	224482	194	26	1118	0	0	0	0	0	0	0	0	0	0	0	11480	23	28672	0	0
19140	43	224467	5	224472	190	36	1114	0	0	0	0	0	0	0	0	0	0	0	11480	23	24576	0	0
19140	44	224468	6	224474	197	28	1117	0	0	0	0	0	0	0	0	0	0	0	11480	20	24576	0	0
19140	45	224477	3	224480	194	31	1114	0	0	0	0	0	0	0	0	0	0	0	11480	23	24576	0	0
19140	46	224472	2	224474	194	28	1120	0	0	0	0	0	0	0	0	0	0	0	11480	23	28672	0	0
19140	47	224467	5	224472	190	37	1121	0	0	0	0	0	0	0	0	0	0	0	11480	23	24576	0	0
19140	48	224468	5	224473	196	27	1116	0	0	0	0	0	0	0	0	0	0	0	11480	20	28672	0	0
19140	49	224476	5	224481	192	31	1117	0	0	0	0	0	0	0	0	0	0	0	11480	23	24576	0	0
19140	50	224471	7	224478	194	30	1117	0	0	0	0	0	0	0	0	0	0	0	11480	23	28672	0	0
19140	51	224470	5	224475	192	32	1117	0	0	0	0	0	0	0	0	0	0	0	11480	23	24576	0	0
19140	52	224473	3	224476	188	34	1117	0	0	0	0	0	0	0	0	0	0	0	11480	20	28672	0	0
19140	53	224479	7	224486	194	31	1116	0	0	0	0	0	0	0	0	0	0	0	11480	23	28672	0	0
19140	54	224468	3	224471	194	32	1115	0	0	0	0	0	0	0	0	0	0	0	11480	23	24576	0	0
19140	55	224468	5	224473	196	27	1120	0	0	0	0	0	0	0	0	0	0	0	11480	23	28672	0	0
19140	56	224469	12	224481	192	31	1119	0	0	0	0	0	0	0	0	0	0	0	11480	20	28672	0	0
19140	57	224476	5	224481	192	29	1117	0	0	0	0	0	0	0	0	0	0	0	11480	23	28672	0	0
19140	58	224467	6	224473	192	34	1117	0	0	0	0	0	0	0	0	0	0	0	11480	23	28672	0	0
19140	59	224471	5	224476	192	35	1118	0	0	0	0	0	0	0	0	0	0	0	11480	23	61440	7	0
19140	60	224467	6	224473	194	32	1117	0	0	0	0	0	0	0	0	0	0	0	11480	20	24576	0	0
19140	61	224479	5	224484	196	28	1115	0	0	0	0	0	0	0	0	0	0	0	11480	23	28672	0	0
19140	62	224467	7	224474	194	29	1118	0	0	0	0	0	0	0	0	0	0	0	11480	23	28672	0	0
19140	63	224467	10	224477	190	35	1114	0	0	0	0	0	0	0	0	0	0	0	11480	23	28672	0	0
19140	64	224468	5	224473	194	32	1121	0	0	0	0	0	0	0	0	0	0	0	11480	20	24576	0	0
19140	65	224473	6	224479	190	34	1119	0	0	0	0	0	0	0	0	0	0	0	11480	23	28672	0	0
19140	66	224469	6	224475	188	36	1119	0	0	0	0	0	0	0	0	0	0	0	11480	23	24576	0	0
19140	67	224468	8	224476	194	31	1116	0	0	0	0	0	0	0	0	0	0	0	11480	23	28672	0	0
19140	68	224469	8	224477	190	32	1117	0	0	0	0	0	0	0	0	0	0	0	11480	20	28672	0	0
19140	69	224483	3	224486	188	33	1116	0	0	0	0	0	0	0	0	0	0	0	11480	23	28672	0	0
19140	70	224467	6	224473	192	34	1115	0	0	0	0	0	0	0	0	0	0	0	11480	23	28672	0	0
19140	71	224471	8	224479	192	30	1117	0	0	0	0	0	0	0	0	0	0	0	11480	23	24576	0	0
19140	72	224471	7	224478	198	30	1114	0	0	0	0	0	0	0	0	0	0	0	11480	20	24576	0	0
19140	73	224465	5	224470	196	28	1122	0	0	0	0	0	0	0	0	0	0	0	11480	23	28672	0	0
19140	74	224476	3	224479	188	37	1121	0	0	0	0	0	0	0	0	0	0	0	11480	23	24576	0	0
19140	75	224474	6	224480	198	28	1118	0	0	0	0	0	0	0	0	0	0	0	11480	23	61440	7	0
19140	76	224466	7	224473	194	32	1116	0	0	0	0	0	0	0	0	0	0	0	11480	20	28672	0	0
19140	77	224472	5	224477	192	30	1116	0	0	0	0	0	0	0	0	0	0	0	11480	23	28672	0	0
19140	78	224475	4	224479	196	29	1116	0	0	0	0	0	0	0	0	0	0	0	11480	23	28672	0	0
19140	79	224470	4	224474	193	31	1115	0	0	0	0	0	0	0	0	0	0	0	11480	23	24576	0	0
19140	80	224466	7	224473	194	31	1116	0	0	0	0	0	0	0	0	0	0	0	11480	20	28672	0	0
19140	81	224471	7	224478	194	30	1114	0	0	0	0	0	0	0	0	0	0	0	11480	23	24576	0	0
19140	82	224474	4	224478	192	35	1120	0	0	0	0	0	0	0	0	0	0	0	11480	23	28672	0	0
19140	83	224473	4	224477	196	29	1121	0	0	0	0	0	0	0	0	0	0	0	11480	23	28672	0	0
19140	84	224466	2	224468	192	37	1116	0	0	0	0	0	0	0	0	0	0	0	11480	20	32768	0	0
19140	85	224474	2	224476	192	35	1117	0	0	0	0	0	0	0	0	0	0	0	11480	23	28672	0	0
19140	86	224470	4	224474	198	28	1116	0	0	0	0	0	0	0	0	0	0	0	11480	23	28672	0	0
19140	87	224472	5	224477	194	30	1116	0	0	0	0	0	0	0	0	0	0	0	11480	23	32768	0	0
19140	88	224470	3	224473	194	29	1114	0	0	0	0	0	0	0	0	0	0	0	11480	20	28672	0	0
19140	89	224475	6	224481	195	29	1117	0	0	0	0	0	0	0	0	0	0	0	11480	23	28672	0	0
19140	90	224464	6	224470	192	34	1114	0	0	0	0	0	0	0	0	0	0	0	11480	23	28672	0	0
19140	91	224473	3	224476	198	37	1121	0	0	0	0	0	0	0	0	0	0	0	11480	23	65536	7	0
19140	92	224465	5	224470	195	31	1121	0	0	0	0	0	0	0	0	0	0	0	11480	20	28672	0	0
19140	93	224473	6	224479	192	33	1116	0	0	0	0	0	0	0	0	0	0	0	11480	23	24576	0	0
19140	94	224471	4	224475	192	31	1116	0	0	0	0	0	0	0	0	0	0	0	11480	23	28672	0	0
19140	95	224470	13	224483	192	34	1116	0	0	0	0	0	0	0	0	0	0	0	11480	23	24576	0	0
19140	96	224464	8	224472	192	31	1116	0	0	0	0	0	0	0	0	0	0	0	11480	20	28672	0	0
19140	97	224471	8	224479	190	33	1115	0	0	0	0	0	0	0	0	0	0	0	11480	23	28672	0	0
19140	98	224469	5	224474	192	35	1116	0	0	0	0	0	0	0	0	0	0	0	11480	23	45056	0	0
19140	99	224466	6	224472	192	33	1114	0	0	0	0	0	0	0	0	0	0	0	11480	23	28672	0	0
19140	100	224475	4	224479	190	34	1120	0	0	0	0	0	0	0	0	0	0	0	11480	20	24576	0	0
19140	101	224467	10	224477	190	36	1121	0	0	0	0	0	0	0	0	0	0	0	11480	23	28672	0	0
19140	102	224475	2	224477	192	30	1116	0	0	0	0	0	0	0	0	0	0	0	11480	23	28672	0	0
19140	103	224471	4	224475	194	30	1116	0	0	0	0	0	0	0	0	0	0	0	11480	23	24576	0	0
19140	104	224465	6	224471	198	29	1116	0	0	0	0	0	0	0	0	0	0	0	11480	20	24576	0	0
19140	105	224467	8	224475	196	30	1117	0	0	0	0	0	0	0	0	0	0	0	11480	23	28672	0	0
19140	106	224477	9	224486	192	36	1114	0	0	0	0	0	0	0	0	0	0	0	11480	23	45056	0	0
19140	107	224467	5	224472	194	34	1117	0	0	0	0	0	0	0	0	0	0	0	11480	23	61440	7	0
19140	108	224467	7	224474	196	26	1115	0	0	0	0	0	0	0	0	0	0	0	11480	20	28672	0	0
19140	109	224475	4	224479	190	34	1120	0	0	0	0	0	0	0	0	0	0	0	11480	23	28672	0	0
19140	110	224466	6	224472	196	29	1120	0	0	0	0	0	0	0	0	0	0	0	11480	23	28672	0	0
19140	111	224469	5	224474	196	26	1116	0	0	0	0	0	0	0	0	0	0	0	11480	23	24576	0	0
19140	112	224472	7	224479	194	28	1116	0	0	0	0	0	0	0	0	0	0	0	11480	20	32768	0	0
19140	113	224468	5	224473	196	30	1116	0	0	0	0	0	0	0	0	0	0	0	11480	23	24576	0	0
19140	114	224466	6	224472	192	34	1116	0	0	0	0	0	0	0	0	0	0	0	11480	23	24576	0	0
19140	115	224469	4	224473	192	35	1114	0	0	0	0	0	0	0	0	0	0	0	11480	23	28672	0	0
19140	116	224469	2	224471	192	35	1116	0	0	0	0	0	0	0	0	0	0	0	11480	20	24576	0	0
19140	117	224471	6	224477	194	27	1114	0	0	0	0	0	0	0	0	0	0	0	11480	23	32768	0	0
19140	118	224468	7	224475	194	30	1120	0	0	0	0	0	0	0	0	0	0	0	11480	23	24576	0	0
19140	119	224472	4	224476	192	32	1120	0	0	0	0	0	0	0	0	0	0	0	11480	23	28672	0	0
19140	120	224465	6	224471	190	37	1116	0	0	0	0	0	0	0	0	0	0	0	11480	20	28672	0	0
19140	121	224474	7	224481	194	29	1116	0	0	0	0	0	0	0	0	0	0	0	11480	23	28672	0	0
19140	122	224475	5	224480	198	27	1116	0	0	0	0	0	0	0	0	0	0	0	11480	23	28672	0	0
19140	123	224468	8	224476	194	30	1117	0	0	0	0	0	0	0	0	0	0	0	11480	23	65536	7	0
19140	124	224470	5	224475	194	28	1116	0	0	0	0	0	0	0	0	0	0	0	11480	20	32768	0	0
19140	125	224475	2	224477	196	27	1116	0	0	0	0	0	0	0	0	0	0	0	11480	23	28672	0	0
19140	126	224469	6	224475	188	39	1115	0	0	0	0	0	0	0	0	0	0	0	11480	23	24576	0	0
19140	127	224463	15	224478	192	32	1120	0	0	0	0	0	0	0	0	0	0	0	11480	23	28672	0	0
19140	128	224473	4	224477	190	35	1121	0	0	0	0	0	0	0	0	0	0	0	11480	20	28672	0	0
19140	129	224473	4	224477	198	25	1117	0	0	0	0	0	0	0	0	0	0	0	11480	23	28672	0	0
19140	130	224474	2	224476	192	34	1116	0	0	0	0	0	0	0	0	0	0	0	11480	23	28672	0	0
19140	131	224469	11	224480	188	35	1117	0	0	0	0	0	0	0	0	0	0	0	11480	23	28672	0	0
19140	132	224470	5	224475	192	31	1116	0	0	0	0	0	0	0	0	0	0	0	11480	20	28672	0	0
19140	133	224474	8	224482	194	27	1114	0	0	0	0	0	0	0	0	0	0	0	11480	23	28672	0	0
19140	134	224467	7	224474	192	31	1117	0	0	0	0	0	0	0	0	0	0	0	11480	23	28672	0	0
19140	135	224469	7	224476	190	33	1114	0	0	0	0	0	0	0	0	0	0	0	11480	23	28672	0	0
19140	136	224480	2	224482	194	31	1120	0	0	0	0	0	0	0	0	0	0	0	11480	20	28672	0	0
19140	137	224473	1	224474	188	34	1122	0	0	0	0	0	0	0	0	0	0	0	11480	23	24576	0	0
19140	138	224469	6	224475	192	32	1117	0	0	0	0	0	0	0	0	0	0	0	11480	23	24576	0	0
19140	139	224468	7	224475	195	29	1118	0	0	0	0	0	0	0	0	0	0	0	11480	23	65536	7	0
19140	140	224472	6	224478	190	38	1116	0	0	0	0	0	0	0	0	0	0	0	11480	20	28672	0	0
19140	141	224479	4	224483	190	37	1116	0	0	0	0	0	0	0	0	0	0	0	11480	23	28672	0	0
19140	142	224472	6	224478	194	31	1114	0	0	0	0	0	0	0	0	0	0	0	11480	23	28672	0	0
19140	143	224471	2	224473	192	34	1116	0	0	0	0	0	0	0	0	0	0	0	11480	23	28672	0	0
19140	144	224471	8	224479	196	30	1115	0	0	0	0	0	0	0	0	0	0	0	11480	20	28672	0	0
19140	145	224470	4	224474	198	28	1120	0	0	0	0	0	0	0	0	0	0	0	11480	23	28672	0	0
19140	146	224469	4	224473	196	29	1120	0	0	0	0	0	0	0	0	0	0	0	11480	23	24576	0	0
19140	147	224469	7	224476	191	35	1116	0	0	0	0	0	0	0	0	0	0	0	11480	23	24576	0	0
19140	148	224464	13	224477	197	26	1116	0	0	0	0	0	0	0	0	0	0	0	11480	20	28672	0	0
19140	149	224468	7	224475	198	29	1116	0	0	0	0	0	0	0	0	0	0	0	11480	23	28672	0	0
19140	150	224472	5	224477	198	29	1116	0	0	0	0	0	0	0	0	0	0	0	11480	23	28672	0	0
19140	151	224468	5	224473	196	25	1115	0	0	0	0	0	0	0	0	0	0	0	11480	23	32768	0	0
19140	152	224468	5	224473	192	32	1116	0	0	0	0	0	0	0	0	0	0	0	11480	20	24576	0	0
19140	153	224475	4	224479	195	30	1115	0	0	0	0	0	0	0	0	0	0	0	11480	23	28672	0	0
19140	154	224466	7	224473	194	29	1121	0	0	0	0	0	0	0	0	0	0	0	11480	23	28672	0	0
19140	155	224474	11	224485	192	33	1122	0	0	0	0	0	0	0	0	0	0	0	11480	23	65536	7	0
19140	156	224468	5	224473	194	32	1116	0	0	0	0	0	0	0	0	0	0	0	11480	20	28672	0	0
19140	157	224471	6	224477	192	35	1117	0	0	0	0	0	0	0	0	0	0	0	11480	23	24576	0	0
19140	158	224472	6	224478	190	31	1116	0	0	0	0	0	0	0	0	0	0	0	11480	23	28672	0	0
19140	159	224468	9	224477	192	34	1116	0	0	0	0	0	0	0	0	0	0	0	11480	23	28672	0	0
19140	160	224470	7	224477	194	31	1114	0	0	0	0	0	0	0	0	0	0	0	11480	20	24576	0	0
19140	161	224472	5	224477	192	36	1117	0	0	0	0	0	0	0	0	0	0	0	11480	23	28672	0	0
19140	162	224470	6	224476	194	29	1114	0	0	0	0	0	0	0	0	0	0	0	11480	23	24576	0	0
19140	163	224466	10	224476	192	32	1121	0	0	0	0	0	0	0	0	0	0	0	11480	23	28672	0	0
19140	164	224466	7	224473	196	32	1121	0	0	0	0	0	0	0	0	0	0	0	11480	20	28672	0	0
19140	165	224470	6	224476	190	34	1116	0	0	0	0	0	0	0	0	0	0	0	11480	23	28672	0	0
19140	166	224474	5	224479	194	33	1117	0	0	0	0	0	0	0	0	0	0	0	11480	23	28672	0	0
19140	167	224464	6	224470	194	32	1116	0	0	0	0	0	0	0	0	0	0	0	11480	23	28672	0	0
19140	168	224474	6	224480	190	31	1116	0	0	0	0	0	0	0	0	0	0	0	11480	20	24576	0	0
19140	169	224469	3	224472	194	32	1114	0	0	0	0	0	0	0	0	0	0	0	11480	23	24576	0	0
19140	170	224471	11	224482	192	31	1116	0	0	0	0	0	0	0	0	0	0	0	11480	23	28672	0	0
19140	171	224474	5	224479	190	38	1115	0	0	0	0	0	0	0	0	0	0	0	11480	23	81920	7	0
19140	172	224466	9	224475	194	29	1121	0	0	0	0	0	0	0	0	0	0	0	11480	20	24576	0	0
19140	173	224469	6	224475	192	36	1120	0	0	0	0	0	0	0	0	0	0	0	11480	23	32768	0	0
19140	174	224469	2	224471	192	30	1117	0	0	0	0	0	0	0	0	0	0	0	11480	23	32768	0	0
19140	175	224475	7	224482	194	33	1117	0	0	0	0	0	0	0	0	0	0	0	11480	23	28672	0	0
19140	176	224470	3	224473	196	28	1116	0	0	0	0	0	0	0	0	0	0	0	11480	20	24576	0	0
19140	177	224473	4	224477	192	34	1116	0	0	0	0	0	0	0	0	0	0	0	11480	23	28672	0	0
19140	178	224462	8	224470	191	35	1114	0	0	0	0	0	0	0	0	0	0	0	11480	23	28672	0	0
19140	179	224481	3	224484	192	33	1117	0	0	0	0	0	0	0	0	0	0	0	11480	23	28672	0	0
19140	180	224470	4	224474	194	33	1114	0	0	0	0	0	0	0	0	0	0	0	11480	20	24576	0	0
19140	181	224478	4	224482	194	32	1120	0	0	0	0	0	0	0	0	0	0	0	11480	23	28672	0	0
19140	182	224466	7	224473	192	31	1120	0	0	0	0	0	0	0	0	0	0	0	11480	23	24576	0	0
19140	183	224475	7	224482	195	31	1117	0	0	0	0	0	0	0	0	0	0	0	11480	23	28672	0	0
19140	184	224468	8	224476	190	34	1116	0	0	0	0	0	0	0	0	0	0	0	11480	20	28672	0	0
19140	185	224468	9	224477	190	36	1117	0	0	0	0	0	0	0	0	0	0	0	11480	23	28672	0	0
19140	186	224466	4	224470	198	29	1117	0	0	0	0	0	0	0	0	0	0	0	11480	23	28672	0	0
19140	187	224476	7	224483	192	31	1115	0	0	0	0	0	0	0	0	0	0	0	11480	23	65536	7	0
19140	188	224469	7	224476	198	26	1117	0	0	0	0	0	0	0	0	0	0	0	11480	20	24576	0	0
19140	189	224470	7	224477	196	30	1114	0	0	0	0	0	0	0	0	0	0	0	11480	23	28672	0	0
19140	190	224472	9	224481	194	31	1121	0	0	0	0	0	0	0	0	0	0	0	11480	23	28672	0	0
19140	191	224468	5	224473	190	32	1121	0	0	0	0	0	0	0	0	0	0	0	11480	23	32768	0	0
19140	192	224468	7	224475	192	30	1116	0	0	0	0	0	0	0	0	0	0	0	11480	20	28672	0	0
19140	193	224473	5	224478	194	29	1117	0	0	0	0	0	0	0	0	0	0	0	11480	23	24576	0	0
19140	194	224467	10	224477	194	33	1117	0	0	0	0	0	0	0	0	0	0	0	11480	23	28672	0	0
19140	195	224468	6	224474	194	29	1117	0	0	0	0	0	0	0	0	0	0	0	11480	23	24576	0	0
19140	196	224473	4	224477	192	33	1115	0	0	0	0	0	0	0	0	0	0	0	11480	20	28672	0	0
19140	197	224468	7	224475	194	28	1117	0	0	0	0	0	0	0	0	0	0	0	11480	23	24576	0	0
19140	198	224474	6	224480	194	31	1115	0	0	0	0	0	0	0	0	0	0	0	11480	23	28672	0	0
19140	199	224474	5	224479	194	32	1122	0	0	0	0	0	0	0	0	0	0	0	11480	23	24576	0	0
19140	200	224463	7	224470	194	34	1121	0	0	0	0	0	0	0	0	0	0	0	11480	20	24576	0	0
19140	201	224470	11	224481	191	34	1116	0	0	0	0	0	0	0	0	0	0	0	11480	23	28672	0	0
19140	202	224476	0	224476	192	34	1116	0	0	0	0	0	0	0	0	0	0	0	11480	23	28672	0	0
19140	203	224474	6	224480	194	31	1118	0	0	0	0	0	0	0	0	0	0	0	11480	23	65536	7	0
19140	204	224474	5	224479	194	34	1117	0	0	0	0	0	0	0	0	0	0	0	11480	20	28672	0	0
19140	205	224466	4	224470	194	31	1114	0	0	0	0	0	0	0	0	0	0	0	11480	23	32768	0	0
19140	206	224467	10	224477	190	33	1116	0	0	0	0	0	0	0	0	0	0	0	11480	23	28672	0	0
19140	207	224468	6	224474	192	32	1114	0	0	0	0	0	0	0	0	0	0	0	11480	23	28672	0	0
19140	208	224477	5	224482	190	34	1120	0	0	0	0	0	0	0	0	0	0	0	11480	20	28672	0	0
19140	209	224463	5	224468	196	30	1121	0	0	0	0	0	0	0	0	0	0	0	11480	23	24576	0	0
19140	210	224468	6	224474	195	29	1116	0	0	0	0	0	0	0	0	0	0	0	11480	23	28672	0	0
19140	211	224468	6	224474	192	29	1116	0	0	0	0	0	0	0	0	0	0	0	11480	23	32768	0	0
19140	212	224469	7	224476	196	28	1116	0	0	0	0	0	0	0	0	0	0	0	11480	20	32768	0	0
19140	213	224464	11	224475	192	30	1116	0	0	0	0	0	0	0	0	0	0	0	11480	23	28672	0	0
19140	214	224466	4	224470	192	35	1117	0	0	0	0	0	0	0	0	0	0	0	11480	23	32768	0	0
19140	215	224470	3	224473	194	32	1116	0	0	0	0	0	0	0	0	0	0	0	11480	23	24576	0	0
19140	216	224476	5	224481	192	31	1114	0	0	0	0	0	0	0	0	0	0	0	11480	20	24576	0	0
19140	217	224467	7	224474	194	30	1121	0	0	0	0	0	0	0	0	0	0	0	11480	23	28672	0	0
19140	218	224468	6	224474	190	35	1118	0	0	0	0	0	0	0	0	0	0	0	11480	23	24576	0	0
19140	219	224469	7	224476	190	37	1117	0	0	0	0	0	0	0	0	0	0	0	11480	23	61440	7	0
19140	220	224469	5	224474	194	27	1116	0	0	0	0	0	0	0	0	0	0	0	11480	20	32768	0	0
19140	221	224466	7	224473	198	28	1116	0	0	0	0	0	0	0	0	0	0	0	11480	23	28672	0	0
19140	222	224473	7	224480	192	31	1116	0	0	0	0	0	0	0	0	0	0	0	11480	23	28672	0	0
19140	223	224475	5	224480	190	33	1114	0	0	0	0	0	0	0	0	0	0	0	11480	23	28672	0	0
19140	224	224467	15	224482	193	31	1116	0	0	0	0	0	0	0	0	0	0	0	11480	20	28672	0	0
19140	225	224472	6	224478	194	29	1114	0	0	0	0	0	0	0	0	0	0	0	11480	23	28672	0	0
19140	226	224471	5	224476	190	34	1120	0	0	0	0	0	0	0	0	0	0	0	11480	23	28672	0	0
19140	227	224469	3	224472	192	31	1119	0	0	0	0	0	0	0	0	0	0	0	11480	23	28672	0	0
19140	228	224472	6	224478	194	30	1116	0	0	0	0	0	0	0	0	0	0	0	11480	20	24576	0	0
19140	229	224467	9	224476	192	33	1116	0	0	0	0	0	0	0	0	0	0	0	11480	23	28672	0	0
19140	230	224467	5	224472	196	29	1119	0	0	0	0	0	0	0	0	0	0	0	11480	23	28672	0	0
19140	231	224471	4	224475	193	32	1116	0	0	0	0	0	0	0	0	0	0	0	11480	23	24576	0	0
19140	232	224472	12	224484	196	30	1115	0	0	0	0	0	0	0	0	0	0	0	11480	20	28672	0	0
19140	233	224472	4	224476	188	35	1116	0	0	0	0	0	0	0	0	0	0	0	11480	23	24576	0	0
19140	234	224469	4	224473	190	33	1114	0	0	0	0	0	0	0	0	0	0	0	11480	23	24576	0	0
19140	235	224481	7	224488	192	31	1122	0	0	0	0	0	0	0	0	0	0	0	11480	23	65536	7	0
19140	236	224471	2	224473	196	31	1120	0	0	0	0	0	0	0	0	0	0	0	11480	20	28672	0	0
19140	237	224467	12	224479	196	28	1116	0	0	0	0	0	0	0	0	0	0	0	11480	23	28672	0	0
19140	238	224478	8	224486	190	33	1116	0	0	0	0	0	0	0	0	0	0	0	11480	23	28672	0	0
19140	239	224470	6	224476	194	32	1116	0	0	0	0	0	0	0	0	0	0	0	11480	23	28672	0	0
19140	240	224474	2	224476	199	29	1117	0	0	0	0	0	0	0	0	0	0	0	11480	20	24576	0	0
19140	241	224474	1	224475	196	28	1114	0	0	0	0	0	0	0	0	0	0	0	11480	23	28672	0	0
19140	242	224471	3	224474	198	27	1116	0	0	0	0	0	0	0	0	0	0	0	11480	23	32768	0	0
19140	243	224474	5	224479	190	35	1115	0	0	0	0	0	0	0	0	0	0	0	11480	23	28672	0	0
19140	244	224466	8	224474	194	33	1120	0	0	0	0	0	0	0	0	0	0	0	11480	20	28672	0	0
19140	245	224475	3	224478	194	31	1120	0	0	0	0	0	0	0	0	0	0	0	11480	23	24576	0	0
19140	246	224466	7	224473	194	30	1116	0	0	0	0	0	0	0	0	0	0	0	11480	23	40960	0	0
19140	247	224477	6	224483	192	38	2231	0	0	0	0	0	0	0	0	0	0	0	22960	43	32768	0	0
19140	248	224465	5	224470	192	34	1116	0	0	0	0	0	0	0	0	0	0	0	11480	20	28672	0	0
19140	249	224472	6	224478	194	31	1117	0	0	0	0	0	0	0	0	0	0	0	11480	23	24576	0	0
19140	250	224477	4	224481	192	30	1114	0	0	0	0	0	0	0	0	0	0	0	11480	23	28672	0	0
19140	251	224466	7	224473	194	32	1118	0	0	0	0	0	0	0	0	0	0	0	11480	23	65536	7	0
19140	252	224473	4	224477	188	36	1114	0	0	0	0	0	0	0	0	0	0	0	11480	20	32768	0	0
19140	253	224478	7	224485	192	33	1120	0	0	0	0	0	0	0	0	0	0	0	11480	23	28672	0	0
19140	254	224471	10	224481	192	29	1121	0	0	0	0	0	0	0	0	0	0	0	11480	23	45056	0	0
19140	255	224476	4	224480	194	30	1117	0	0	0	0	0	0	0	0	0	0	0	11480	23	24576	0	0
19140	256	224473	6	224479	192	29	1116	0	0	0	0	0	0	0	0	0	0	0	11480	20	28672	0	0
19140	257	224474	4	224478	196	30	1117	0	0	0	0	0	0	0	0	0	0	0	11480	23	24576	0	0
19140	258	224472	7	224479	192	31	1116	0	0	0	0	0	0	0	0	0	0	0	11480	23	24576	0	0
19140	259	224472	1	224473	194	34	1115	0	0	0	0	0	0	0	0	0	0	0	11480	23	24576	0	0
19140	260	224475	2	224477	192	33	1116	0	0	0	0	0	0	0	0	0	0	0	11480	20	40960	0	0
19140	261	224470	6	224476	190	37	1114	0	0	0	0	0	0	0	0	0	0	0	11480	23	24576	0	0
19140	262	224472	4	224476	194	27	1121	0	0	0	0	0	0	0	0	0	0	0	11480	23	32768	0	0
19140	263	224473	3	224476	196	28	1120	0	0	0	0	0	0	0	0	0	0	0	11480	23	28672	0	0
19140	264	224471	5	224476	195	28	1117	0	0	0	0	0	0	0	0	0	0	0	11480	20	24576	0	0
19140	265	224468	9	224477	192	29	1116	0	0	0	0	0	0	0	0	0	0	0	11480	23	28672	0	0
19140	266	224471	8	224479	200	29	1116	0	0	0	0	0	0	0	0	0	0	0	11480	23	28672	0	0
19140	267	224469	15	224484	195	30	1117	0	0	0	0	0	0	0	0	0	0	0	11480	23	65536	7	0
19140	268	224470	11	224481	192	32	1114	0	0	0	0	0	0	0	0	0	0	0	11480	20	28672	0	0
19140	269	224470	4	224474	192	35	1117	0	0	0	0	0	0	0	0	0	0	0	11480	23	24576	0	0
19140	270	224474	2	224476	190	36	1114	0	0	0	0	0	0	0	0	0	0	0	11480	23	24576	0	0
19140	271	224470	5	224475	192	32	1120	0	0	0	0	0	0	0	0	0	0	0	11480	23	32768	0	0
19140	272	224467	5	224472	192	36	1121	0	0	0	0	0	0	0	0	0	0	0	11480	20	32768	0	0
19140	273	224469	7	224476	196	28	1116	0	0	0	0	0	0	0	0	0	0	0	11480	23	28672	0	0
19140	274	224469	3	224472	194	30	1116	0	0	0	0	0	0	0	0	0	0	0	11480	23	24576	0	0
19140	275	224476	8	224484	194	28	1116	0	0	0	0	0	0	0	0	0	0	0	11480	23	28672	0	0
19140	276	224469	6	224475	194	32	1116	0	0	0	0	0	0	0	0	0	0	0	11480	20	28672	0	0
19140	277	224473	3	224476	194	28	1115	0	0	0	0	0	0	0	0	0	0	0	11480	23	24576	0	0
19140	278	224466	8	224474	194	35	2232	0	0	0	0	0	0	0	0	0	0	0	22960	43	36864	0	0
19140	279	224471	4	224475	192	31	1115	0	0	0	0	0	0	0	0	0	0	0	11480	23	28672	0	0
19140	280	224462	7	224469	192	35	1120	0	0	0	0	0	0	0	0	0	0	0	11480	20	24576	0	0
19140	281	224473	5	224478	192	35	1120	0	0	0	0	0	0	0	0	0	0	0	11480	23	28672	0	0
19140	282	224474	3	224477	192	34	1116	0	0	0	0	0	0	0	0	0	0	0	11480	23	28672	0	0
19140	283	224468	8	224476	194	30	1117	0	0	0	0	0	0	0	0	0	0	0	11480	23	65536	7	0
19140	284	224472	6	224478	192	34	1117	0	0	0	0	0	0	0	0	0	0	0	11480	20	28672	0	0
19140	285	224466	12	224478	196	28	1116	0	0	0	0	0	0	0	0	0	0	0	11480	23	28672	0	0
19140	286	224480	6	224486	194	31	1115	0	0	0	0	0	0	0	0	0	0	0	11480	23	28672	0	0
19140	287	224471	5	224476	190	35	1116	0	0	0	0	0	0	0	0	0	0	0	11480	23	28672	0	0
19140	288	224473	8	224481	195	30	1114	0	0	0	0	0	0	0	0	0	0	0	11480	20	24576	0	0
19140	289	224471	4	224475	192	30	1120	0	0	0	0	0	0	0	0	0	0	0	11480	23	24576	0	0
19140	290	224480	5	224485	196	28	1120	0	0	0	0	0	0	0	0	0	0	0	11480	23	28672	0	0
19140	291	224468	9	224477	190	33	1116	0	0	0	0	0	0	0	0	0	0	0	11480	23	24576	0	0
19140	292	224468	9	224477	194	32	1116	0	0	0	0	0	0	0	0	0	0	0	11480	20	28672	0	0
19140	293	224476	7	224483	194	27	1116	0	0	0	0	0	0	0	0	0	0	0	11480	23	28672	0	0
19140	294	224474	2	224476	194	29	1116	0	0	0	0	0	0	0	0	0	0	0	11480	23	24576	0	0
19140	295	224472	8	224480	192	35	1114	0	0	0	0	0	0	0	0	0	0	0	11480	23	28672	0	0
19140	296	224476	4	224480	196	27	1116	0	0	0	0	0	0	0	0	0	0	0	11480	20	28672	0	0
19140	297	224469	10	224479	192	31	1115	0	0	0	0	0	0	0	0	0	0	0	11480	23	28672	0	0
19140	298	224470	11	224481	194	29	1120	0	0	0	0	0	0	0	0	0	0	0	11480	23	28672	0	0
19140	299	224477	3	224480	194	33	1121	0	0	0	0	0	0	0	0	0	0	0	11480	23	61440	7	0
19140	300	224468	8	224476	194	29	1116	0	0	0	0	0	0	0	0	0	0	0	11480	20	28672	0	0
19140	301	224468	5	224473	194	30	1116	0	0	0	0	0	0	0	0	0	0	0	11480	23	28672	0	0
19140	302	224471	7	224478	190	35	1116	0	0	0	0	0	0	0	0	0	0	0	11480	23	28672	0	0
19140	303	224482	3	224485	194	31	1116	0	0	0	0	0	0	0	0	0	0	0	11480	23	28672	0	0
19140	304	224473	6	224479	196	27	1116	0	0	0	0	0	0	0	0	0	0	0	11480	20	28672	0	0
19140	305	224470	3	224473	198	29	1117	0	0	0	0	0	0	0	0	0	0	0	11480	23	32768	0	0
19140	306	224472	6	224478	192	34	1114	0	0	0	0	0	0	0	0	0	0	0	11480	23	24576	0	0
19140	307	224472	4	224476	192	31	1120	0	0	0	0	0	0	0	0	0	0	0	11480	23	24576	0	0
19140	308	224470	5	224475	194	32	1120	0	0	0	0	0	0	0	0	0	0	0	11480	20	28672	0	0
19140	309	224472	8	224480	191	38	2232	0	0	0	0	0	0	0	0	0	0	0	22960	43	32768	0	0
19140	310	224467	7	224474	196	27	1117	0	0	0	0	0	0	0	0	0	0	0	11480	23	28672	0	0
19140	311	224471	4	224475	192	34	1116	0	0	0	0	0	0	0	0	0	0	0	11480	23	40960	0	0
19140	312	224471	3	224474	196	28	1117	0	0	0	0	0	0	0	0	0	0	0	11480	20	24576	0	0
19140	313	224474	6	224480	192	29	1114	0	0	0	0	0	0	0	0	0	0	0	11480	23	28672	0	0
19140	314	224467	10	224477	192	33	1116	0	0	0	0	0	0	0	0	0	0	0	11480	23	28672	0	0
19140	315	224472	9	224481	196	31	1116	0	0	0	0	0	0	0	0	0	0	0	11480	23	65536	7	0
19140	316	224462	9	224471	192	34	1120	0	0	0	0	0	0	0	0	0	0	0	11480	20	28672	0	0
19140	317	224465	5	224470	194	33	1120	0	0	0	0	0	0	0	0	0	0	0	11480	23	28672	0	0
19140	318	224473	7	224480	196	29	1116	0	0	0	0	0	0	0	0	0	0	0	11480	23	28672	0	0
19140	319	224472	4	224476	194	29	1118	0	0	0	0	0	0	0	0	0	0	0	11480	23	24576	0	0
19140	320	224469	4	224473	194	30	1116	0	0	0	0	0	0	0	0	0	0	0	11480	20	28672	0	0
19140	321	224472	19	224491	213	39	5254	0	0	0	0	0	0	0	0	0	0	0	839485	642	217088	26318	0
19140	322	224472	5	224477	190	33	1115	0	0	0	0	0	0	0	0	0	0	0	11480	23	24576	0	0
19140	323	224464	18	224482	189	35	1116	0	0	0	0	0	0	0	0	0	0	0	11480	23	28672	0	0
19140	324	224470	3	224473	192	31	1114	0	0	0	0	0	0	0	0	0	0	0	11480	20	28672	0	0
19140	325	224474	3	224477	198	27	1120	0	0	0	0	0	0	0	0	0	0	0	11480	23	24576	0	0
19140	326	224470	8	224478	188	37	1121	0	0	0	0	0	0	0	0	0	0	0	11480	23	28672	0	0
19140	327	224471	6	224477	194	30	1117	0	0	0	0	0	0	0	0	0	0	0	11480	23	24576	0	0
19140	328	224474	4	224478	194	29	1116	0	0	0	0	0	0	0	0	0	0	0	11480	20	28672	0	0
19140	329	224476	6	224482	194	32	1118	0	0	0	0	0	0	0	0	0	0	0	11480	23	28672	0	0
19140	330	224469	5	224474	194	29	1116	0	0	0	0	0	0	0	0	0	0	0	11480	23	32768	0	0
19140	331	224472	6	224478	190	38	1115	0	0	0	0	0	0	0	0	0	0	0	11480	23	61440	7	0
19140	332	224468	5	224473	194	30	1116	0	0	0	0	0	0	0	0	0	0	0	11480	20	32768	0	0
19140	333	224471	3	224474	195	30	1114	0	0	0	0	0	0	0	0	0	0	0	11480	23	28672	0	0
19140	334	224470	10	224480	188	35	1120	0	0	0	0	0	0	0	0	0	0	0	11480	23	28672	0	0
19140	335	224469	4	224473	192	30	1121	0	0	0	0	0	0	0	0	0	0	0	11480	23	32768	0	0
19140	336	224466	6	224472	192	32	1116	0	0	0	0	0	0	0	0	0	0	0	11480	20	28672	0	0
19140	337	224472	5	224477	192	31	1116	0	0	0	0	0	0	0	0	0	0	0	11480	23	32768	0	0
19140	338	224468	7	224475	192	32	1118	0	0	0	0	0	0	0	0	0	0	0	11480	23	28672	0	0
19140	339	224469	6	224475	198	30	1116	0	0	0	0	0	0	0	0	0	0	0	11480	23	28672	0	0
19140	340	224468	5	224473	192	35	1115	0	0	0	0	0	0	0	0	0	0	0	11480	20	24576	0	0
19140	341	224467	7	224474	190	32	1116	0	0	0	0	0	0	0	0	0	0	0	11480	23	28672	0	0
19140	342	224467	6	224473	188	39	1114	0	0	0	0	0	0	0	0	0	0	0	11480	23	28672	0	0
19140	343	224463	10	224473	192	33	1122	0	0	0	0	0	0	0	0	0	0	0	11480	23	28672	0	0
19140	344	224471	4	224475	196	30	1121	0	0	0	0	0	0	0	0	0	0	0	11480	20	24576	0	0
19140	345	224475	6	224481	192	34	1116	0	0	0	0	0	0	0	0	0	0	0	11480	23	28672	0	0
19140	346	224474	6	224480	192	33	1116	0	0	0	0	0	0	0	0	0	0	0	11480	23	24576	0	0
19140	347	224469	7	224476	196	27	1118	0	0	0	0	0	0	0	0	0	0	0	11480	23	69632	7	0
19140	348	224477	5	224482	194	29	1116	0	0	0	0	0	0	0	0	0	0	0	11480	20	28672	0	0
19140	349	224468	3	224471	196	33	1115	0	0	0	0	0	0	0	0	0	0	0	11480	23	40960	0	0
19140	350	224467	7	224474	198	27	1116	0	0	0	0	0	0	0	0	0	0	0	11480	23	32768	0	0
19140	351	224466	8	224474	194	33	1114	0	0	0	0	0	0	0	0	0	0	0	11480	23	28672	0	0
19140	352	224470	4	224474	192	32	1120	0	0	0	0	0	0	0	0	0	0	0	11480	20	28672	0	0
19140	353	224472	8	224480	196	26	1120	0	0	0	0	0	0	0	0	0	0	0	11480	23	28672	0	0
19140	354	224470	8	224478	194	33	1117	0	0	0	0	0	0	0	0	0	0	0	11480	23	28672	0	0
19140	355	224469	6	224475	194	29	1116	0	0	0	0	0	0	0	0	0	0	0	11480	23	28672	0	0
19140	356	224475	8	224483	190	37	1116	0	0	0	0	0	0	0	0	0	0	0	11480	20	28672	0	0
19140	357	224466	7	224473	194	27	1116	0	0	0	0	0	0	0	0	0	0	0	11480	23	32768	0	0
19140	358	224471	6	224477	192	34	1115	0	0	0	0	0	0	0	0	0	0	0	11480	23	28672	0	0
19140	359	224465	5	224470	192	33	1116	0	0	0	0	0	0	0	0	0	0	0	11480	23	32768	0	0
19140	360	224467	6	224473	196	31	1114	0	0	0	0	0	0	0	0	0	0	0	11480	20	28672	0	0
19140	361	224475	2	224477	194	28	1120	0	0	0	0	0	0	0	0	0	0	0	11480	23	28672	0	0
19140	362	224464	6	224470	194	29	1120	0	0	0	0	0	0	0	0	0	0	0	11480	23	28672	0	0
19140	363	224468	4	224472	193	33	1117	0	0	0	0	0	0	0	0	0	0	0	11480	23	61440	7	0
19140	364	224469	3	224472	194	31	1116	0	0	0	0	0	0	0	0	0	0	0	11480	20	28672	0	0
19140	365	224472	2	224474	192	30	1116	0	0	0	0	0	0	0	0	0	0	0	11480	23	24576	0	0
19140	366	224471	2	224473	194	32	1116	0	0	0	0	0	0	0	0	0	0	0	11480	23	28672	0	0
19140	367	224470	3	224473	196	27	1114	0	0	0	0	0	0	0	0	0	0	0	11480	23	24576	0	0
19140	368	224468	6	224474	194	33	1116	0	0	0	0	0	0	0	0	0	0	0	11480	20	28672	0	0
19140	369	224483	7	224490	226	36	9107	0	0	0	0	0	0	0	0	0	0	0	1670803	1238	40960	51872	0
19140	370	224470	4	224474	194	30	1120	0	0	0	0	0	0	0	0	0	0	0	11480	23	24576	0	0
19140	371	224462	5	224467	194	33	1121	0	0	0	0	0	0	0	0	0	0	0	11480	23	28672	0	0
19140	372	224472	5	224477	192	33	1117	0	0	0	0	0	0	0	0	0	0	0	11480	20	28672	0	0
19140	373	224472	4	224476	194	31	1116	0	0	0	0	0	0	0	0	0	0	0	11480	23	28672	0	0
19140	374	224466	6	224472	192	32	1116	0	0	0	0	0	0	0	0	0	0	0	11480	23	28672	0	0
19140	375	224476	4	224480	191	35	1116	0	0	0	0	0	0	0	0	0	0	0	11480	23	28672	0	0
19140	376	224467	4	224471	192	34	1116	0	0	0	0	0	0	0	0	0	0	0	11480	20	28672	0	0
19140	377	224464	3	224467	192	34	1116	0	0	0	0	0	0	0	0	0	0	0	11480	23	28672	0	0
19140	378	224473	4	224477	192	31	1114	0	0	0	0	0	0	0	0	0	0	0	11480	23	45056	0	0
19140	379	224474	2	224476	196	28	1119	0	0	0	0	0	0	0	0	0	0	0	11480	23	61440	7	0
19140	380	224469	6	224475	190	31	1120	0	0	0	0	0	0	0	0	0	0	0	11480	20	32768	0	0
19140	381	224467	6	224473	196	31	1116	0	0	0	0	0	0	0	0	0	0	0	11480	23	28672	0	0
19140	382	224468	6	224474	190	34	1116	0	0	0	0	0	0	0	0	0	0	0	11480	23	28672	0	0
19140	383	224469	4	224473	196	31	1116	0	0	0	0	0	0	0	0	0	0	0	11480	23	28672	0	0
19140	384	224469	6	224475	196	29	1116	0	0	0	0	0	0	0	0	0	0	0	11480	20	24576	0	0
19140	385	224473	6	224479	194	31	1116	0	0	0	0	0	0	0	0	0	0	0	11480	23	28672	0	0
19140	386	224471	7	224478	196	32	1117	0	0	0	0	0	0	0	0	0	0	0	11480	23	40960	0	0
19140	387	224464	7	224471	190	36	1114	0	0	0	0	0	0	0	0	0	0	0	11480	23	24576	0	0
19140	388	224464	11	224475	194	30	1120	0	0	0	0	0	0	0	0	0	0	0	11480	20	28672	0	0
19140	389	224471	4	224475	190	38	1118	0	0	0	0	0	0	0	0	0	0	0	11480	23	28672	0	0
19140	390	224466	5	224471	196	30	1116	0	0	0	0	0	0	0	0	0	0	0	11480	23	28672	0	0
19140	391	224469	4	224473	186	39	1116	0	0	0	0	0	0	0	0	0	0	0	11480	23	28672	0	0
19140	392	224471	4	224475	196	26	1116	0	0	0	0	0	0	0	0	0	0	0	11480	20	24576	0	0
19140	393	224476	4	224480	192	30	1116	0	0	0	0	0	0	0	0	0	0	0	11480	23	28672	0	0
19140	394	224470	6	224476	194	31	1114	0	0	0	0	0	0	0	0	0	0	0	11480	23	28672	0	0
19140	395	224465	9	224474	194	35	1118	0	0	0	0	0	0	0	0	0	0	0	11480	23	61440	7	0
19140	396	224471	6	224477	194	31	1114	0	0	0	0	0	0	0	0	0	0	0	11480	20	28672	0	0
19140	397	224468	5	224473	198	27	1120	0	0	0	0	0	0	0	0	0	0	0	11480	23	28672	0	0
19140	398	224467	6	224473	193	31	1120	0	0	0	0	0	0	0	0	0	0	0	11480	23	28672	0	0
19140	399	224481	6	224487	192	31	1117	0	0	0	0	0	0	0	0	0	0	0	11480	23	28672	0	0
19140	400	224474	4	224478	194	29	1116	0	0	0	0	0	0	0	0	0	0	0	11480	20	45056	0	0
19140	401	224470	9	224479	192	34	2232	0	0	0	0	0	0	0	0	0	0	0	22960	43	28672	0	0
19140	402	224474	9	224483	192	34	1117	0	0	0	0	0	0	0	0	0	0	0	11480	23	45056	0	0
19140	403	224473	3	224476	194	28	1116	0	0	0	0	0	0	0	0	0	0	0	11480	23	28672	0	0
19140	404	224467	4	224471	194	28	1116	0	0	0	0	0	0	0	0	0	0	0	11480	20	28672	0	0
19140	405	224474	7	224481	194	29	1115	0	0	0	0	0	0	0	0	0	0	0	11480	23	28672	0	0
19140	406	224472	7	224479	188	36	1120	0	0	0	0	0	0	0	0	0	0	0	11480	23	45056	0	0
19140	407	224465	6	224471	198	27	1120	0	0	0	0	0	0	0	0	0	0	0	11480	23	28672	0	0
19140	408	224474	6	224480	196	30	1116	0	0	0	0	0	0	0	0	0	0	0	11480	20	28672	0	0
19140	409	224471	9	224480	194	31	1116	0	0	0	0	0	0	0	0	0	0	0	11480	23	28672	0	0
19140	410	224469	8	224477	194	33	1117	0	0	0	0	0	0	0	0	0	0	0	11480	23	45056	0	0
19140	411	224471	7	224478	196	31	1117	0	0	0	0	0	0	0	0	0	0	0	11480	23	65536	7	0
19140	412	224471	10	224481	196	30	1114	0	0	0	0	0	0	0	0	0	0	0	11480	20	28672	0	0
19140	413	224468	6	224474	192	33	1116	0	0	0	0	0	0	0	0	0	0	0	11480	23	28672	0	0
19140	414	224471	5	224476	192	34	1114	0	0	0	0	0	0	0	0	0	0	0	11480	23	40960	0	0
19140	415	224470	5	224475	197	26	1120	0	0	0	0	0	0	0	0	0	0	0	11480	23	28672	0	0
19140	416	224467	11	224478	194	32	1121	0	0	0	0	0	0	0	0	0	0	0	11480	20	28672	0	0
19140	417	224469	3	224472	194	32	1117	0	0	0	0	0	0	0	0	0	0	0	11480	23	28672	0	0
19140	418	224471	7	224478	194	32	1116	0	0	0	0	0	0	0	0	0	0	0	11480	23	28672	0	0
19140	419	224472	4	224476	198	27	1116	0	0	0	0	0	0	0	0	0	0	0	11480	23	28672	0	0
19140	420	224468	4	224472	192	29	1116	0	0	0	0	0	0	0	0	0	0	0	11480	20	24576	0	0
19140	421	224473	9	224482	196	29	1114	0	0	0	0	0	0	0	0	0	0	0	11480	23	28672	0	0
19140	422	224473	3	224476	190	37	1116	0	0	0	0	0	0	0	0	0	0	0	11480	23	24576	0	0
19140	423	224474	5	224479	192	33	1115	0	0	0	0	0	0	0	0	0	0	0	11571	26	32768	0	0
19140	424	224464	4	224468	190	39	1120	0	0	0	0	0	0	0	0	0	0	0	11480	20	28672	0	0
19140	425	224474	3	224477	192	32	1120	0	0	0	0	0	0	0	0	0	0	0	11480	23	28672	0	0
19140	426	224476	1	224477	194	32	1116	0	0	0	0	0	0	0	0	0	0	0	11480	23	24576	0	0
19140	427	224470	8	224478	190	36	1117	0	0	0	0	0	0	0	0	0	0	0	11480	23	65536	7	0
19140	428	224478	3	224481	192	32	1116	0	0	0	0	0	0	0	0	0	0	0	11480	20	24576	0	0
19140	429	224473	1	224474	196	28	1116	0	0	0	0	0	0	0	0	0	0	0	11480	23	28672	0	0
19140	430	224467	5	224472	197	30	1114	0	0	0	0	0	0	0	0	0	0	0	11480	23	24576	0	0
19140	431	224471	9	224480	196	29	1116	0	0	0	0	0	0	0	0	0	0	0	11480	23	28672	0	0
19140	432	224467	10	224477	196	30	2230	0	0	0	0	0	0	0	0	0	0	0	22960	40	32768	0	0
19140	433	224475	5	224480	194	27	1120	0	0	0	0	0	0	0	0	0	0	0	11480	23	28672	0	0
19140	434	224473	4	224477	192	33	1120	0	0	0	0	0	0	0	0	0	0	0	11480	23	28672	0	0
19140	435	224471	7	224478	192	29	1116	0	0	0	0	0	0	0	0	0	0	0	11480	23	28672	0	0
19140	436	224469	5	224474	196	31	1116	0	0	0	0	0	0	0	0	0	0	0	11480	20	28672	0	0
19140	437	224467	10	224477	192	33	1117	0	0	0	0	0	0	0	0	0	0	0	11480	23	28672	0	0
19140	438	224472	5	224477	196	27	1116	0	0	0	0	0	0	0	0	0	0	0	11480	23	24576	0	0
19140	439	224475	9	224484	194	28	1115	0	0	0	0	0	0	0	0	0	0	0	11480	23	28672	0	0
19140	440	224468	3	224471	196	27	1117	0	0	0	0	0	0	0	0	0	0	0	11480	20	32768	0	0
19140	441	224474	6	224480	188	38	1115	0	0	0	0	0	0	0	0	0	0	0	11480	23	28672	0	0
19140	442	224463	6	224469	192	36	1120	0	0	0	0	0	0	0	0	0	0	0	11480	23	24576	0	0
19140	443	224475	7	224482	194	28	1121	0	0	0	0	0	0	0	0	0	0	0	11570	26	69632	7	0
19140	444	224468	4	224472	198	26	1116	0	0	0	0	0	0	0	0	0	0	0	11480	20	24576	0	0
19140	445	224474	5	224479	196	27	1116	0	0	0	0	0	0	0	0	0	0	0	11480	23	24576	0	0
19140	446	224465	5	224470	192	32	1116	0	0	0	0	0	0	0	0	0	0	0	11480	23	28672	0	0
19140	447	224477	2	224479	197	28	1116	0	0	0	0	0	0	0	0	0	0	0	11480	23	28672	0	0
19140	448	224470	8	224478	194	31	1114	0	0	0	0	0	0	0	0	0	0	0	11480	20	28672	0	0
19140	449	224473	7	224480	190	33	1116	0	0	0	0	0	0	0	0	0	0	0	11480	23	24576	0	0
19140	450	224472	7	224479	190	34	1115	0	0	0	0	0	0	0	0	0	0	0	11480	23	40960	0	0
19140	451	224475	7	224482	196	29	1120	0	0	0	0	0	0	0	0	0	0	0	11480	23	28672	0	0
19140	452	224467	5	224472	194	31	1120	0	0	0	0	0	0	0	0	0	0	0	11480	20	24576	0	0
19140	453	224475	7	224482	196	27	1116	0	0	0	0	0	0	0	0	0	0	0	11480	23	28672	0	0
19140	454	224475	6	224481	188	36	1116	0	0	0	0	0	0	0	0	0	0	0	11480	23	40960	0	0
19140	455	224467	8	224475	194	31	1116	0	0	0	0	0	0	0	0	0	0	0	11480	23	28672	0	0
19140	456	224479	6	224485	196	27	1117	0	0	0	0	0	0	0	0	0	0	0	11480	20	28672	0	0
19140	457	224475	6	224481	188	36	1114	0	0	0	0	0	0	0	0	0	0	0	11480	23	28672	0	0
19140	458	224473	6	224479	194	27	1118	0	0	0	0	0	0	0	0	0	0	0	11480	23	32768	0	0
19140	459	224464	17	224481	196	33	1115	0	0	0	0	0	0	0	0	0	0	0	11480	23	65536	7	0
19140	460	224467	6	224473	194	29	1120	0	0	0	0	0	0	0	0	0	0	0	11480	20	32768	0	0
19140	461	224476	3	224479	190	34	1120	0	0	0	0	0	0	0	0	0	0	0	11480	23	32768	0	0
19140	462	224468	7	224475	194	29	1117	0	0	0	0	0	0	0	0	0	0	0	11480	23	24576	0	0
19140	463	224468	7	224475	192	39	2232	0	0	0	0	0	0	0	0	0	0	0	22960	43	32768	0	0
19140	464	224475	3	224478	192	34	1116	0	0	0	0	0	0	0	0	0	0	0	11480	20	28672	0	0
19140	465	224473	6	224479	188	34	1116	0	0	0	0	0	0	0	0	0	0	0	11480	23	28672	0	0
19140	466	224472	2	224474	192	30	1115	0	0	0	0	0	0	0	0	0	0	0	11480	23	28672	0	0
19140	467	224474	5	224479	192	33	1117	0	0	0	0	0	0	0	0	0	0	0	11480	23	32768	0	0
19140	468	224469	5	224474	194	30	1114	0	0	0	0	0	0	0	0	0	0	0	11480	20	24576	0	0
19140	469	224466	8	224474	192	32	1121	0	0	0	0	0	0	0	0	0	0	0	11480	23	32768	0	0
19140	470	224476	9	224485	192	30	1120	0	0	0	0	0	0	0	0	0	0	0	11480	23	45056	0	0
19140	471	224467	7	224474	190	35	1116	0	0	0	0	0	0	0	0	0	0	0	11480	23	28672	0	0
19140	472	224469	3	224472	192	32	1117	0	0	0	0	0	0	0	0	0	0	0	11480	20	32768	0	0
19140	473	224468	4	224472	192	32	1117	0	0	0	0	0	0	0	0	0	0	0	11480	23	24576	0	0
19140	474	224477	12	224489	192	35	1116	0	0	0	0	0	0	0	0	0	0	0	11480	23	45056	0	0
19140	475	224471	3	224474	190	33	1114	0	0	0	0	0	0	0	0	0	0	0	11480	23	24576	0	0
19140	476	224469	5	224474	192	32	1116	0	0	0	0	0	0	0	0	0	0	0	11480	20	24576	0	0
19140	477	224477	2	224479	194	30	1114	0	0	0	0	0	0	0	0	0	0	0	11480	23	28672	0	0
19140	478	224473	7	224480	192	35	1120	0	0	0	0	0	0	0	0	0	0	0	11480	23	45056	0	0
19140	479	224473	5	224478	196	29	1120	0	0	0	0	0	0	0	0	0	0	0	11480	23	28672	0	0
19140	480	224466	7	224473	196	32	1116	0	0	0	0	0	0	0	0	0	0	0	11480	20	24576	0	0
19140	481	224474	4	224478	196	30	1116	0	0	0	0	0	0	0	0	0	0	0	11480	23	28672	0	0
19140	482	224479	3	224482	194	28	1116	0	0	0	0	0	0	0	0	0	0	0	11480	23	28672	0	0
19140	483	224469	5	224474	196	29	1116	0	0	0	0	0	0	0	0	0	0	0	11480	23	24576	0	0
19140	484	224466	8	224474	197	30	1115	0	0	0	0	0	0	0	0	0	0	0	11480	20	24576	0	0
19140	485	224470	6	224476	192	31	1117	0	0	0	0	0	0	0	0	0	0	0	11480	23	24576	0	0
19140	486	224482	8	224490	190	31	1115	0	0	0	0	0	0	0	0	0	0	0	11480	23	40960	0	0
19140	487	224470	9	224479	196	30	1120	0	0	0	0	0	0	0	0	0	0	0	11480	23	28672	0	0
19140	488	224472	4	224476	194	28	1121	0	0	0	0	0	0	0	0	0	0	0	11480	20	24576	0	0
19140	489	224467	10	224477	194	32	1116	0	0	0	0	0	0	0	0	0	0	0	11480	23	40960	0	0
19140	490	224474	3	224477	194	35	1116	0	0	0	0	0	0	0	0	0	0	0	11480	23	45056	0	0
19140	491	224473	9	224482	193	34	1117	0	0	0	0	0	0	0	0	0	0	0	11480	23	65536	7	0
19140	492	224469	4	224473	195	31	1117	0	0	0	0	0	0	0	0	0	0	0	11480	20	28672	0	0
19140	493	224468	5	224473	196	26	1115	0	0	0	0	0	0	0	0	0	0	0	11480	23	28672	0	0
19140	494	224476	9	224485	196	31	2230	0	0	0	0	0	0	0	0	0	0	0	22960	43	40960	0	0
19140	495	224472	7	224479	194	31	1114	0	0	0	0	0	0	0	0	0	0	0	11480	23	28672	0	0
19140	496	224470	4	224474	194	30	1120	0	0	0	0	0	0	0	0	0	0	0	11480	20	28672	0	0
19140	497	224469	9	224478	194	32	1120	0	0	0	0	0	0	0	0	0	0	0	11480	23	28672	0	0
19140	498	224468	12	224480	192	32	1116	0	0	0	0	0	0	0	0	0	0	0	11480	23	28672	0	0
19140	499	224470	8	224478	192	34	1116	0	0	0	0	0	0	0	0	0	0	0	11480	23	24576	0	0
19140	500	224473	4	224477	192	38	1117	0	0	0	0	0	0	0	0	0	0	0	11480	20	24576	0	0
19140	501	224466	6	224472	192	33	1116	0	0	0	0	0	0	0	0	0	0	0	11480	23	32768	0	0
19140	502	224472	4	224476	192	37	1114	0	0	0	0	0	0	0	0	0	0	0	11480	23	28672	0	0
19140	503	224469	3	224472	190	36	1116	0	0	0	0	0	0	0	0	0	0	0	11480	23	24576	0	0
19140	504	224473	5	224478	198	30	1114	0	0	0	0	0	0	0	0	0	0	0	11480	20	28672	0	0
19140	505	224472	2	224474	194	29	1120	0	0	0	0	0	0	0	0	0	0	0	11480	23	32768	0	0
19140	506	224468	7	224475	192	30	1120	0	0	0	0	0	0	0	0	0	0	0	11480	23	32768	0	0
19140	507	224468	5	224473	194	32	1116	0	0	0	0	0	0	0	0	0	0	0	11480	23	28672	0	0
19140	508	224474	5	224479	192	33	1116	0	0	0	0	0	0	0	0	0	0	0	11480	20	24576	0	0
19140	509	224469	3	224472	192	35	1116	0	0	0	0	0	0	0	0	0	0	0	11480	23	24576	0	0
19140	510	224467	4	224471	194	32	1116	0	0	0	0	0	0	0	0	0	0	0	11480	23	28672	0	0
19140	511	224469	9	224478	196	30	1115	0	0	0	0	0	0	0	0	0	0	0	11480	23	24576	0	0
19140	512	224477	6	224483	190	36	1117	0	0	0	0	0	0	0	0	0	0	0	11480	20	28672	0	0
19140	513	224465	12	224477	190	36	1114	0	0	0	0	0	0	0	0	0	0	0	11480	23	28672	0	0
19140	514	224472	6	224478	194	31	1120	0	0	0	0	0	0	0	0	0	0	0	11480	23	28672	0	0
19140	515	224469	5	224474	188	38	1120	0	0	0	0	0	0	0	0	0	0	0	11480	23	24576	0	0
19140	516	224474	5	224479	194	28	1116	0	0	0	0	0	0	0	0	0	0	0	11480	20	28672	0	0
19140	517	224476	6	224482	192	33	1116	0	0	0	0	0	0	0	0	0	0	0	11480	23	28672	0	0
19140	518	224467	3	224470	196	31	1116	0	0	0	0	0	0	0	0	0	0	0	11480	23	28672	0	0
19140	519	224470	7	224477	198	26	1116	0	0	0	0	0	0	0	0	0	0	0	11480	23	24576	0	0
19140	520	224463	6	224469	198	30	1114	0	0	0	0	0	0	0	0	0	0	0	11480	20	24576	0	0
19140	521	224480	2	224482	194	28	1116	0	0	0	0	0	0	0	0	0	0	0	11480	23	32768	0	0
19140	522	224468	5	224473	190	32	1114	0	0	0	0	0	0	0	0	0	0	0	11480	23	28672	0	0
19140	523	224474	9	224483	192	30	1121	0	0	0	0	0	0	0	0	0	0	0	11480	23	65536	7	0
19140	524	224471	4	224475	194	27	1120	0	0	0	0	0	0	0	0	0	0	0	11480	20	28672	0	0
19140	525	224472	5	224477	194	31	1118	0	0	0	0	0	0	0	0	0	0	0	11480	23	28672	0	0
19140	526	224480	5	224485	194	29	1116	0	0	0	0	0	0	0	0	0	0	0	11480	23	28672	0	0
19140	527	224472	3	224475	190	38	1117	0	0	0	0	0	0	0	0	0	0	0	11480	23	24576	0	0
19140	528	224466	7	224473	192	31	1116	0	0	0	0	0	0	0	0	0	0	0	11480	20	24576	0	0
19140	529	224469	5	224474	194	30	1114	0	0	0	0	0	0	0	0	0	0	0	11480	23	24576	0	0
19140	530	224476	5	224481	194	27	1117	0	0	0	0	0	0	0	0	0	0	0	11480	23	28672	0	0
19140	531	224474	3	224477	192	31	1114	0	0	0	0	0	0	0	0	0	0	0	11480	23	28672	0	0
19140	532	224468	8	224476	194	31	1120	0	0	0	0	0	0	0	0	0	0	0	11480	20	28672	0	0
19140	533	224475	5	224480	192	33	1121	0	0	0	0	0	0	0	0	0	0	0	11480	23	28672	0	0
19140	534	224470	6	224476	192	33	1116	0	0	0	0	0	0	0	0	0	0	0	11480	23	45056	0	0
19140	535	224475	4	224479	194	35	1116	0	0	0	0	0	0	0	0	0	0	0	11480	23	28672	0	0
19140	536	224472	3	224475	197	26	1116	0	0	0	0	0	0	0	0	0	0	0	11480	20	28672	0	0
19140	537	224480	0	224480	192	34	1116	0	0	0	0	0	0	0	0	0	0	0	11480	23	24576	0	0
19140	538	224467	13	224480	192	30	1114	0	0	0	0	0	0	0	0	0	0	0	11480	23	40960	0	0
19140	539	224473	9	224482	196	29	1119	0	0	0	0	0	0	0	0	0	0	0	11480	23	61440	7	0
19140	540	224468	10	224478	192	32	1115	0	0	0	0	0	0	0	0	0	0	0	11480	20	28672	0	0
19140	541	224474	5	224479	192	32	1120	0	0	0	0	0	0	0	0	0	0	0	11571	26	36864	0	0
19140	542	224471	6	224477	194	31	1120	0	0	0	0	0	0	0	0	0	0	0	11480	23	40960	0	0
19140	543	224470	7	224477	194	29	1117	0	0	0	0	0	0	0	0	0	0	0	11480	23	28672	0	0
19140	544	224474	7	224481	192	31	1116	0	0	0	0	0	0	0	0	0	0	0	11480	20	28672	0	0
19140	545	224471	4	224475	198	25	1116	0	0	0	0	0	0	0	0	0	0	0	11480	23	28672	0	0
19140	546	224473	7	224480	192	34	1117	0	0	0	0	0	0	0	0	0	0	0	11480	23	40960	0	0
19140	547	224469	7	224476	197	28	1117	0	0	0	0	0	0	0	0	0	0	0	11480	23	24576	0	0
19140	548	224473	7	224480	196	30	1117	0	0	0	0	0	0	0	0	0	0	0	11480	20	24576	0	0
19140	549	224473	6	224479	194	30	1114	0	0	0	0	0	0	0	0	0	0	0	11480	23	28672	0	0
19140	550	224467	5	224472	188	39	1120	0	0	0	0	0	0	0	0	0	0	0	11480	23	24576	0	0
19140	551	224474	5	224479	194	30	1118	0	0	0	0	0	0	0	0	0	0	0	11480	23	28672	0	0
19140	552	224468	5	224473	190	35	1116	0	0	0	0	0	0	0	0	0	0	0	11480	20	28672	0	0
19140	553	224464	11	224475	194	30	1116	0	0	0	0	0	0	0	0	0	0	0	11480	23	28672	0	0
19140	554	224474	4	224478	192	36	1117	0	0	0	0	0	0	0	0	0	0	0	11480	23	28672	0	0
19140	555	224470	6	224476	192	30	1118	0	0	0	0	0	0	0	0	0	0	0	11480	23	65536	7	0
19140	556	224468	4	224472	192	35	1116	0	0	0	0	0	0	0	0	0	0	0	11480	20	24576	0	0
19140	557	224476	1	224477	192	33	1116	0	0	0	0	0	0	0	0	0	0	0	11480	23	32768	0	0
19140	558	224470	5	224475	196	30	1114	0	0	0	0	0	0	0	0	0	0	0	11480	23	45056	0	0
19140	559	224476	3	224479	196	29	1120	0	0	0	0	0	0	0	0	0	0	0	11480	23	24576	0	0
19140	560	224470	8	224478	190	36	1118	0	0	0	0	0	0	0	0	0	0	0	11480	20	28672	0	0
19140	561	224470	5	224475	196	29	1118	0	0	0	0	0	0	0	0	0	0	0	11480	23	28672	0	0
19140	562	224478	5	224483	196	29	1116	0	0	0	0	0	0	0	0	0	0	0	11480	23	45056	0	0
19140	563	224469	4	224473	190	31	1116	0	0	0	0	0	0	0	0	0	0	0	11480	23	32768	0	0
19140	564	224467	3	224470	194	33	1116	0	0	0	0	0	0	0	0	0	0	0	11480	20	28672	0	0
19140	565	224479	3	224482	194	26	1114	0	0	0	0	0	0	0	0	0	0	0	11480	23	24576	0	0
19140	566	224469	4	224473	195	32	1116	0	0	0	0	0	0	0	0	0	0	0	11480	23	24576	0	0
19140	567	224480	3	224483	190	35	1114	0	0	0	0	0	0	0	0	0	0	0	11480	23	28672	0	0
19140	568	224473	4	224477	196	27	1121	0	0	0	0	0	0	0	0	0	0	0	11480	20	28672	0	0
19140	569	224469	2	224471	196	30	1121	0	0	0	0	0	0	0	0	0	0	0	11480	23	28672	0	0
19140	570	224474	7	224481	196	30	1116	0	0	0	0	0	0	0	0	0	0	0	11480	23	28672	0	0
19140	571	224473	8	224481	192	32	1117	0	0	0	0	0	0	0	0	0	0	0	11480	23	69632	7	0
19140	572	224469	6	224475	188	35	1116	0	0	0	0	0	0	0	0	0	0	0	11480	20	32768	0	0
19140	573	224469	4	224473	190	32	1116	0	0	0	0	0	0	0	0	0	0	0	11480	23	28672	0	0
19140	574	224469	5	224474	196	28	1114	0	0	0	0	0	0	0	0	0	0	0	11480	23	24576	0	0
19140	575	224470	4	224474	196	32	1116	0	0	0	0	0	0	0	0	0	0	0	11480	23	28672	0	0
19140	576	224477	2	224479	190	32	1115	0	0	0	0	0	0	0	0	0	0	0	11480	20	28672	0	0
19140	577	224467	6	224473	190	41	1121	0	0	0	0	0	0	0	0	0	0	0	11480	23	28672	0	0
19140	578	224469	10	224479	194	30	1121	0	0	0	0	0	0	0	0	0	0	0	11480	23	45056	0	0
19140	579	224473	7	224480	194	29	1116	0	0	0	0	0	0	0	0	0	0	0	11480	23	28672	0	0
19140	580	224468	5	224473	198	27	1117	0	0	0	0	0	0	0	0	0	0	0	11480	20	28672	0	0
19140	581	224469	6	224475	190	34	1116	0	0	0	0	0	0	0	0	0	0	0	11480	23	24576	0	0
19140	582	224468	6	224474	192	34	1116	0	0	0	0	0	0	0	0	0	0	0	11480	23	40960	0	0
19140	583	224476	3	224479	190	35	1115	0	0	0	0	0	0	0	0	0	0	0	11480	23	24576	0	0
19140	584	224474	3	224477	194	30	1116	0	0	0	0	0	0	0	0	0	0	0	11480	20	28672	0	0
19140	585	224465	5	224470	191	38	1114	0	0	0	0	0	0	0	0	0	0	0	11480	23	32768	0	0
19140	586	224472	3	224475	190	34	1120	0	0	0	0	0	0	0	0	0	0	0	11480	23	45056	0	0
19140	587	224473	4	224477	196	27	1122	0	0	0	0	0	0	0	0	0	0	0	11480	23	32768	7	0
19140	588	224466	5	224471	194	32	1117	0	0	0	0	0	0	0	0	0	0	0	11480	20	28672	0	0
19140	589	224469	9	224478	196	33	1117	0	0	0	0	0	0	0	0	0	0	0	11480	23	28672	0	0
19140	590	224470	5	224475	198	26	1117	0	0	0	0	0	0	0	0	0	0	0	11480	23	45056	0	0
19140	591	224473	4	224477	192	31	1117	0	0	0	0	0	0	0	0	0	0	0	11480	23	24576	0	0
19140	592	224475	5	224480	196	28	1114	0	0	0	0	0	0	0	0	0	0	0	11480	20	28672	0	0
19140	593	224467	5	224472	192	32	1116	0	0	0	0	0	0	0	0	0	0	0	11480	23	28672	0	0
19140	594	224467	7	224474	196	28	1116	0	0	0	0	0	0	0	0	0	0	0	11480	23	28672	0	0
19140	595	224471	4	224475	190	34	1120	0	0	0	0	0	0	0	0	0	0	0	11480	23	28672	0	0
19140	596	224472	5	224477	196	24	1120	0	0	0	0	0	0	0	0	0	0	0	11480	20	28672	0	0
19140	597	224474	4	224478	192	34	1116	0	0	0	0	0	0	0	0	0	0	0	11480	23	28672	0	0
19140	598	224467	6	224473	194	32	1116	0	0	0	0	0	0	0	0	0	0	0	11480	23	24576	0	0
19140	599	224465	7	224472	198	29	1117	0	0	0	0	0	0	0	0	0	0	0	11480	23	32768	0	0
19140	600	224466	7	224473	188	35	1117	0	0	0	0	0	0	0	0	0	0	0	11480	20	24576	0	0
19140	601	224474	4	224478	194	27	1114	0	0	0	0	0	0	0	0	0	0	0	11480	23	28672	0	0
19140	602	224476	5	224481	194	28	1116	0	0	0	0	0	0	0	0	0	0	0	11480	23	28672	0	0
19140	603	224471	8	224479	194	29	1115	0	0	0	0	0	0	0	0	0	0	0	11480	23	32768	7	0
19140	604	224476	7	224483	192	31	1120	0	0	0	0	0	0	0	0	0	0	0	11480	20	24576	0	0
19140	605	224465	8	224473	196	29	1121	0	0	0	0	0	0	0	0	0	0	0	11480	23	32768	0	0
19140	606	224473	8	224481	194	30	1117	0	0	0	0	0	0	0	0	0	0	0	11480	23	40960	0	0
19140	607	224469	5	224474	194	33	1116	0	0	0	0	0	0	0	0	0	0	0	11480	23	24576	0	0
19140	608	224475	5	224480	196	31	1116	0	0	0	0	0	0	0	0	0	0	0	11480	20	24576	0	0
19140	609	224471	9	224480	196	28	1116	0	0	0	0	0	0	0	0	0	0	0	11480	23	28672	0	0
19140	610	224465	11	224476	194	33	1115	0	0	0	0	0	0	0	0	0	0	0	11480	23	45056	0	0
19140	611	224480	3	224483	190	34	1116	0	0	0	0	0	0	0	0	0	0	0	11480	23	28672	0	0
19140	612	224471	4	224475	194	30	1114	0	0	0	0	0	0	0	0	0	0	0	11480	20	28672	0	0
19140	613	224468	9	224477	192	33	1120	0	0	0	0	0	0	0	0	0	0	0	11480	23	28672	0	0
19140	614	224472	3	224475	192	31	1120	0	0	0	0	0	0	0	0	0	0	0	11480	23	24576	0	0
19140	615	224472	7	224479	194	28	1116	0	0	0	0	0	0	0	0	0	0	0	11480	23	24576	0	0
19140	616	224473	4	224477	196	30	1116	0	0	0	0	0	0	0	0	0	0	0	11480	20	28672	0	0
19140	617	224466	4	224470	195	30	1116	0	0	0	0	0	0	0	0	0	0	0	11480	23	28672	0	0
19140	618	224472	10	224482	196	32	1118	0	0	0	0	0	0	0	0	0	0	0	11480	23	28672	0	0
19140	619	224471	3	224474	196	27	1116	0	0	0	0	0	0	0	0	0	0	0	11480	23	28672	7	0
19140	620	224464	6	224470	196	32	1116	0	0	0	0	0	0	0	0	0	0	0	11480	20	24576	0	0
19140	621	224472	6	224478	196	27	1116	0	0	0	0	0	0	0	0	0	0	0	11480	23	32768	0	0
19140	622	224464	7	224471	197	32	1120	0	0	0	0	0	0	0	0	0	0	0	11480	23	45056	0	0
19140	623	224471	6	224477	190	34	1120	0	0	0	0	0	0	0	0	0	0	0	11480	20	24576	0	0
19140	624	224463	8	224471	196	31	1116	0	0	0	0	0	0	0	0	0	0	0	11480	23	28672	0	0
19140	625	224469	2	224471	192	34	1116	0	0	0	0	0	0	0	0	0	0	0	11480	23	28672	0	0
19140	626	224479	3	224482	192	31	1117	0	0	0	0	0	0	0	0	0	0	0	11480	23	28672	0	0
19140	627	224467	10	224477	196	29	1116	0	0	0	0	0	0	0	0	0	0	0	11480	20	28672	0	0
19140	628	224466	6	224472	194	30	1114	0	0	0	0	0	0	0	0	0	0	0	11480	23	28672	0	0
19140	629	224474	5	224479	194	31	1116	0	0	0	0	0	0	0	0	0	0	0	11480	23	40960	0	0
19140	630	224471	1	224472	196	30	1115	0	0	0	0	0	0	0	0	0	0	0	11480	23	28672	0	0
19140	631	224471	6	224477	196	28	1121	0	0	0	0	0	0	0	0	0	0	0	11480	20	28672	0	0
19140	632	224474	3	224477	192	32	1121	0	0	0	0	0	0	0	0	0	0	0	11480	23	28672	0	0
19140	633	224463	15	224478	195	30	1116	0	0	0	0	0	0	0	0	0	0	0	11480	23	28672	0	0
19140	634	224473	9	224482	194	33	1116	0	0	0	0	0	0	0	0	0	0	0	11480	23	40960	0	0
19140	635	224474	1	224475	196	28	1116	0	0	0	0	0	0	0	0	0	0	0	11480	20	28672	0	0
19140	636	224467	6	224473	196	30	1117	0	0	0	0	0	0	0	0	0	0	0	11480	23	61440	7	0
19140	637	224465	9	224474	192	33	1114	0	0	0	0	0	0	0	0	0	0	0	11480	23	32768	0	0
19140	638	224467	9	224476	196	33	1116	0	0	0	0	0	0	0	0	0	0	0	11480	23	40960	0	0
19140	639	224472	9	224481	192	33	1114	0	0	0	0	0	0	0	0	0	0	0	11480	20	28672	0	0
19140	640	224470	8	224478	194	32	1121	0	0	0	0	0	0	0	0	0	0	0	11480	23	28672	0	0
19140	641	224465	7	224472	194	32	1121	0	0	0	0	0	0	0	0	0	0	0	11480	23	24576	0	0
19140	642	224476	8	224484	192	32	1116	0	0	0	0	0	0	0	0	0	0	0	11480	23	40960	0	0
19140	643	224469	6	224475	195	29	1116	0	0	0	0	0	0	0	0	0	0	0	11480	20	28672	0	0
19140	644	224473	4	224477	194	31	1117	0	0	0	0	0	0	0	0	0	0	0	11480	23	28672	0	0
19140	645	224469	3	224472	186	39	1117	0	0	0	0	0	0	0	0	0	0	0	11480	23	28672	0	0
19140	646	224482	5	224487	192	33	1115	0	0	0	0	0	0	0	0	0	0	0	11480	23	40960	0	0
19140	647	224469	2	224471	190	39	1116	0	0	0	0	0	0	0	0	0	0	0	11480	20	24576	0	0
19140	648	224471	5	224476	194	31	1115	0	0	0	0	0	0	0	0	0	0	0	11480	23	24576	0	0
19140	649	224473	4	224477	188	34	1121	0	0	0	0	0	0	0	0	0	0	0	11480	23	28672	0	0
19140	650	224466	9	224475	196	25	1121	0	0	0	0	0	0	0	0	0	0	0	11480	23	49152	0	0
19140	651	224475	2	224477	192	34	1117	0	0	0	0	0	0	0	0	0	0	0	11480	20	28672	0	0
19140	652	224463	9	224472	190	35	1117	0	0	0	0	0	0	0	0	0	0	0	11480	23	61440	7	0
19140	653	224468	4	224472	192	35	1117	0	0	0	0	0	0	0	0	0	0	0	11480	23	24576	0	0
19140	654	224476	9	224485	198	31	1116	0	0	0	0	0	0	0	0	0	0	0	11480	23	40960	0	0
19140	655	224467	2	224469	196	31	1115	0	0	0	0	0	0	0	0	0	0	0	11480	20	28672	0	0
19140	656	224471	5	224476	192	31	1116	0	0	0	0	0	0	0	0	0	0	0	11480	23	28672	0	0
19140	657	224465	5	224470	194	33	1114	0	0	0	0	0	0	0	0	0	0	0	11480	23	28672	0	0
19140	658	224479	2	224481	194	34	1120	0	0	0	0	0	0	0	0	0	0	0	11480	23	40960	0	0
19140	659	224468	5	224473	192	31	1120	0	0	0	0	0	0	0	0	0	0	0	11480	20	28672	0	0
19140	660	224470	5	224475	192	32	1116	0	0	0	0	0	0	0	0	0	0	0	11480	23	28672	0	0
19140	661	224470	6	224476	194	31	1116	0	0	0	0	0	0	0	0	0	0	0	11480	23	24576	0	0
19140	662	224475	10	224485	196	31	1116	0	0	0	0	0	0	0	0	0	0	0	11480	23	45056	0	0
19140	663	224468	7	224475	190	34	1116	0	0	0	0	0	0	0	0	0	0	0	11480	20	24576	0	0
19140	664	224470	9	224479	194	28	1114	0	0	0	0	0	0	0	0	0	0	0	11480	23	28672	0	0
19140	665	224472	2	224474	194	32	1116	0	0	0	0	0	0	0	0	0	0	0	11480	23	28672	0	0
19140	666	224476	6	224482	192	36	1114	0	0	0	0	0	0	0	0	0	0	0	11480	23	28672	0	0
19140	667	224470	4	224474	198	30	1121	0	0	0	0	0	0	0	0	0	0	0	11480	20	40960	0	0
19140	668	224463	11	224474	196	30	1121	0	0	0	0	0	0	0	0	0	0	0	11480	23	65536	7	0
19140	669	224469	3	224472	194	34	1116	0	0	0	0	0	0	0	0	0	0	0	11480	23	24576	0	0
19140	670	224472	3	224475	189	36	1117	0	0	0	0	0	0	0	0	0	0	0	11480	23	40960	0	0
19140	671	224468	9	224477	188	34	1118	0	0	0	0	0	0	0	0	0	0	0	11480	20	28672	0	0
19140	672	224477	3	224480	192	32	1116	0	0	0	0	0	0	0	0	0	0	0	11480	23	24576	0	0
19140	673	224475	5	224480	188	37	1115	0	0	0	0	0	0	0	0	0	0	0	11480	23	28672	0	0
19140	674	224466	7	224473	194	29	1116	0	0	0	0	0	0	0	0	0	0	0	11480	23	28672	0	0
19140	675	224463	10	224473	192	31	1115	0	0	0	0	0	0	0	0	0	0	0	11480	20	24576	0	0
19140	676	224476	1	224477	194	33	1121	0	0	0	0	0	0	0	0	0	0	0	11480	23	28672	0	0
19140	677	224463	8	224471	198	29	1120	0	0	0	0	0	0	0	0	0	0	0	11480	23	28672	0	0
19140	678	224470	11	224481	190	34	1116	0	0	0	0	0	0	0	0	0	0	0	11480	23	28672	0	0
19140	679	224466	5	224471	192	31	1117	0	0	0	0	0	0	0	0	0	0	0	11480	20	28672	0	0
19140	680	224468	5	224473	192	32	1118	0	0	0	0	0	0	0	0	0	0	0	11480	23	32768	0	0
19140	681	224474	3	224477	192	31	1116	0	0	0	0	0	0	0	0	0	0	0	11480	23	32768	0	0
19140	682	224474	6	224480	192	30	1114	0	0	0	0	0	0	0	0	0	0	0	11480	23	45056	0	0
19140	683	224466	5	224471	196	30	1116	0	0	0	0	0	0	0	0	0	0	0	11480	20	28672	0	0
19140	684	224476	4	224480	190	32	1115	0	0	0	0	0	0	0	0	0	0	0	11480	23	61440	7	0
19140	685	224466	6	224472	196	30	1121	0	0	0	0	0	0	0	0	0	0	0	11480	23	28672	0	0
19140	686	224471	8	224479	190	36	1121	0	0	0	0	0	0	0	0	0	0	0	11480	23	45056	0	0
19140	687	224469	4	224473	191	34	1117	0	0	0	0	0	0	0	0	0	0	0	11480	20	24576	0	0
19140	688	224473	8	224481	190	34	1116	0	0	0	0	0	0	0	0	0	0	0	11480	23	28672	0	0
19140	689	224467	5	224472	190	36	1116	0	0	0	0	0	0	0	0	0	0	0	11480	23	32768	0	0
19140	690	224469	4	224473	194	34	1117	0	0	0	0	0	0	0	0	0	0	0	11480	23	28672	0	0
19140	691	224474	6	224480	194	29	1114	0	0	0	0	0	0	0	0	0	0	0	11480	20	28672	0	0
19140	692	224470	5	224475	194	31	1116	0	0	0	0	0	0	0	0	0	0	0	11480	23	28672	0	0
19140	693	224471	4	224475	186	36	1114	0	0	0	0	0	0	0	0	0	0	0	11480	23	32768	0	0
19140	694	224476	6	224482	194	33	1120	0	0	0	0	0	0	0	0	0	0	0	11480	23	45056	0	0
19140	695	224468	11	224479	190	35	1120	0	0	0	0	0	0	0	0	0	0	0	11480	20	28672	0	0
19140	696	224472	4	224476	196	27	1116	0	0	0	0	0	0	0	0	0	0	0	11480	23	24576	0	0
19140	697	224474	4	224478	192	32	1116	0	0	0	0	0	0	0	0	0	0	0	11480	23	24576	0	0
19140	698	224473	5	224478	196	28	1116	0	0	0	0	0	0	0	0	0	0	0	11480	23	24576	0	0
19140	699	224467	8	224475	197	29	1116	0	0	0	0	0	0	0	0	0	0	0	11480	20	28672	0	0
19140	700	224471	7	224478	192	32	1115	0	0	0	0	0	0	0	0	0	0	0	11480	23	61440	7	0
19140	701	224472	11	224483	194	28	1117	0	0	0	0	0	0	0	0	0	0	0	11480	23	28672	0	0
19140	702	224472	10	224482	192	33	1115	0	0	0	0	0	0	0	0	0	0	0	11480	23	40960	0	0
19140	703	224465	7	224472	192	31	1121	0	0	0	0	0	0	0	0	0	0	0	11480	20	28672	0	0
19140	704	224479	13	224492	205	41	5258	0	0	0	0	0	0	0	0	0	0	0	851869	624	172032	26318	0
19140	705	224469	5	224474	192	31	1116	0	0	0	0	0	0	0	0	0	0	0	11480	23	24576	0	0
19140	706	224470	8	224478	194	33	1116	0	0	0	0	0	0	0	0	0	0	0	11480	23	28672	0	0
19140	707	224470	4	224474	190	31	1116	0	0	0	0	0	0	0	0	0	0	0	11480	20	32768	0	0
19140	708	224479	3	224482	196	28	1118	0	0	0	0	0	0	0	0	0	0	0	11480	23	28672	0	0
19140	709	224471	3	224474	190	34	1117	0	0	0	0	0	0	0	0	0	0	0	11480	23	24576	0	0
19140	710	224466	12	224478	192	34	1116	0	0	0	0	0	0	0	0	0	0	0	11480	23	28672	0	0
19140	711	224471	3	224474	194	28	1115	0	0	0	0	0	0	0	0	0	0	0	11480	20	28672	0	0
19140	712	224476	7	224483	195	30	1121	0	0	0	0	0	0	0	0	0	0	0	11480	23	28672	0	0
19140	713	224470	6	224476	190	35	1118	0	0	0	0	0	0	0	0	0	0	0	11480	23	28672	0	0
19140	714	224466	15	224481	196	26	1116	0	0	0	0	0	0	0	0	0	0	0	11480	23	45056	0	0
19140	715	224468	2	224470	190	38	1117	0	0	0	0	0	0	0	0	0	0	0	11480	20	28672	0	0
19140	716	224473	7	224480	195	30	1117	0	0	0	0	0	0	0	0	0	0	0	11480	23	65536	7	0
19140	717	224465	6	224471	198	29	1116	0	0	0	0	0	0	0	0	0	0	0	11480	23	32768	0	0
19140	718	224470	5	224475	195	30	1114	0	0	0	0	0	0	0	0	0	0	0	11480	23	45056	0	0
19140	719	224477	1	224478	196	30	1117	0	0	0	0	0	0	0	0	0	0	0	11480	20	24576	0	0
19140	720	224466	5	224471	188	37	1115	0	0	0	0	0	0	0	0	0	0	0	11480	23	32768	0	0
19140	721	224480	6	224486	194	31	1120	0	0	0	0	0	0	0	0	0	0	0	11480	23	28672	0	0
19140	722	224470	6	224476	194	32	1118	0	0	0	0	0	0	0	0	0	0	0	11480	23	45056	0	0
19140	723	224468	6	224474	192	34	1116	0	0	0	0	0	0	0	0	0	0	0	11480	20	24576	0	0
19140	724	224476	4	224480	192	29	1118	0	0	0	0	0	0	0	0	0	0	0	11480	23	28672	0	0
19140	725	224467	5	224472	196	31	1117	0	0	0	0	0	0	0	0	0	0	0	11480	23	28672	0	0
19140	726	224464	7	224471	192	34	1117	0	0	0	0	0	0	0	0	0	0	0	11480	23	40960	0	0
19140	727	224477	6	224483	192	31	1114	0	0	0	0	0	0	0	0	0	0	0	11480	20	28672	0	0
19140	728	224464	8	224472	190	32	1117	0	0	0	0	0	0	0	0	0	0	0	11480	23	32768	0	0
19140	729	224466	3	224469	193	35	1115	0	0	0	0	0	0	0	0	0	0	0	11480	23	28672	0	0
19140	730	224479	5	224484	194	32	1120	0	0	0	0	0	0	0	0	0	0	0	11480	23	28672	0	0
19140	731	224467	10	224477	194	32	1120	0	0	0	0	0	0	0	0	0	0	0	11480	20	28672	0	0
19140	732	224473	13	224486	196	27	1117	0	0	0	0	0	0	0	0	0	0	0	11480	23	65536	7	0
19140	733	224472	5	224477	196	27	1117	0	0	0	0	0	0	0	0	0	0	0	11480	23	28672	0	0
19140	734	224471	10	224481	190	32	1116	0	0	0	0	0	0	0	0	0	0	0	11480	23	28672	0	0
19140	735	224481	3	224484	190	32	1117	0	0	0	0	0	0	0	0	0	0	0	11480	20	28672	0	0
19140	736	224468	7	224475	190	38	1115	0	0	0	0	0	0	0	0	0	0	0	11480	23	28672	0	0
19140	737	224472	8	224480	192	32	1116	0	0	0	0	0	0	0	0	0	0	0	11480	23	28672	0	0
19140	738	224474	3	224477	196	30	1114	0	0	0	0	0	0	0	0	0	0	0	11480	23	45056	0	0
19140	739	224479	6	224485	196	28	1121	0	0	0	0	0	0	0	0	0	0	0	11480	20	28672	0	0
19140	740	224465	6	224471	192	33	1120	0	0	0	0	0	0	0	0	0	0	0	11480	23	28672	0	0
19140	741	224472	3	224475	198	27	1117	0	0	0	0	0	0	0	0	0	0	0	11480	23	24576	0	0
19140	742	224472	8	224480	194	34	1117	0	0	0	0	0	0	0	0	0	0	0	11480	23	45056	0	0
19140	743	224468	6	224474	198	27	1117	0	0	0	0	0	0	0	0	0	0	0	11480	20	28672	0	0
19140	744	224470	3	224473	194	30	1116	0	0	0	0	0	0	0	0	0	0	0	11480	23	24576	0	0
19140	745	224470	7	224477	190	38	1114	0	0	0	0	0	0	0	0	0	0	0	11480	23	28672	0	0
19140	746	224472	3	224475	195	28	1116	0	0	0	0	0	0	0	0	0	0	0	11480	23	24576	0	0
19140	747	224469	10	224479	196	28	1114	0	0	0	0	0	0	0	0	0	0	0	11480	20	28672	0	0
19140	748	224475	6	224481	194	32	1121	0	0	0	0	0	0	0	0	0	0	0	11480	23	65536	7	0
19140	749	224465	10	224475	197	26	1120	0	0	0	0	0	0	0	0	0	0	0	11480	23	28672	0	0
19140	750	224468	6	224474	192	32	1117	0	0	0	0	0	0	0	0	0	0	0	11480	23	24576	0	0
19140	751	224471	7	224478	192	33	1116	0	0	0	0	0	0	0	0	0	0	0	11480	20	28672	0	0
19140	752	224469	3	224472	188	39	1117	0	0	0	0	0	0	0	0	0	0	0	11480	23	28672	0	0
19140	753	224480	11	224491	222	44	9106	0	0	0	0	0	0	0	0	0	0	0	1670995	1254	208896	51872	0
19140	754	224468	11	224479	194	28	1114	0	0	0	0	0	0	0	0	0	0	0	11480	23	32768	0	0
19140	755	224476	5	224481	192	31	1117	0	0	0	0	0	0	0	0	0	0	0	11480	20	28672	0	0
19140	756	224467	9	224476	194	28	1114	0	0	0	0	0	0	0	0	0	0	0	11480	23	28672	0	0
19140	757	224471	2	224473	196	28	1120	0	0	0	0	0	0	0	0	0	0	0	11480	23	28672	0	0
19140	758	224464	9	224473	197	30	1120	0	0	0	0	0	0	0	0	0	0	0	11480	23	24576	0	0
19140	759	224468	11	224479	196	28	1118	0	0	0	0	0	0	0	0	0	0	0	11480	20	28672	0	0
19140	760	224469	8	224477	192	34	1117	0	0	0	0	0	0	0	0	0	0	0	11480	23	28672	0	0
19140	761	224473	9	224482	192	31	1116	0	0	0	0	0	0	0	0	0	0	0	11480	23	28672	0	0
19140	762	224473	4	224477	194	29	1116	0	0	0	0	0	0	0	0	0	0	0	11480	23	28672	0	0
19140	763	224472	2	224474	192	32	1114	0	0	0	0	0	0	0	0	0	0	0	11480	20	28672	0	0
19140	764	224468	12	224480	190	36	1118	0	0	0	0	0	0	0	0	0	0	0	11480	23	65536	7	0
19140	765	224468	6	224474	194	29	1114	0	0	0	0	0	0	0	0	0	0	0	11480	23	24576	0	0
19140	766	224474	6	224480	192	32	1121	0	0	0	0	0	0	0	0	0	0	0	11480	23	45056	0	0
19140	767	224470	6	224476	196	34	1120	0	0	0	0	0	0	0	0	0	0	0	11480	20	28672	0	0
19140	768	224472	6	224478	194	33	1116	0	0	0	0	0	0	0	0	0	0	0	11480	23	28672	0	0
19140	769	224470	7	224477	194	29	1116	0	0	0	0	0	0	0	0	0	0	0	11480	23	28672	0	0
19140	770	224482	8	224490	192	31	1116	0	0	0	0	0	0	0	0	0	0	0	11480	23	45056	0	0
19140	771	224460	14	224474	194	29	1116	0	0	0	0	0	0	0	0	0	0	0	11480	20	32768	0	0
19140	772	224469	5	224474	196	30	1114	0	0	0	0	0	0	0	0	0	0	0	11480	23	24576	0	0
19140	773	224473	5	224478	195	31	1117	0	0	0	0	0	0	0	0	0	0	0	11480	23	28672	0	0
19140	774	224472	7	224479	196	29	1115	0	0	0	0	0	0	0	0	0	0	0	11480	23	28672	0	0
19140	775	224471	3	224474	198	28	1121	0	0	0	0	0	0	0	0	0	0	0	11480	20	24576	0	0
19140	776	224475	5	224480	192	33	1120	0	0	0	0	0	0	0	0	0	0	0	11480	23	28672	0	0
19140	777	224464	7	224471	194	30	1116	0	0	0	0	0	0	0	0	0	0	0	11480	23	28672	0	0
19140	778	224472	7	224479	194	31	1117	0	0	0	0	0	0	0	0	0	0	0	11480	23	32768	0	0
19140	779	224467	7	224474	190	34	1116	0	0	0	0	0	0	0	0	0	0	0	11480	20	24576	0	0
19140	780	224464	12	224476	192	33	1118	0	0	0	0	0	0	0	0	0	0	0	11480	23	65536	7	0
19140	781	224470	3	224473	196	28	1114	0	0	0	0	0	0	0	0	0	0	0	11480	23	32768	0	0
19140	782	224468	4	224472	194	32	1116	0	0	0	0	0	0	0	0	0	0	0	11480	23	28672	0	0
19140	783	224473	5	224478	192	33	1115	0	0	0	0	0	0	0	0	0	0	0	11480	20	28672	0	0
19140	784	224471	5	224476	196	26	1122	0	0	0	0	0	0	0	0	0	0	0	11480	23	28672	0	0
19140	785	224471	3	224474	190	33	1121	0	0	0	0	0	0	0	0	0	0	0	11480	23	28672	0	0
19140	786	224471	7	224478	190	32	1116	0	0	0	0	0	0	0	0	0	0	0	11480	23	28672	0	0
19140	787	224473	6	224479	194	31	1116	0	0	0	0	0	0	0	0	0	0	0	11480	20	28672	0	0
19140	788	224469	7	224476	192	32	1116	0	0	0	0	0	0	0	0	0	0	0	11480	23	28672	0	0
19140	789	224477	2	224479	190	32	1116	0	0	0	0	0	0	0	0	0	0	0	11480	23	24576	0	0
19140	790	224475	5	224480	194	30	1115	0	0	0	0	0	0	0	0	0	0	0	11480	23	28672	0	0
19140	791	224472	4	224476	196	25	1116	0	0	0	0	0	0	0	0	0	0	0	11480	20	28672	0	0
19140	792	224468	4	224472	190	36	1114	0	0	0	0	0	0	0	0	0	0	0	11480	23	24576	0	0
19140	793	224476	4	224480	190	33	1121	0	0	0	0	0	0	0	0	0	0	0	11480	23	28672	0	0
19140	794	224466	9	224475	196	33	1121	0	0	0	0	0	0	0	0	0	0	0	11480	23	28672	0	0
19140	795	224468	6	224474	194	31	1116	0	0	0	0	0	0	0	0	0	0	0	11480	20	28672	0	0
19140	796	224476	8	224484	194	31	1117	0	0	0	0	0	0	0	0	0	0	0	11480	23	65536	7	0
19140	797	224474	2	224476	190	34	1117	0	0	0	0	0	0	0	0	0	0	0	11480	23	28672	0	0
19140	798	224470	4	224474	194	32	1116	0	0	0	0	0	0	0	0	0	0	0	11480	23	28672	0	0
19140	799	224475	4	224479	197	29	1114	0	0	0	0	0	0	0	0	0	0	0	11480	20	24576	0	0
19140	800	224470	8	224478	198	28	1117	0	0	0	0	0	0	0	0	0	0	0	11480	23	28672	0	0
19140	801	224471	2	224473	188	36	1114	0	0	0	0	0	0	0	0	0	0	0	11480	23	32768	0	0
19140	802	224478	3	224481	192	31	1121	0	0	0	0	0	0	0	0	0	0	0	11480	23	24576	0	0
19140	803	224472	3	224475	192	34	1121	0	0	0	0	0	0	0	0	0	0	0	11480	20	28672	0	0
19140	804	224467	12	224479	198	29	1116	0	0	0	0	0	0	0	0	0	0	0	11480	23	28672	0	0
19140	805	224475	9	224484	194	31	1116	0	0	0	0	0	0	0	0	0	0	0	11480	23	28672	0	0
19140	806	224472	6	224478	194	30	1116	0	0	0	0	0	0	0	0	0	0	0	11480	23	28672	0	0
19140	807	224475	4	224479	192	30	1117	0	0	0	0	0	0	0	0	0	0	0	11480	20	40960	0	0
19140	808	224466	9	224475	196	29	1115	0	0	0	0	0	0	0	0	0	0	0	11480	23	28672	0	0
19140	809	224475	3	224478	190	35	1116	0	0	0	0	0	0	0	0	0	0	0	11480	23	24576	0	0
19140	810	224473	12	224485	192	31	1114	0	0	0	0	0	0	0	0	0	0	0	11480	23	28672	0	0
19140	811	224469	1	224470	194	32	1121	0	0	0	0	0	0	0	0	0	0	0	11480	20	24576	0	0
19140	812	224476	4	224480	196	31	1121	0	0	0	0	0	0	0	0	0	0	0	11480	23	65536	7	0
19140	813	224467	10	224477	190	36	1117	0	0	0	0	0	0	0	0	0	0	0	11480	23	28672	0	0
19140	814	224475	4	224479	194	36	1116	0	0	0	0	0	0	0	0	0	0	0	11480	23	28672	0	0
19140	815	224465	5	224470	191	32	1117	0	0	0	0	0	0	0	0	0	0	0	11480	20	28672	0	0
19140	816	224473	10	224483	198	28	1116	0	0	0	0	0	0	0	0	0	0	0	11480	23	28672	0	0
19140	817	224476	4	224480	194	27	1114	0	0	0	0	0	0	0	0	0	0	0	11480	23	24576	0	0
19140	818	224472	5	224477	195	33	1116	0	0	0	0	0	0	0	0	0	0	0	11480	23	28672	0	0
19140	819	224478	5	224483	190	34	1114	0	0	0	0	0	0	0	0	0	0	0	11480	20	28672	0	0
19140	820	224470	3	224473	193	33	1121	0	0	0	0	0	0	0	0	0	0	0	11480	23	24576	0	0
19140	821	224479	4	224483	193	33	1120	0	0	0	0	0	0	0	0	0	0	0	11480	23	28672	0	0
19140	822	224465	6	224471	192	34	1117	0	0	0	0	0	0	0	0	0	0	0	11480	23	28672	0	0
19140	823	224477	5	224482	192	33	1117	0	0	0	0	0	0	0	0	0	0	0	11480	20	28672	0	0
19140	824	224463	12	224475	190	34	1116	0	0	0	0	0	0	0	0	0	0	0	11480	23	28672	0	0
19140	825	224463	5	224468	194	33	1117	0	0	0	0	0	0	0	0	0	0	0	11480	23	28672	0	0
19140	826	224476	2	224478	192	33	1114	0	0	0	0	0	0	0	0	0	0	0	11480	23	28672	0	0
19140	827	224471	6	224477	194	33	1116	0	0	0	0	0	0	0	0	0	0	0	11480	20	24576	0	0
19140	828	224472	6	224478	190	31	1115	0	0	0	0	0	0	0	0	0	0	0	11480	23	65536	7	0
19140	829	224467	8	224475	196	29	1120	0	0	0	0	0	0	0	0	0	0	0	11480	23	28672	0	0
19140	830	224468	12	224480	192	33	1121	0	0	0	0	0	0	0	0	0	0	0	11480	23	28672	0	0
19140	831	224475	7	224482	196	28	1116	0	0	0	0	0	0	0	0	0	0	0	11480	20	28672	0	0
19140	832	224471	3	224474	192	34	1116	0	0	0	0	0	0	0	0	0	0	0	11480	23	24576	0	0
19140	833	224474	4	224478	190	35	1117	0	0	0	0	0	0	0	0	0	0	0	11480	23	28672	0	0
19140	834	224478	6	224484	194	30	1117	0	0	0	0	0	0	0	0	0	0	0	11480	23	28672	0	0
19140	835	224465	6	224471	192	31	1115	0	0	0	0	0	0	0	0	0	0	0	11480	20	28672	0	0
19140	836	224475	6	224481	195	29	1116	0	0	0	0	0	0	0	0	0	0	0	11480	23	28672	0	0
19140	837	224472	5	224477	198	29	1114	0	0	0	0	0	0	0	0	0	0	0	11480	23	28672	0	0
19140	838	224474	3	224477	196	26	1121	0	0	0	0	0	0	0	0	0	0	0	11480	23	45056	0	0
19140	839	224467	7	224474	198	29	1120	0	0	0	0	0	0	0	0	0	0	0	11480	20	32768	0	0
19140	840	224471	5	224476	190	34	1116	0	0	0	0	0	0	0	0	0	0	0	11480	23	24576	0	0
19140	841	224472	5	224477	193	32	1116	0	0	0	0	0	0	0	0	0	0	0	11480	23	32768	0	0
19140	842	224468	9	224477	190	36	1116	0	0	0	0	0	0	0	0	0	0	0	11480	23	40960	0	0
19140	843	224473	4	224477	194	30	1116	0	0	0	0	0	0	0	0	0	0	0	11480	20	32768	0	0
19140	844	224471	10	224481	192	31	1115	0	0	0	0	0	0	0	0	0	0	0	11480	23	61440	7	0
19140	845	224469	8	224477	194	30	1117	0	0	0	0	0	0	0	0	0	0	0	11480	23	28672	0	0
19140	846	224472	9	224481	194	31	1114	0	0	0	0	0	0	0	0	0	0	0	11480	23	28672	0	0
19140	847	224464	7	224471	194	32	1121	0	0	0	0	0	0	0	0	0	0	0	11480	20	28672	0	0
19140	848	224472	5	224477	196	29	1120	0	0	0	0	0	0	0	0	0	0	0	11480	23	28672	0	0
19140	849	224464	7	224471	194	29	1117	0	0	0	0	0	0	0	0	0	0	0	11480	23	28672	0	0
19140	850	224473	8	224481	192	35	1116	0	0	0	0	0	0	0	0	0	0	0	11480	23	28672	0	0
19140	851	224469	7	224476	192	30	1116	0	0	0	0	0	0	0	0	0	0	0	11480	20	28672	0	0
19140	852	224476	9	224485	196	27	1117	0	0	0	0	0	0	0	0	0	0	0	11480	23	28672	0	0
19140	853	224469	4	224473	196	27	1115	0	0	0	0	0	0	0	0	0	0	0	11480	23	28672	0	0
19140	854	224478	9	224487	192	29	1116	0	0	0	0	0	0	0	0	0	0	0	11480	23	40960	0	0
19140	855	224474	10	224484	192	30	1114	0	0	0	0	0	0	0	0	0	0	0	11480	20	28672	0	0
19140	856	224472	4	224476	190	32	1121	0	0	0	0	0	0	0	0	0	0	0	11480	23	28672	0	0
19140	857	224474	2	224476	196	29	1120	0	0	0	0	0	0	0	0	0	0	0	11480	23	28672	0	0
19140	858	224473	10	224483	190	37	1116	0	0	0	0	0	0	0	0	0	0	0	11480	23	40960	0	0
19140	859	224469	9	224478	190	34	1116	0	0	0	0	0	0	0	0	0	0	0	11480	20	28672	0	0
19140	860	224477	4	224481	192	32	1119	0	0	0	0	0	0	0	0	0	0	0	11480	23	65536	7	0
19140	861	224470	8	224478	188	34	1116	0	0	0	0	0	0	0	0	0	0	0	11480	23	28672	0	0
19140	862	224475	6	224481	194	29	1114	0	0	0	0	0	0	0	0	0	0	0	11480	23	40960	0	0
19140	863	224468	6	224474	192	33	1116	0	0	0	0	0	0	0	0	0	0	0	11480	20	24576	0	0
19140	864	224472	4	224476	194	31	1115	0	0	0	0	0	0	0	0	0	0	0	11480	23	28672	0	0
19140	865	224467	6	224473	196	28	1122	0	0	0	0	0	0	0	0	0	0	0	11480	23	24576	0	0
19140	866	224478	6	224484	192	33	1120	0	0	0	0	0	0	0	0	0	0	0	11480	23	40960	0	0
19140	867	224470	3	224473	188	35	1116	0	0	0	0	0	0	0	0	0	0	0	11480	20	24576	0	0
19140	868	224473	8	224481	194	29	1116	0	0	0	0	0	0	0	0	0	0	0	11480	23	28672	0	0
19140	869	224469	7	224476	198	28	1117	0	0	0	0	0	0	0	0	0	0	0	11480	23	28672	0	0
19140	870	224471	6	224477	188	34	1117	0	0	0	0	0	0	0	0	0	0	0	11480	23	40960	0	0
19140	871	224471	5	224476	192	32	1118	0	0	0	0	0	0	0	0	0	0	0	11480	20	24576	0	0
19140	872	224472	6	224478	195	29	1116	0	0	0	0	0	0	0	0	0	0	0	11480	23	24576	0	0
19140	873	224463	9	224472	194	31	1115	0	0	0	0	0	0	0	0	0	0	0	11480	23	24576	0	0
19140	874	224466	8	224474	192	33	1118	0	0	0	0	0	0	0	0	0	0	0	11480	23	40960	0	0
19140	875	224474	2	224476	190	34	1119	0	0	0	0	0	0	0	0	0	0	0	11480	20	24576	0	0
19140	876	224469	10	224479	190	34	1117	0	0	0	0	0	0	0	0	0	0	0	11480	23	61440	7	0
19140	877	224474	5	224479	193	31	1116	0	0	0	0	0	0	0	0	0	0	0	11480	23	28672	0	0
19140	878	224474	8	224482	196	31	1117	0	0	0	0	0	0	0	0	0	0	0	11570	26	32768	0	0
19140	879	224470	6	224476	192	30	1117	0	0	0	0	0	0	0	0	0	0	0	11480	20	24576	0	0
19140	880	224472	3	224475	190	35	1114	0	0	0	0	0	0	0	0	0	0	0	11480	23	24576	0	0
19140	881	224469	6	224475	194	30	1117	0	0	0	0	0	0	0	0	0	0	0	11480	23	28672	0	0
19140	882	224475	10	224485	196	27	1114	0	0	0	0	0	0	0	0	0	0	0	11480	23	28672	0	0
19140	883	224471	5	224476	194	30	1121	0	0	0	0	0	0	0	0	0	0	0	11480	20	24576	0	0
19140	884	224473	2	224475	188	36	1118	0	0	0	0	0	0	0	0	0	0	0	11480	23	28672	0	0
19140	885	224468	6	224474	195	28	1116	0	0	0	0	0	0	0	0	0	0	0	11480	23	24576	0	0
19140	886	224474	7	224481	196	27	1116	0	0	0	0	0	0	0	0	0	0	0	11480	23	28672	0	0
19140	887	224468	3	224471	195	32	1116	0	0	0	0	0	0	0	0	0	0	0	11480	20	32768	0	0
19140	888	224469	4	224473	192	32	1118	0	0	0	0	0	0	0	0	0	0	0	11480	23	28672	0	0
19140	889	224462	3	224465	198	31	1114	0	0	0	0	0	0	0	0	0	0	0	11480	23	24576	0	0
19140	890	224473	4	224477	196	29	1116	0	0	0	0	0	0	0	0	0	0	0	11480	23	24576	0	0
19140	891	224472	5	224477	192	31	1114	0	0	0	0	0	0	0	0	0	0	0	11480	20	28672	0	0
19140	892	224468	10	224478	196	32	1121	0	0	0	0	0	0	0	0	0	0	0	11480	23	69632	7	0
19140	893	224463	7	224470	192	32	1121	0	0	0	0	0	0	0	0	0	0	0	11480	23	28672	0	0
19140	894	224465	3	224468	194	36	1116	0	0	0	0	0	0	0	0	0	0	0	11480	23	28672	0	0
19140	895	224475	2	224477	196	28	1116	0	0	0	0	0	0	0	0	0	0	0	11480	20	24576	0	0
19140	896	224469	5	224474	194	28	1119	0	0	0	0	0	0	0	0	0	0	0	11480	23	45056	0	0
19140	897	224470	3	224473	198	29	1117	0	0	0	0	0	0	0	0	0	0	0	11480	23	24576	0	0
19140	898	224468	3	224471	192	30	1115	0	0	0	0	0	0	0	0	0	0	0	11480	23	28672	0	0
19140	899	224468	5	224473	195	31	1118	0	0	0	0	0	0	0	0	0	0	0	11480	20	28672	0	0
19140	900	224464	5	224469	194	34	1114	0	0	0	0	0	0	0	0	0	0	0	11480	23	32768	0	0
19140	901	224465	7	224472	196	30	1120	0	0	0	0	0	0	0	0	0	0	0	11480	23	32768	0	0
19140	902	224468	8	224476	186	38	1120	0	0	0	0	0	0	0	0	0	0	0	11480	23	28672	0	0
19140	903	224463	8	224471	192	34	1116	0	0	0	0	0	0	0	0	0	0	0	11480	20	28672	0	0
19140	904	224468	7	224475	194	27	1116	0	0	0	0	0	0	0	0	0	0	0	11480	23	32768	0	0
19140	905	224470	6	224476	190	34	1116	0	0	0	0	0	0	0	0	0	0	0	11571	26	32768	0	0
19140	906	224473	2	224475	192	30	1116	0	0	0	0	0	0	0	0	0	0	0	11480	23	28672	0	0
19140	907	224473	5	224478	194	32	1114	0	0	0	0	0	0	0	0	0	0	0	11480	20	28672	0	0
19140	908	224467	5	224472	196	25	1117	0	0	0	0	0	0	0	0	0	0	0	11480	23	69632	7	0
19140	909	224470	5	224475	196	29	1114	0	0	0	0	0	0	0	0	0	0	0	11480	23	28672	0	0
19140	910	224472	3	224475	192	32	1120	0	0	0	0	0	0	0	0	0	0	0	11480	23	28672	0	0
19140	911	224475	5	224480	192	30	1120	0	0	0	0	0	0	0	0	0	0	0	11480	20	28672	0	0
19140	912	224472	10	224482	196	25	1116	0	0	0	0	0	0	0	0	0	0	0	11480	23	28672	0	0
19140	913	224472	3	224475	196	30	1116	0	0	0	0	0	0	0	0	0	0	0	11480	23	24576	0	0
19140	914	224470	8	224478	194	32	1116	0	0	0	0	0	0	0	0	0	0	0	11480	23	28672	0	0
19140	915	224470	5	224475	196	28	1116	0	0	0	0	0	0	0	0	0	0	0	11480	20	28672	0	0
19140	916	224471	5	224476	196	27	1114	0	0	0	0	0	0	0	0	0	0	0	11480	23	28672	0	0
19140	917	224469	5	224474	190	38	1116	0	0	0	0	0	0	0	0	0	0	0	11480	23	24576	0	0
19140	918	224464	5	224469	192	34	1114	0	0	0	0	0	0	0	0	0	0	0	11480	23	28672	0	0
19140	919	224469	5	224474	194	32	1121	0	0	0	0	0	0	0	0	0	0	0	11480	20	28672	0	0
19140	920	224474	5	224479	190	35	1117	0	0	0	0	0	0	0	0	0	0	0	11480	23	28672	0	0
19140	921	224467	8	224475	192	37	1117	0	0	0	0	0	0	0	0	0	0	0	11480	23	28672	0	0
19140	922	224471	2	224473	190	35	1116	0	0	0	0	0	0	0	0	0	0	0	11480	23	24576	0	0
19140	923	224468	11	224479	190	39	1116	0	0	0	0	0	0	0	0	0	0	0	11480	20	28672	0	0
19140	924	224469	6	224475	196	29	1117	0	0	0	0	0	0	0	0	0	0	0	11480	23	65536	7	0
19140	925	224471	5	224476	194	35	1114	0	0	0	0	0	0	0	0	0	0	0	11480	23	28672	0	0
19140	926	224467	6	224473	192	34	1116	0	0	0	0	0	0	0	0	0	0	0	11480	23	24576	0	0
19140	927	224469	6	224475	196	32	1115	0	0	0	0	0	0	0	0	0	0	0	11480	20	24576	0	0
19140	928	224473	4	224477	194	32	1120	0	0	0	0	0	0	0	0	0	0	0	11480	23	28672	0	0
19140	929	224466	6	224472	192	30	1120	0	0	0	0	0	0	0	0	0	0	0	11480	23	28672	0	0
19140	930	224478	7	224485	196	28	1116	0	0	0	0	0	0	0	0	0	0	0	11480	23	28672	0	0
19140	931	224465	7	224472	192	32	1117	0	0	0	0	0	0	0	0	0	0	0	11480	20	24576	0	0
19140	932	224468	6	224474	192	34	1116	0	0	0	0	0	0	0	0	0	0	0	11480	23	28672	0	0
19140	933	224475	3	224478	196	26	1116	0	0	0	0	0	0	0	0	0	0	0	11480	23	24576	0	0
19140	934	224470	3	224473	192	33	1115	0	0	0	0	0	0	0	0	0	0	0	11480	23	24576	0	0
19140	935	224473	4	224477	194	31	1116	0	0	0	0	0	0	0	0	0	0	0	11480	20	28672	0	0
19140	936	224467	6	224473	196	29	1115	0	0	0	0	0	0	0	0	0	0	0	11480	23	24576	0	0
19140	937	224473	4	224477	192	33	1120	0	0	0	0	0	0	0	0	0	0	0	11480	23	24576	0	0
19140	938	224468	4	224472	194	31	1120	0	0	0	0	0	0	0	0	0	0	0	11480	23	24576	0	0
19140	939	224477	2	224479	194	26	1118	0	0	0	0	0	0	0	0	0	0	0	11480	20	32768	0	0
19140	940	224472	6	224478	190	35	1117	0	0	0	0	0	0	0	0	0	0	0	11480	23	61440	7	0
19140	941	224471	8	224479	195	30	1116	0	0	0	0	0	0	0	0	0	0	0	11480	23	24576	0	0
19140	942	224468	4	224472	196	27	1116	0	0	0	0	0	0	0	0	0	0	0	11480	23	32768	0	0
19140	943	224475	10	224485	194	26	1114	0	0	0	0	0	0	0	0	0	0	0	11480	20	28672	0	0
19140	944	224472	7	224479	196	30	1116	0	0	0	0	0	0	0	0	0	0	0	11480	23	28672	0	0
19140	945	224466	11	224477	194	29	1115	0	0	0	0	0	0	0	0	0	0	0	11480	23	28672	0	0
19140	946	224480	3	224483	190	35	1120	0	0	0	0	0	0	0	0	0	0	0	11480	23	28672	0	0
19140	947	224467	9	224476	194	31	1121	0	0	0	0	0	0	0	0	0	0	0	11480	20	45056	0	0
19140	948	224469	4	224473	192	35	1116	0	0	0	0	0	0	0	0	0	0	0	11480	23	28672	0	0
19140	949	224470	6	224476	192	32	1116	0	0	0	0	0	0	0	0	0	0	0	11480	23	28672	0	0
19140	950	224468	7	224475	196	30	1116	0	0	0	0	0	0	0	0	0	0	0	11480	23	45056	0	0
19140	951	224470	8	224478	195	31	1116	0	0	0	0	0	0	0	0	0	0	0	11480	20	28672	0	0
19140	952	224474	4	224478	192	35	1115	0	0	0	0	0	0	0	0	0	0	0	11480	23	24576	0	0
19140	953	224468	4	224472	198	29	1117	0	0	0	0	0	0	0	0	0	0	0	11480	23	24576	0	0
19140	954	224475	10	224485	192	31	1114	0	0	0	0	0	0	0	0	0	0	0	11480	23	28672	0	0
19140	955	224471	3	224474	194	32	1121	0	0	0	0	0	0	0	0	0	0	0	11480	20	24576	0	0
19140	956	224474	2	224476	194	31	1121	0	0	0	0	0	0	0	0	0	0	0	11480	23	65536	7	0
19140	957	224474	3	224477	192	35	1116	0	0	0	0	0	0	0	0	0	0	0	11480	23	28672	0	0
19140	958	224474	5	224479	194	32	1117	0	0	0	0	0	0	0	0	0	0	0	11480	23	24576	0	0
19140	959	224470	4	224474	192	35	1116	0	0	0	0	0	0	0	0	0	0	0	11480	20	24576	0	0
19140	960	224472	3	224475	196	29	1116	0	0	0	0	0	0	0	0	0	0	0	11570	26	32768	0	0
19140	961	224479	4	224483	196	27	1115	0	0	0	0	0	0	0	0	0	0	0	11480	23	28672	0	0
19140	962	224466	7	224473	196	30	1117	0	0	0	0	0	0	0	0	0	0	0	11480	23	49152	0	0
19140	963	224474	11	224485	196	27	1114	0	0	0	0	0	0	0	0	0	0	0	11480	20	28672	0	0
19140	964	224477	4	224481	188	34	1120	0	0	0	0	0	0	0	0	0	0	0	11480	23	24576	0	0
19140	965	224465	8	224473	194	28	1121	0	0	0	0	0	0	0	0	0	0	0	11480	23	32768	0	0
19140	966	224476	7	224483	196	30	1116	0	0	0	0	0	0	0	0	0	0	0	11480	23	28672	0	0
19140	967	224473	3	224476	194	30	1116	0	0	0	0	0	0	0	0	0	0	0	11480	20	32768	0	0
19140	968	224466	6	224472	196	29	1117	0	0	0	0	0	0	0	0	0	0	0	11480	23	24576	0	0
19140	969	224473	11	224484	192	36	1116	0	0	0	0	0	0	0	0	0	0	0	11480	23	28672	0	0
19140	970	224466	6	224472	192	32	1115	0	0	0	0	0	0	0	0	0	0	0	11480	23	28672	0	0
19140	971	224471	8	224479	198	26	1116	0	0	0	0	0	0	0	0	0	0	0	11480	20	32768	0	0
19140	972	224468	7	224475	190	33	1115	0	0	0	0	0	0	0	0	0	0	0	11480	23	65536	7	0
19140	973	224473	6	224479	196	30	1120	0	0	0	0	0	0	0	0	0	0	0	11480	23	24576	0	0
19140	974	224468	6	224474	194	28	1120	0	0	0	0	0	0	0	0	0	0	0	11571	26	28672	0	0
19140	975	224473	5	224478	190	36	1117	0	0	0	0	0	0	0	0	0	0	0	11480	20	24576	0	0
19140	976	224468	11	224479	188	35	1116	0	0	0	0	0	0	0	0	0	0	0	11480	23	28672	0	0
19140	977	224467	5	224472	193	32	1117	0	0	0	0	0	0	0	0	0	0	0	11480	23	28672	0	0
19140	978	224473	5	224478	196	29	1116	0	0	0	0	0	0	0	0	0	0	0	11480	23	24576	0	0
19140	979	224464	6	224470	194	35	1114	0	0	0	0	0	0	0	0	0	0	0	11480	20	32768	0	0
19140	980	224464	5	224469	196	32	1116	0	0	0	0	0	0	0	0	0	0	0	11480	23	28672	0	0
19140	981	224470	7	224477	196	29	1114	0	0	0	0	0	0	0	0	0	0	0	11480	23	28672	0	0
19140	982	224478	10	224488	194	29	1121	0	0	0	0	0	0	0	0	0	0	0	11480	23	45056	0	0
19140	983	224473	4	224477	192	33	1120	0	0	0	0	0	0	0	0	0	0	0	11480	20	24576	0	0
19140	984	224470	4	224474	192	33	1117	0	0	0	0	0	0	0	0	0	0	0	11480	23	24576	0	0
19140	985	224469	6	224475	194	32	1116	0	0	0	0	0	0	0	0	0	0	0	11480	23	28672	0	0
19140	986	224474	5	224479	192	38	1116	0	0	0	0	0	0	0	0	0	0	0	11480	23	40960	0	0
19140	987	224475	5	224480	194	31	1117	0	0	0	0	0	0	0	0	0	0	0	11480	20	28672	0	0
19140	988	224476	6	224482	194	33	1115	0	0	0	0	0	0	0	0	0	0	0	11480	23	65536	7	0
19140	989	224468	8	224476	188	35	1118	0	0	0	0	0	0	0	0	0	0	0	11480	23	24576	0	0
19140	990	224473	7	224480	192	30	1114	0	0	0	0	0	0	0	0	0	0	0	11480	23	28672	0	0
19140	991	224473	2	224475	192	31	1120	0	0	0	0	0	0	0	0	0	0	0	11480	20	28672	0	0
19140	992	224470	8	224478	188	37	1120	0	0	0	0	0	0	0	0	0	0	0	11480	23	28672	0	0
19140	993	224465	9	224474	192	33	1116	0	0	0	0	0	0	0	0	0	0	0	11480	23	32768	0	0
19140	994	224468	5	224473	196	29	1116	0	0	0	0	0	0	0	0	0	0	0	11480	23	28672	0	0
19140	995	224470	3	224473	194	32	1116	0	0	0	0	0	0	0	0	0	0	0	11480	20	28672	0	0
19140	996	224476	8	224484	192	33	1116	0	0	0	0	0	0	0	0	0	0	0	11480	23	28672	0	0
19140	997	224473	9	224482	194	34	1114	0	0	0	0	0	0	0	0	0	0	0	11480	23	28672	0	0
19140	998	224469	10	224479	194	31	1116	0	0	0	0	0	0	0	0	0	0	0	11480	23	28672	0	0
19140	999	224472	7	224479	196	29	1116	0	0	0	0	0	0	0	0	0	0	0	11480	20	28672	0	0
19140	1000	224472	2	224474	196	26	1120	0	0	0	0	0	0	0	0	0	0	0	11480	23	24576	0	0
