RUNID	ITERNUM	METIME	PRTIME	TPRTIME	DIFF	TDIFF	NRPROCS	NPROCS
18560	1	64140	64132	64341	8	209	7	94
18560	2	64144	64139	64344	5	205	6	94
18560	3	64139	64133	64339	6	206	6	94
18560	4	64144	64137	64345	7	208	5	94
18560	5	64138	64132	64338	6	206	6	94
18560	6	64145	64137	64344	8	207	6	94
18560	7	64138	64131	64340	7	209	7	94
18560	8	64145	64138	64344	7	206	6	94
18560	9	64139	64132	64339	7	207	6	94
18560	10	64147	64139	64345	8	206	6	94
18560	11	64139	64132	64336	7	204	5	94
18560	12	64146	64138	64345	8	207	6	94
18560	13	64140	64132	64337	8	205	6	94
18560	14	64151	64141	64348	10	207	7	94
18560	15	64140	64134	64341	6	207	6	94
18560	16	64141	64134	64339	7	205	6	94
18560	17	64148	64140	64346	8	206	6	94
18560	18	64140	64134	64338	6	204	5	94
18560	19	64141	64134	64340	7	206	6	94
18560	20	64146	64140	64344	6	204	5	94
18560	21	64141	64134	64340	7	206	6	94
18560	22	64140	64134	64338	6	204	5	94
18560	23	64147	64141	64348	6	207	5	94
18560	24	64140	64131	64337	9	206	6	94
18560	25	64144	64136	64343	8	207	6	94
18560	26	64143	64135	64341	8	206	6	94
18560	27	64140	64132	64339	8	207	6	94
18560	28	64148	64140	64345	8	205	5	94
18560	29	64138	64132	64340	6	208	7	95
18560	30	64148	64139	64347	9	208	6	94
18560	31	64139	64134	64338	5	204	5	94
18560	32	64141	64133	64340	8	207	5	94
18560	33	64145	64139	64345	6	206	5	94
18560	34	64140	64132	64340	8	208	6	94
18560	35	64145	64137	64344	8	207	7	94
18560	36	64138	64131	64339	7	208	7	94
18560	37	64144	64137	64345	7	208	6	94
18560	38	64139	64133	64338	6	205	6	94
18560	39	64147	64137	64346	10	209	8	94
18560	40	64141	64131	64341	10	210	8	94
18560	41	64142	64133	64340	9	207	7	94
18560	42	64146	64139	64345	7	206	7	94
18560	43	64141	64133	64339	8	206	6	94
18560	44	64140	64133	64339	7	206	5	94
18560	45	64147	64140	64346	7	206	6	94
18560	46	64140	64135	64339	5	204	5	94
18560	47	64141	64135	64340	6	205	6	94
18560	48	64143	64135	64341	8	206	6	94
18560	49	64143	64136	64341	7	205	6	94
18560	50	64146	64138	64345	8	207	6	94
18560	51	64140	64134	64338	6	204	5	94
18560	52	64142	64134	64343	8	209	5	94
18560	53	64141	64135	64340	6	205	6	94
18560	54	64147	64140	64345	7	205	5	94
18560	55	64141	64134	64341	7	207	6	94
18560	56	64140	64133	64343	7	210	6	94
18560	57	64145	64139	64345	6	206	5	94
18560	58	64140	64133	64338	7	205	6	94
18560	59	64147	64139	64345	8	206	6	94
18560	60	64138	64133	64337	5	204	5	94
18560	61	64142	64134	64341	8	207	6	94
18560	62	64145	64137	64345	8	208	6	94
18560	63	64141	64133	64340	8	207	6	94
18560	64	64145	64137	64346	8	209	6	94
18560	65	64140	64132	64340	8	208	6	94
18560	66	64144	64136	64343	8	207	6	94
18560	67	64139	64132	64336	7	204	5	94
18560	68	64146	64138	64344	8	206	6	94
18560	69	64139	64132	64336	7	204	5	94
18560	70	64150	64141	64350	9	209	6	94
18560	71	64140	64135	64339	5	204	5	94
18560	72	64142	64134	64340	8	206	6	94
18560	73	64145	64138	64345	7	207	6	94
18560	74	64142	64136	64341	6	205	5	94
18560	75	64139	64133	64339	6	206	5	94
18560	76	64147	64141	64346	6	205	5	94
18560	77	64140	64133	64337	7	204	5	94
18560	78	64144	64139	64343	5	204	5	94
18560	79	64142	64135	64341	7	206	6	94
18560	80	64138	64131	64337	7	206	6	94
18560	81	64147	64138	64348	9	210	7	94
18560	82	64140	64132	64338	8	206	6	94
18560	83	64146	64138	64346	8	208	6	94
18560	84	64139	64133	64337	6	204	5	94
18560	85	64147	64139	64345	8	206	6	94
18560	86	64139	64131	64336	8	205	6	94
18560	87	64144	64136	64342	8	206	7	94
18560	88	64138	64131	64336	7	205	6	94
18560	89	64145	64137	64346	8	209	6	94
18560	90	64146	64137	64345	9	208	6	94
18560	91	64141	64133	64340	8	207	6	94
18560	92	64146	64137	64344	9	207	6	94
18560	93	64139	64130	64338	9	208	6	94
18560	94	64146	64138	64344	8	206	6	94
18560	95	64138	64130	64335	8	205	6	94
18560	96	64146	64138	64344	8	206	6	94
18560	97	64145	64137	64342	8	205	6	94
18560	98	64139	64133	64337	6	204	5	94
18560	99	64145	64138	64345	7	207	7	94
18560	100	64138	64132	64337	6	205	6	94
18560	101	64145	64139	64344	6	205	5	94
18560	102	64144	64138	64342	6	204	5	94
18560	103	64140	64132	64339	8	207	5	94
18560	104	64144	64137	64343	7	206	5	94
18560	105	64147	64139	64347	8	208	6	94
18560	106	64138	64131	64337	7	206	5	94
18560	107	64144	64137	64344	7	207	6	94
18560	108	64140	64134	64339	6	205	6	94
18560	109	64143	64136	64344	7	208	7	94
18560	110	64146	64138	64345	8	207	5	94
18560	111	64141	64135	64339	6	204	5	94
18560	112	64145	64137	64345	8	208	6	94
18560	113	64143	64134	64343	9	209	7	94
18560	114	64147	64139	64344	8	205	5	94
18560	115	64137	64129	64336	8	207	7	94
18560	116	64145	64138	64344	7	206	6	94
18560	117	64144	64138	64343	6	205	6	94
18560	118	64138	64130	64335	8	205	6	94
18560	119	64146	64137	64343	9	206	6	94
18560	120	64144	64137	64345	7	208	7	94
18560	121	64140	64132	64341	8	209	5	94
18560	122	64143	64137	64342	6	205	6	94
18560	123	64146	64138	64346	8	208	6	94
18560	124	64138	64130	64338	8	208	6	94
18560	125	64151	64142	64349	9	207	6	94
18560	126	64144	64137	64343	7	206	5	94
18560	127	64140	64131	64339	9	208	6	94
18560	128	64145	64137	64344	8	207	6	94
18560	129	64143	64137	64342	6	205	6	94
18560	130	64140	64132	64338	8	206	6	94
18560	131	64144	64137	64342	7	205	6	94
18560	132	64145	64137	64344	8	207	6	94
18560	133	64138	64131	64336	7	205	6	94
18560	134	64146	64137	64345	9	208	6	94
18560	135	64143	64138	64342	5	204	5	94
18560	136	64140	64132	64338	8	206	6	94
18560	137	64144	64138	64343	6	205	6	94
18560	138	64144	64137	64342	7	205	6	94
18560	139	64138	64130	64339	8	209	6	94
18560	140	64144	64137	64342	7	205	6	94
18560	141	64145	64138	64344	7	206	6	94
18560	142	64138	64131	64336	7	205	6	94
18560	143	64147	64139	64346	8	207	5	94
18560	144	64144	64138	64344	6	206	7	94
18560	145	64140	64133	64338	7	205	5	94
18560	146	64143	64135	64343	8	208	6	94
18560	147	64145	64137	64345	8	208	6	94
18560	148	64138	64133	64339	5	206	5	94
18560	149	64144	64136	64344	8	208	6	94
18560	150	64146	64138	64347	8	209	5	94
18560	151	64137	64130	64337	7	207	6	94
18560	152	64147	64140	64345	7	205	5	94
18560	153	64145	64137	64342	8	205	6	94
18560	154	64140	64132	64339	8	207	7	94
18560	155	64145	64137	64342	8	205	6	94
18560	156	64146	64139	64345	7	206	6	94
18560	157	64138	64131	64337	7	206	5	94
18560	158	64146	64139	64345	7	206	5	94
18560	159	64143	64138	64342	5	204	5	94
18560	160	64138	64129	64335	9	206	6	94
18560	161	64148	64140	64347	8	207	5	94
18560	162	64144	64137	64344	7	207	6	94
18560	163	64138	64131	64337	7	206	6	94
18560	164	64144	64137	64343	7	206	7	94
18560	165	64145	64139	64345	6	206	6	94
18560	166	64138	64131	64338	7	207	6	94
18560	167	64146	64138	64346	8	208	6	94
18560	168	64144	64136	64344	8	208	6	94
18560	169	64140	64134	64338	6	204	5	94
18560	170	64142	64137	64342	5	205	5	94
18560	171	64144	64137	64342	7	205	6	94
18560	172	64146	64137	64345	9	208	6	94
18560	173	64141	64134	64340	7	206	5	94
18560	174	64145	64136	64345	9	209	6	94
18560	175	64144	64137	64343	7	206	7	94
18560	176	64141	64134	64340	7	206	5	94
18560	177	64143	64135	64341	8	206	7	94
18560	178	64145	64139	64344	6	205	5	94
18560	179	64144	64136	64342	8	206	6	94
18560	180	64139	64131	64339	8	208	6	94
18560	181	64148	64140	64346	8	206	6	94
18560	182	64144	64138	64342	6	204	5	94
18560	183	64146	64138	64346	8	208	6	94
18560	184	64137	64129	64340	8	211	6	95
18560	185	64145	64138	64343	7	205	5	94
18560	186	64143	64138	64342	5	204	5	94
18560	187	64141	64134	64340	7	206	6	94
18560	188	64143	64136	64341	7	205	6	94
18560	189	64144	64138	64344	6	206	5	94
18560	190	64143	64135	64344	8	209	6	94
18560	191	64143	64137	64343	6	206	5	94
18560	192	64141	64134	64341	7	207	5	94
18560	193	64143	64137	64342	6	205	6	94
18560	194	64145	64137	64345	8	208	6	94
18560	195	64144	64137	64342	7	205	6	94
18560	196	64139	64131	64337	8	206	6	94
18560	197	64143	64137	64343	6	206	5	94
18560	198	64145	64136	64346	9	210	8	94
18560	199	64144	64136	64344	8	208	6	94
18560	200	64137	64131	64337	6	206	5	94
18560	201	64143	64135	64341	8	206	6	94
18560	202	64143	64137	64341	6	204	5	94
18560	203	64145	64138	64344	7	206	6	94
18560	204	64137	64131	64335	6	204	5	94
18560	205	64145	64136	64343	9	207	6	94
18560	206	64144	64137	64342	7	205	6	94
18560	207	64145	64137	64345	8	208	6	94
18560	208	64139	64130	64336	9	206	7	94
18560	209	64145	64139	64344	6	205	5	94
18560	210	64144	64137	64344	7	207	6	94
18560	211	64138	64130	64336	8	206	7	94
18560	212	64145	64139	64344	6	205	5	94
18560	213	64143	64137	64344	6	207	6	94
18560	214	64146	64138	64345	8	207	7	94
18560	215	64137	64130	64337	7	207	6	95
18560	216	64145	64136	64345	9	209	7	94
18560	217	64143	64137	64341	6	204	5	94
18560	218	64145	64139	64344	6	205	5	94
18560	219	64142	64134	64342	8	208	6	94
18560	220	64144	64137	64343	7	206	6	94
18560	221	64146	64138	64344	8	206	6	94
18560	222	64137	64130	64336	7	206	7	94
18560	223	64145	64138	64345	7	207	5	94
18560	224	64144	64138	64344	6	206	5	94
18560	225	64145	64138	64344	7	206	6	94
18560	226	64138	64130	64337	8	207	6	94
18560	227	64146	64138	64346	8	208	6	94
18560	228	64143	64135	64343	8	208	7	94
18560	229	64141	64134	64339	7	205	5	94
18560	230	64143	64137	64341	6	204	5	94
18560	231	64143	64135	64344	8	209	6	94
18560	232	64144	64137	64344	7	207	6	94
18560	233	64138	64132	64337	6	205	6	94
18560	234	64146	64138	64346	8	208	6	94
18560	235	64143	64137	64341	6	204	5	94
18560	236	64149	64142	64347	7	205	5	94
18560	237	64138	64129	64338	9	209	8	94
18560	238	64145	64136	64345	9	209	7	94
18560	239	64143	64136	64341	7	205	6	94
18560	240	64145	64137	64346	8	209	5	94
18560	241	64141	64132	64340	9	208	7	94
18560	242	64143	64135	64340	8	205	6	94
18560	243	64143	64136	64345	7	209	7	94
18560	244	64144	64137	64345	7	208	7	94
18560	245	64143	64135	64342	8	207	5	94
18560	246	64140	64134	64339	6	205	6	94
18560	247	64145	64137	64347	8	210	6	94
18560	248	64143	64136	64343	7	207	6	94
18560	249	64142	64135	64340	7	205	5	94
18560	250	64142	64135	64342	7	207	7	94
18560	251	64145	64137	64346	8	209	7	94
18560	252	64144	64136	64343	8	207	6	94
18560	253	64138	64131	64338	7	207	6	94
18560	254	64145	64137	64343	8	206	6	94
18560	255	64144	64137	64342	7	205	6	94
18560	256	64145	64137	64343	8	206	6	94
18560	257	64138	64130	64337	8	207	6	94
18560	258	64145	64136	64346	9	210	6	94
18560	259	64143	64135	64344	8	209	6	94
18560	260	64145	64139	64344	6	205	5	94
18560	261	64138	64132	64336	6	204	5	94
18560	262	64146	64138	64347	8	209	7	94
18560	263	64144	64137	64343	7	206	5	94
18560	264	64139	64132	64338	7	206	7	94
18560	265	64144	64136	64343	8	207	5	94
18560	266	64142	64135	64342	7	207	6	94
18560	267	64145	64138	64343	7	205	5	94
18560	268	64142	64134	64340	8	206	6	94
18560	269	64144	64136	64342	8	206	6	94
18560	270	64142	64136	64341	6	205	6	94
18560	271	64146	64138	64343	8	205	5	94
18560	272	64138	64130	64338	8	208	6	94
18560	273	64143	64136	64344	7	208	5	94
18560	274	64143	64136	64341	7	205	6	94
18560	275	64143	64136	64342	7	206	6	94
18560	276	64144	64137	64342	7	205	5	94
18560	277	64143	64135	64344	8	209	6	95
18560	278	64141	64132	64341	9	209	6	94
18560	279	64141	64136	64340	5	204	5	94
18560	280	64145	64136	64345	9	209	7	94
18560	281	64142	64134	64343	8	209	7	94
18560	282	64145	64135	64344	10	209	7	94
18560	283	64144	64137	64341	7	204	5	94
18560	284	64143	64135	64344	8	209	6	94
18560	285	64136	64129	64334	7	205	6	94
18560	286	64143	64137	64341	6	204	5	94
18560	287	64144	64137	64344	7	207	5	94
18560	288	64144	64136	64341	8	205	6	94
18560	289	64144	64138	64343	6	205	5	94
18560	290	64142	64137	64341	5	204	5	94
18560	291	64144	64135	64342	9	207	6	94
18560	292	64139	64133	64337	6	204	5	94
18560	293	64147	64140	64347	7	207	5	94
18560	294	64142	64137	64341	5	204	5	94
18560	295	64142	64135	64342	7	207	6	94
18560	296	64145	64137	64342	8	205	5	94
18560	297	64142	64135	64340	7	205	6	94
18560	298	64145	64137	64346	8	209	5	94
18560	299	64143	64135	64340	8	205	6	94
18560	300	64144	64137	64344	7	207	5	94
18560	301	64142	64135	64340	7	205	6	94
18560	302	64143	64136	64343	7	207	5	94
18560	303	64140	64132	64337	8	205	6	94
18560	304	64145	64138	64345	7	207	5	94
18560	305	64142	64135	64342	7	207	6	94
18560	306	64144	64137	64341	7	204	5	94
18560	307	64145	64137	64343	8	206	6	94
18560	308	64144	64136	64342	8	206	5	95
18560	309	64145	64136	64344	9	208	6	94
18560	310	64136	64129	64334	7	205	6	94
18560	311	64145	64136	64344	9	208	6	94
18560	312	64143	64136	64340	7	204	5	94
18560	313	64144	64137	64344	7	207	7	94
18560	314	64143	64138	64342	5	204	5	94
18560	315	64143	64137	64343	6	206	5	94
18560	316	64140	64134	64339	6	205	6	94
18560	317	64140	64133	64341	7	208	5	94
18560	318	64144	64137	64344	7	207	7	94
18560	319	64143	64136	64344	7	208	7	94
18560	320	64147	64140	64345	7	205	5	94
18560	321	64144	64136	64341	8	205	6	94
18560	322	64143	64135	64340	8	205	5	94
18560	323	64141	64132	64342	9	210	6	94
18560	324	64145	64137	64343	8	206	6	94
18560	325	64143	64137	64342	6	205	6	94
18560	326	64143	64135	64343	8	208	6	94
18560	327	64137	64129	64337	8	208	6	94
18560	328	64143	64136	64341	7	205	6	94
18560	329	64146	64138	64344	8	206	6	94
18560	330	64144	64137	64343	7	206	5	94
18560	331	64139	64132	64337	7	205	5	94
18560	332	64143	64137	64343	6	206	5	94
18560	333	64145	64138	64343	7	205	5	94
18560	334	64143	64136	64343	7	207	6	94
18560	335	64138	64131	64337	7	206	6	94
18560	336	64143	64137	64343	6	206	5	94
18560	337	64144	64137	64342	7	205	6	94
18560	338	64146	64139	64344	7	205	5	94
18560	339	64137	64130	64337	7	207	6	95
18560	340	64147	64138	64345	9	207	5	94
18560	341	64145	64137	64342	8	205	6	94
18560	342	64139	64132	64337	7	205	5	94
18560	343	64145	64137	64344	8	207	6	94
18560	344	64145	64138	64343	7	205	5	94
18560	345	64141	64135	64339	6	204	5	94
18560	346	64143	64136	64346	7	210	7	94
18560	347	64143	64137	64341	6	204	5	94
18560	348	64145	64137	64344	8	207	6	94
18560	349	64141	64134	64339	7	205	5	94
18560	350	64144	64136	64343	8	207	6	94
18560	351	64145	64137	64345	8	208	6	94
18560	352	64138	64129	64337	9	208	6	94
18560	353	64145	64138	64344	7	206	6	94
18560	354	64143	64137	64341	6	204	5	94
18560	355	64141	64134	64340	7	206	6	94
18560	356	64143	64135	64343	8	208	6	94
18560	357	64143	64136	64343	7	207	6	94
18560	358	64143	64135	64343	8	208	6	94
18560	359	64137	64131	64336	6	205	6	94
18560	360	64145	64138	64345	7	207	5	94
18560	361	64143	64137	64341	6	204	5	94
18560	362	64139	64132	64339	7	207	5	94
18560	363	64144	64137	64344	7	207	6	94
18560	364	64145	64138	64344	7	206	6	94
18560	365	64144	64136	64344	8	208	7	94
18560	366	64139	64131	64340	8	209	5	94
18560	367	64143	64136	64345	7	209	7	94
18560	368	64144	64136	64343	8	207	6	94
18560	369	64139	64131	64340	8	209	5	94
18560	370	64143	64136	64346	7	210	7	95
18560	371	64145	64138	64344	7	206	6	94
18560	372	64144	64139	64343	5	204	5	94
18560	373	64141	64133	64340	8	207	5	94
18560	374	64144	64138	64343	6	205	6	94
18560	375	64145	64138	64345	7	207	7	94
18560	376	64138	64130	64336	8	206	7	94
18560	377	64146	64139	64346	7	207	7	94
18560	378	64144	64136	64343	8	207	6	94
18560	379	64138	64132	64337	6	205	6	94
18560	380	64146	64138	64344	8	206	6	94
18560	381	64144	64136	64343	8	207	6	94
18560	382	64141	64131	64338	10	207	6	94
18560	383	64143	64137	64342	6	205	6	94
18560	384	64146	64138	64344	8	206	6	94
18560	385	64137	64131	64336	6	205	6	94
18560	386	64145	64136	64343	9	207	6	94
18560	387	64144	64136	64341	8	205	6	94
18560	388	64139	64131	64336	8	205	6	94
18560	389	64143	64138	64343	5	205	5	94
18560	390	64144	64137	64341	7	204	5	94
18560	391	64142	64134	64340	8	206	6	94
18560	392	64144	64137	64344	7	207	5	94
18560	393	64140	64134	64339	6	205	5	94
18560	394	64143	64136	64342	7	206	7	94
18560	395	64146	64139	64345	7	206	6	94
18560	396	64139	64133	64337	6	204	5	94
18560	397	64146	64139	64346	7	207	7	94
18560	398	64138	64132	64336	6	204	5	94
18560	399	64144	64138	64342	6	204	5	94
18560	400	64146	64138	64345	8	207	7	94
18560	401	64138	64129	64340	9	211	6	95
18560	402	64145	64138	64344	7	206	6	94
18560	403	64144	64138	64344	6	206	5	94
18560	404	64142	64134	64342	8	208	6	94
18560	405	64144	64138	64342	6	204	5	94
18560	406	64140	64133	64340	7	207	6	94
18560	407	64144	64138	64344	6	206	5	94
18560	408	64139	64132	64340	7	208	6	94
18560	409	64144	64138	64344	6	206	5	94
18560	410	64139	64130	64340	9	210	6	94
18560	411	64146	64139	64344	7	205	5	94
18560	412	64144	64134	64344	10	210	6	94
18560	413	64140	64132	64339	8	207	5	94
18560	414	64144	64135	64343	9	208	6	94
18560	415	64140	64134	64339	6	205	5	94
18560	416	64145	64136	64344	9	208	7	94
18560	417	64140	64133	64338	7	205	5	94
18560	418	64145	64136	64345	9	209	7	94
18560	419	64143	64136	64343	7	207	6	94
18560	420	64138	64132	64340	6	208	6	94
18560	421	64145	64138	64342	7	204	5	94
18560	422	64140	64131	64341	9	210	6	94
18560	423	64143	64138	64342	5	204	5	94
18560	424	64145	64139	64344	6	205	5	94
18560	425	64140	64135	64340	5	205	6	94
18560	426	64146	64137	64344	9	207	7	94
18560	427	64138	64131	64336	7	205	6	94
18560	428	64147	64139	64346	8	207	5	94
18560	429	64143	64136	64342	7	206	7	94
18560	430	64146	64138	64346	8	208	6	94
18560	431	64146	64138	64345	8	207	6	94
18560	432	64138	64130	64340	8	210	6	95
18560	433	64146	64138	64346	8	208	6	94
18560	434	64143	64138	64342	5	204	5	94
18560	435	64141	64131	64340	10	209	6	94
18560	436	64139	64133	64339	6	206	5	94
18560	437	64147	64139	64347	8	208	6	94
18560	438	64139	64133	64338	6	205	6	94
18560	439	64146	64140	64345	6	205	5	94
18560	440	64140	64132	64338	8	206	7	94
18560	441	64140	64133	64338	7	205	6	94
18560	442	64147	64138	64346	9	208	6	94
18560	443	64139	64132	64338	7	206	7	94
18560	444	64147	64140	64345	7	205	5	94
18560	445	64140	64133	64339	7	206	5	94
18560	446	64141	64134	64340	7	206	6	94
18560	447	64146	64138	64345	8	207	6	94
18560	448	64141	64133	64339	8	206	6	94
18560	449	64145	64137	64344	8	207	6	94
18560	450	64139	64131	64340	8	209	6	94
18560	451	64139	64132	64337	7	205	6	94
18560	452	64145	64137	64344	8	207	7	94
18560	453	64145	64137	64343	8	206	6	94
18560	454	64145	64138	64346	7	208	7	94
18560	455	64141	64133	64338	8	205	5	94
18560	456	64145	64139	64343	6	204	5	94
18560	457	64141	64131	64340	10	209	6	94
18560	458	64139	64132	64339	7	207	6	94
18560	459	64146	64139	64346	7	207	7	94
18560	460	64142	64132	64343	10	211	6	94
18560	461	64144	64138	64344	6	206	5	94
18560	462	64138	64131	64338	7	207	6	94
18560	463	64144	64138	64344	6	206	5	95
18560	464	64141	64132	64339	9	207	7	94
18560	465	64144	64136	64343	8	207	6	94
18560	466	64140	64131	64339	9	208	6	94
18560	467	64140	64134	64341	6	207	6	94
18560	468	64147	64139	64347	8	208	6	94
18560	469	64140	64134	64340	6	206	5	94
18560	470	64146	64138	64344	8	206	6	94
18560	471	64141	64135	64340	6	205	6	94
18560	472	64139	64133	64338	6	205	6	94
18560	473	64146	64137	64344	9	207	7	94
18560	474	64138	64131	64337	7	206	6	94
18560	475	64144	64134	64345	10	211	7	94
18560	476	64146	64140	64345	6	205	6	94
18560	477	64147	64141	64346	6	205	5	94
18560	478	64140	64134	64339	6	205	6	94
18560	479	64142	64134	64342	8	208	6	94
18560	480	64146	64139	64346	7	207	7	94
18560	481	64142	64134	64341	8	207	7	94
18560	482	64141	64134	64341	7	207	6	94
18560	483	64144	64137	64342	7	205	6	94
18560	484	64145	64137	64345	8	208	6	94
18560	485	64141	64133	64338	8	205	6	94
18560	486	64143	64135	64344	8	209	5	94
18560	487	64146	64140	64344	6	204	5	94
18560	488	64141	64134	64340	7	206	6	94
18560	489	64144	64137	64345	7	208	5	94
18560	490	64144	64138	64343	6	205	5	94
18560	491	64141	64133	64340	8	207	6	94
18560	492	64142	64134	64340	8	206	7	94
18560	493	64146	64140	64344	6	204	5	94
18560	494	64141	64135	64342	6	207	6	95
18560	495	64141	64133	64339	8	206	6	94
18560	496	64146	64140	64345	6	205	6	94
18560	497	64142	64134	64340	8	206	6	94
18560	498	64140	64133	64340	7	207	6	94
18560	499	64148	64140	64348	8	208	6	94
18560	500	64140	64133	64341	7	208	7	94
18560	501	64141	64135	64340	6	205	5	94
18560	502	64145	64137	64344	8	207	7	94
18560	503	64139	64132	64337	7	205	6	94
18560	504	64145	64139	64343	6	204	5	94
18560	505	64140	64133	64338	7	205	6	94
18560	506	64141	64134	64340	7	206	6	94
18560	507	64145	64137	64343	8	206	6	94
18560	508	64141	64132	64340	9	208	6	94
18560	509	64144	64138	64343	6	205	6	94
18560	510	64141	64131	64342	10	211	6	94
18560	511	64140	64134	64338	6	204	5	94
18560	512	64147	64139	64346	8	207	5	94
18560	513	64139	64133	64338	6	205	6	94
18560	514	64145	64139	64345	6	206	5	94
18560	515	64142	64134	64339	8	205	6	94
18560	516	64146	64140	64344	6	204	5	94
18560	517	64142	64133	64339	9	206	6	94
18560	518	64139	64132	64340	7	208	7	94
18560	519	64146	64139	64344	7	205	5	94
18560	520	64138	64132	64336	6	204	5	94
18560	521	64146	64138	64345	8	207	6	94
18560	522	64139	64131	64341	8	210	7	94
18560	523	64147	64137	64346	10	209	6	94
18560	524	64139	64133	64340	6	207	6	94
18560	525	64144	64136	64343	8	207	6	94
18560	526	64141	64133	64341	8	208	6	94
18560	527	64145	64137	64344	8	207	6	94
18560	528	64146	64137	64346	9	209	6	94
18560	529	64141	64136	64340	5	204	5	94
18560	530	64146	64138	64344	8	206	6	94
18560	531	64139	64132	64339	7	207	6	94
18560	532	64146	64138	64346	8	208	6	94
18560	533	64138	64133	64337	5	204	5	94
18560	534	64146	64139	64344	7	205	5	94
18560	535	64139	64132	64336	7	204	5	94
18560	536	64144	64137	64342	7	205	6	94
18560	537	64140	64135	64339	5	204	5	94
18560	538	64143	64136	64343	7	207	6	94
18560	539	64146	64139	64344	7	205	5	94
18560	540	64138	64131	64338	7	207	6	94
18560	541	64145	64137	64344	8	207	6	94
18560	542	64138	64131	64336	7	205	6	94
18560	543	64147	64137	64348	10	211	6	94
18560	544	64143	64136	64341	7	205	6	94
18560	545	64143	64134	64343	9	209	6	94
18560	546	64144	64138	64342	6	204	5	94
18560	547	64139	64131	64338	8	207	6	94
18560	548	64146	64138	64345	8	207	7	94
18560	549	64138	64132	64336	6	204	5	94
18560	550	64146	64138	64344	8	206	6	94
18560	551	64145	64139	64343	6	204	5	94
18560	552	64141	64133	64339	8	206	6	94
18560	553	64145	64137	64343	8	206	6	94
18560	554	64139	64133	64338	6	205	5	94
18560	555	64144	64137	64344	7	207	5	94
18560	556	64145	64137	64344	8	207	7	94
18560	557	64143	64135	64340	8	205	6	94
18560	558	64144	64137	64343	7	206	5	94
18560	559	64140	64131	64339	9	208	6	94
18560	560	64145	64138	64343	7	205	6	94
18560	561	64145	64139	64344	6	205	5	94
18560	562	64138	64131	64336	7	205	6	94
18560	563	64146	64138	64344	8	206	6	94
18560	564	64137	64130	64336	7	206	7	94
18560	565	64145	64138	64344	7	206	6	94
18560	566	64144	64139	64343	5	204	5	94
18560	567	64138	64132	64337	6	205	6	94
18560	568	64143	64136	64342	7	206	6	94
18560	569	64139	64131	64338	8	207	6	94
18560	570	64146	64136	64347	10	211	6	94
18560	571	64145	64137	64342	8	205	6	94
18560	572	64140	64132	64338	8	206	6	94
18560	573	64143	64137	64342	6	205	6	94
18560	574	64140	64132	64338	8	206	6	94
18560	575	64144	64136	64345	8	209	6	94
18560	576	64145	64137	64345	8	208	6	94
18560	577	64139	64131	64336	8	205	6	94
18560	578	64173	64148	64373	25	225	10	105
18560	579	64138	64132	64336	6	204	5	94
18560	580	64143	64137	64342	6	205	6	94
18560	581	64143	64137	64342	6	205	5	94
18560	582	64143	64136	64342	7	206	5	94
18560	583	64147	64137	64346	10	209	6	94
18560	584	64139	64132	64338	7	206	5	94
18560	585	64147	64137	64344	10	207	6	94
18560	586	64139	64132	64336	7	204	5	94
18560	587	64147	64139	64345	8	206	6	94
18560	588	64144	64137	64341	7	204	5	94
18560	589	64138	64132	64336	6	204	5	94
18560	590	64146	64137	64344	9	207	6	94
18560	591	64143	64137	64341	6	204	5	94
18560	592	64141	64132	64342	9	210	6	94
18560	593	64143	64137	64342	6	205	6	94
18560	594	64140	64132	64338	8	206	6	94
18560	595	64145	64137	64345	8	208	7	94
18560	596	64146	64139	64346	7	207	5	94
18560	597	64138	64130	64339	8	209	6	94
18560	598	64146	64138	64346	8	208	6	94
18560	599	64138	64130	64337	8	207	6	94
18560	600	64145	64136	64344	9	208	6	94
18560	601	64145	64138	64344	7	206	6	94
18560	602	64137	64131	64337	6	206	7	94
18560	603	64145	64138	64344	7	206	6	94
18560	604	64138	64132	64336	6	204	5	94
18560	605	64146	64138	64344	8	206	6	94
18560	606	64144	64137	64342	7	205	6	94
18560	607	64141	64132	64340	9	208	6	94
18560	608	64144	64137	64344	7	207	6	94
18560	609	64139	64133	64339	6	206	5	94
18560	610	64145	64139	64343	6	204	5	94
18560	611	64144	64136	64342	8	206	6	94
18560	612	64140	64133	64339	7	206	6	94
18560	613	64143	64136	64343	7	207	6	94
18560	614	64142	64134	64340	8	206	6	94
18560	615	64143	64136	64341	7	205	6	94
18560	616	64146	64138	64345	8	207	7	94
18560	617	64138	64132	64337	6	205	6	94
18560	618	64146	64138	64344	8	206	5	94
18560	619	64143	64135	64341	8	206	6	94
18560	620	64137	64132	64336	5	204	5	94
18560	621	64145	64137	64346	8	209	7	94
18560	622	64145	64138	64342	7	204	5	94
18560	623	64140	64131	64342	9	211	7	94
18560	624	64144	64138	64343	6	205	6	94
18560	625	64145	64138	64345	7	207	5	94
18560	626	64138	64131	64337	7	206	5	94
18560	627	64147	64139	64346	8	207	5	94
18560	628	64144	64139	64343	5	204	5	94
18560	629	64139	64133	64338	6	205	5	94
18560	630	64143	64137	64343	6	206	7	94
18560	631	64144	64136	64343	8	207	6	94
18560	632	64139	64131	64337	8	206	6	94
18560	633	64144	64136	64343	8	207	6	94
18560	634	64146	64138	64345	8	207	5	94
18560	635	64139	64132	64338	7	206	5	94
18560	636	64146	64139	64345	7	206	6	94
18560	637	64145	64136	64342	9	206	7	94
18560	638	64140	64134	64339	6	205	5	94
18560	639	64144	64136	64341	8	205	6	94
18560	640	64144	64137	64342	7	205	6	94
18560	641	64142	64133	64339	9	206	7	94
18560	642	64141	64136	64340	5	204	5	94
18560	643	64146	64139	64346	7	207	5	94
18560	644	64143	64137	64342	6	205	6	94
18560	645	64140	64133	64340	7	207	5	94
18560	646	64145	64138	64345	7	207	5	94
18560	647	64145	64138	64345	7	207	5	94
18560	648	64138	64131	64337	7	206	5	94
18560	649	64146	64138	64345	8	207	5	94
18560	650	64145	64137	64344	8	207	6	94
18560	651	64137	64131	64336	6	205	6	94
18560	652	64146	64139	64346	7	207	5	94
18560	653	64145	64137	64343	8	206	6	94
18560	654	64140	64134	64340	6	206	6	94
18560	655	64145	64138	64343	7	205	6	94
18560	656	64146	64135	64345	11	210	7	94
18560	657	64137	64131	64336	6	205	6	94
18560	658	64145	64138	64344	7	206	6	94
18560	659	64143	64136	64341	7	205	6	94
18560	660	64139	64132	64338	7	206	6	94
18560	661	64145	64137	64342	8	205	6	94
18560	662	64143	64138	64342	5	204	5	94
18560	663	64140	64133	64339	7	206	6	94
18560	664	64144	64137	64342	7	205	5	94
18560	665	64145	64138	64343	7	205	5	94
18560	666	64138	64131	64337	7	206	6	94
18560	667	64145	64137	64343	8	206	6	94
18560	668	64144	64137	64344	7	207	6	94
18560	669	64140	64131	64339	9	208	6	94
18560	670	64143	64136	64343	7	207	6	94
18560	671	64146	64139	64345	7	206	6	94
18560	672	64139	64132	64337	7	205	6	94
18560	673	64143	64137	64342	6	205	6	94
18560	674	64145	64139	64344	6	205	5	94
18560	675	64140	64134	64340	6	206	5	94
18560	676	64144	64137	64342	7	205	5	94
18560	677	64145	64137	64342	8	205	6	94
18560	678	64144	64137	64342	7	205	5	94
18560	679	64142	64134	64340	8	206	6	94
18560	680	64146	64140	64346	6	206	6	94
18560	681	64144	64136	64341	8	205	6	94
18560	682	64141	64132	64338	9	206	6	94
18560	683	64147	64139	64345	8	206	6	94
18560	684	64144	64138	64342	6	204	5	94
18560	685	64142	64133	64341	9	208	6	94
18560	686	64144	64138	64343	6	205	6	94
18560	687	64144	64136	64344	8	208	6	94
18560	688	64140	64133	64339	7	206	6	94
18560	689	64146	64139	64345	7	206	6	94
18560	690	64141	64134	64339	7	205	6	94
18560	691	64144	64135	64344	9	209	6	94
18560	692	64145	64138	64342	7	204	5	94
18560	693	64140	64133	64339	7	206	7	94
18560	694	64145	64135	64346	10	211	6	94
18560	695	64144	64136	64341	8	205	6	94
18560	696	64141	64135	64340	6	205	5	94
18560	697	64144	64137	64344	7	207	6	94
18560	698	64145	64136	64343	9	207	6	94
18560	699	64140	64132	64339	8	207	7	94
18560	700	64145	64136	64343	9	207	6	94
18560	701	64143	64138	64342	5	204	5	94
18560	702	64146	64138	64344	8	206	6	94
18560	703	64139	64132	64337	7	205	6	94
18560	704	64144	64138	64345	6	207	6	94
18560	705	64146	64137	64345	9	208	6	94
18560	706	64137	64130	64337	7	207	7	94
18560	707	64146	64137	64344	9	207	6	94
18560	708	64144	64138	64342	6	204	5	94
18560	709	64139	64132	64338	7	206	6	94
18560	710	64147	64139	64345	8	206	6	94
18560	711	64146	64137	64345	9	208	6	94
18560	712	64138	64130	64339	8	209	6	94
18560	713	64145	64138	64346	7	208	6	94
18560	714	64143	64138	64342	5	204	5	94
18560	715	64138	64132	64336	6	204	5	94
18560	716	64146	64138	64345	8	207	7	94
18560	717	64143	64137	64342	6	205	6	94
18560	718	64140	64131	64338	9	207	7	94
18560	719	64143	64137	64341	6	204	5	94
18560	720	64145	64136	64343	9	207	6	94
18560	721	64137	64131	64337	6	206	5	94
18560	722	64145	64138	64345	7	207	5	94
18560	723	64144	64136	64345	8	209	7	94
18560	724	64140	64133	64340	7	207	6	94
18560	725	64145	64137	64344	8	207	7	94
18560	726	64143	64137	64343	6	206	5	94
18560	727	64140	64132	64338	8	206	6	94
18560	728	64143	64136	64343	7	207	7	94
18560	729	64146	64139	64346	7	207	5	94
18560	730	64137	64130	64335	7	205	6	94
18560	731	64146	64140	64345	6	205	5	94
18560	732	64143	64136	64342	7	206	6	94
18560	733	64140	64132	64341	8	209	7	94
18560	734	64143	64136	64341	7	205	6	94
18560	735	64145	64135	64344	10	209	6	94
18560	736	64140	64133	64340	7	207	7	94
18560	737	64143	64135	64343	8	208	7	94
18560	738	64146	64139	64345	7	206	6	94
18560	739	64141	64133	64339	8	206	7	94
18560	740	64147	64139	64347	8	208	6	94
18560	741	64144	64137	64344	7	207	6	94
18560	742	64145	64136	64342	9	206	6	94
18560	743	64144	64138	64344	6	206	5	94
18560	744	64145	64137	64345	8	208	6	94
18560	745	64138	64131	64337	7	206	7	94
18560	746	64144	64136	64345	8	209	6	94
18560	747	64146	64138	64345	8	207	6	94
18560	748	64138	64131	64336	7	205	6	94
18560	749	64146	64138	64345	8	207	6	94
18560	750	64143	64137	64343	6	206	5	94
18560	751	64140	64133	64338	7	205	5	94
18560	752	64145	64138	64344	7	206	5	94
18560	753	64146	64138	64345	8	207	7	94
18560	754	64139	64132	64336	7	204	5	94
18560	755	64143	64136	64343	7	207	6	94
18560	756	64144	64136	64346	8	210	8	94
18560	757	64139	64132	64337	7	205	6	94
18560	758	64145	64138	64343	7	205	5	94
18560	759	64198	64151	64398	47	247	14	112
18560	760	64145	64139	64344	6	205	5	94
18560	761	64145	64137	64343	8	206	6	94
18560	762	64140	64132	64337	8	205	5	94
18560	763	64144	64137	64343	7	206	7	94
18560	764	64146	64139	64345	7	206	6	94
18560	765	64137	64130	64337	7	207	6	94
18560	766	64144	64138	64344	6	206	5	94
18560	767	64145	64138	64345	7	207	7	94
18560	768	64137	64131	64335	6	204	5	94
18560	769	64145	64138	64344	7	206	6	94
18560	770	64143	64138	64342	5	204	5	94
18560	771	64139	64132	64338	7	206	6	94
18560	772	64143	64137	64342	6	205	6	94
18560	773	64143	64135	64343	8	208	6	94
18560	774	64142	64137	64341	5	204	5	94
18560	775	64145	64136	64345	9	209	6	94
18560	776	64137	64131	64338	6	207	6	94
18560	777	64144	64137	64343	7	206	6	94
18560	778	64146	64139	64347	7	208	6	94
18560	779	64137	64131	64336	6	205	6	94
18560	780	64147	64138	64348	9	210	6	94
18560	781	64140	64132	64339	8	207	8	94
18560	782	64146	64138	64346	8	208	6	94
18560	783	64144	64137	64342	7	205	6	94
18560	784	64139	64131	64337	8	206	6	94
18560	785	64145	64137	64343	8	206	7	94
18560	786	64139	64132	64337	7	205	6	94
18560	787	64145	64137	64344	8	207	6	94
18560	788	64144	64135	64343	9	208	6	94
18560	789	64140	64133	64339	7	206	6	94
18560	790	64144	64135	64344	9	209	6	94
18560	791	64140	64133	64339	7	206	6	94
18560	792	64144	64136	64341	8	205	6	94
18560	793	64146	64137	64347	9	210	6	94
18560	794	64138	64132	64338	6	206	5	94
18560	795	64149	64142	64349	7	207	5	94
18560	796	64138	64130	64338	8	208	7	94
18560	797	64143	64138	64342	5	204	5	94
18560	798	64143	64135	64342	8	207	5	94
18560	799	64143	64135	64341	8	206	6	94
18560	800	64147	64139	64345	8	206	6	94
18560	801	64138	64132	64336	6	204	5	94
18560	802	64146	64138	64344	8	206	6	94
18560	803	64138	64132	64336	6	204	5	94
18560	804	64147	64138	64346	9	208	6	94
18560	805	64143	64137	64343	6	206	5	94
18560	806	64140	64133	64338	7	205	5	94
18560	807	64144	64137	64344	7	207	6	94
18560	808	64138	64132	64336	6	204	5	94
18560	809	64145	64139	64344	6	205	5	94
18560	810	64143	64136	64341	7	205	6	94
18560	811	64140	64133	64339	7	206	6	94
18560	812	64145	64137	64344	8	207	6	94
18560	813	64140	64133	64339	7	206	6	94
18560	814	64143	64136	64344	7	208	7	94
18560	815	64143	64137	64343	6	206	6	94
18560	816	64141	64135	64339	6	204	5	94
18560	817	64146	64139	64344	7	205	5	94
18560	818	64138	64132	64338	6	206	5	94
18560	819	64143	64136	64341	7	205	6	94
18560	820	64142	64135	64341	7	206	6	94
18560	821	64143	64135	64341	8	206	7	94
18560	822	64146	64138	64344	8	206	6	94
18560	823	64139	64131	64338	8	207	6	94
18560	824	64146	64139	64346	7	207	5	94
18560	825	64139	64133	64340	6	207	6	94
18560	826	64146	64138	64346	8	208	6	94
18560	827	64144	64137	64343	7	206	6	94
18560	828	64137	64131	64337	6	206	5	94
18560	829	64144	64138	64343	6	205	6	94
18560	830	64140	64133	64339	7	206	5	94
18560	831	64146	64138	64343	8	205	5	94
18560	832	64144	64137	64343	7	206	5	94
18560	833	64140	64132	64339	8	207	7	94
18560	834	64144	64137	64344	7	207	6	94
18560	835	64144	64135	64341	9	206	6	94
18560	836	64142	64135	64340	7	205	6	94
18560	837	64146	64138	64345	8	207	5	94
18560	838	64138	64131	64337	7	206	5	94
18560	839	64144	64137	64343	7	206	5	94
18560	840	64146	64139	64344	7	205	5	94
18560	841	64139	64130	64337	9	207	6	94
18560	842	64146	64139	64345	7	206	6	94
18560	843	64138	64131	64336	7	205	6	94
18560	844	64146	64138	64345	8	207	5	94
18560	845	64144	64139	64343	5	204	5	94
18560	846	64139	64132	64339	7	207	5	94
18560	847	64143	64137	64342	6	205	6	94
18560	848	64142	64136	64345	6	209	5	94
18560	849	64141	64134	64341	7	207	6	94
18560	850	64144	64138	64342	6	204	5	94
18560	851	64144	64134	64341	10	207	6	94
18560	852	64143	64136	64341	7	205	6	94
18560	853	64146	64140	64345	6	205	5	94
18560	854	64138	64131	64337	7	206	6	94
18560	855	64146	64139	64345	7	206	6	94
18560	856	64141	64136	64340	5	204	5	94
18560	857	64144	64134	64342	10	208	6	94
18560	858	64144	64137	64343	7	206	5	94
18560	859	64139	64132	64337	7	205	6	94
18560	860	64146	64138	64347	8	209	5	94
18560	861	64144	64138	64344	6	206	7	94
18560	862	64140	64132	64341	8	209	5	94
18560	863	64143	64137	64343	6	206	5	94
18560	864	64147	64139	64345	8	206	6	94
18560	865	64139	64132	64338	7	206	5	94
18560	866	64145	64139	64344	6	205	5	94
18560	867	64139	64132	64339	7	207	5	94
18560	868	64146	64139	64344	7	205	5	94
18560	869	64144	64138	64342	6	204	5	94
18560	870	64138	64132	64337	6	205	6	94
18560	871	64146	64138	64346	8	208	6	94
18560	872	64144	64138	64343	6	205	6	94
18560	873	64139	64132	64338	7	206	6	94
18560	874	64143	64137	64341	6	204	5	94
18560	875	64142	64133	64340	9	207	6	94
18560	876	64144	64136	64343	8	207	7	94
18560	877	64146	64138	64347	8	209	7	94
18560	878	64138	64131	64336	7	205	6	94
18560	879	64144	64138	64346	6	208	7	94
18560	880	64143	64136	64342	7	206	7	94
18560	881	64138	64130	64336	8	206	6	94
18560	882	64146	64137	64345	9	208	8	94
18560	883	64143	64136	64341	7	205	6	94
18560	884	64141	64135	64340	6	205	5	94
18560	885	64144	64137	64343	7	206	7	94
18560	886	64139	64133	64338	6	205	5	94
18560	887	64143	64137	64343	6	206	7	94
18560	888	64145	64139	64344	6	205	5	94
18560	889	64138	64130	64338	8	208	7	94
18560	890	64143	64136	64341	7	205	6	94
18560	891	64144	64137	64343	7	206	6	94
18560	892	64138	64130	64337	8	207	6	94
18560	893	64146	64138	64344	8	206	6	94
18560	894	64140	64135	64339	5	204	5	94
18560	895	64144	64137	64343	7	206	6	94
18560	896	64144	64137	64343	7	206	5	94
18560	897	64141	64132	64339	9	207	6	94
18560	898	64143	64137	64342	6	205	6	94
18560	899	64147	64139	64344	8	205	5	94
18560	900	64137	64132	64336	5	204	5	94
18560	901	64145	64137	64345	8	208	6	94
18560	902	64146	64139	64346	7	207	5	94
18560	903	64138	64130	64336	8	206	6	94
18560	904	64146	64139	64344	7	205	5	94
18560	905	64143	64137	64342	6	205	6	94
18560	906	64141	64133	64339	8	206	6	94
18560	907	64144	64138	64344	6	206	5	94
18560	908	64145	64138	64346	7	208	6	94
18560	909	64138	64131	64337	7	206	7	94
18560	910	64143	64138	64342	5	204	5	94
18560	911	64143	64136	64344	7	208	7	94
18560	912	64139	64132	64336	7	204	5	94
18560	913	64146	64139	64344	7	205	5	94
18560	914	64143	64136	64342	7	206	7	94
18560	915	64139	64131	64337	8	206	6	94
18560	916	64143	64137	64342	6	205	6	94
18560	917	64145	64139	64344	6	205	5	94
18560	918	64137	64130	64335	7	205	6	94
18560	919	64145	64139	64344	6	205	5	94
18560	920	64146	64140	64346	6	206	7	94
18560	921	64137	64131	64336	6	205	6	94
18560	922	64144	64138	64343	6	205	5	94
18560	923	64143	64137	64342	6	205	6	94
18560	924	64139	64132	64337	7	205	5	94
18560	925	64144	64137	64344	7	207	6	94
18560	926	64145	64138	64344	7	206	6	94
18560	927	64139	64132	64336	7	204	5	94
18560	928	64147	64137	64346	10	209	6	94
18560	929	64143	64138	64342	5	204	5	94
18560	930	64139	64131	64339	8	208	6	94
18560	931	64144	64137	64344	7	207	6	94
18560	932	64144	64137	64344	7	207	6	94
18560	933	64141	64133	64340	8	207	5	94
18560	934	64143	64137	64342	6	205	6	94
18560	935	64145	64138	64344	7	206	6	94
18560	936	64138	64131	64336	7	205	6	94
18560	937	64145	64138	64344	7	206	6	94
18560	938	64144	64136	64343	8	207	6	94
18560	939	64146	64137	64346	9	209	6	94
18560	940	64138	64131	64336	7	205	6	94
18560	941	64146	64138	64346	8	208	6	94
18560	942	64143	64136	64342	7	206	6	94
18560	943	64143	64136	64341	7	205	6	94
18560	944	64140	64131	64338	9	207	7	94
18560	945	64144	64137	64343	7	206	5	94
18560	946	64145	64138	64343	7	205	5	94
18560	947	64140	64135	64339	5	204	5	94
18560	948	64144	64135	64343	9	208	6	94
18560	949	64143	64136	64344	7	208	7	94
18560	950	64145	64136	64345	9	209	7	94
18560	951	64137	64130	64335	7	205	5	94
18560	952	64144	64136	64345	8	209	6	94
18560	953	64143	64134	64344	9	210	6	94
18560	954	64144	64137	64345	7	208	5	94
18560	955	64140	64130	64339	10	209	6	94
18560	956	64143	64135	64344	8	209	6	94
18560	957	64145	64138	64345	7	207	5	94
18560	958	64143	64136	64342	7	206	5	94
18560	959	64139	64130	64338	9	208	7	94
18560	960	64144	64137	64341	7	204	5	94
18560	961	64147	64138	64347	9	209	7	94
18560	962	64141	64133	64341	8	208	6	94
18560	963	64143	64136	64344	7	208	7	94
18560	964	64145	64136	64343	9	207	6	94
18560	965	64143	64137	64343	6	206	5	94
18560	966	64138	64130	64338	8	208	6	94
18560	967	64143	64137	64341	6	204	5	94
18560	968	64145	64138	64344	7	206	6	94
18560	969	64143	64137	64343	6	206	5	94
18560	970	64144	64137	64342	7	205	5	94
18560	971	64140	64133	64338	7	205	6	94
18560	972	64144	64138	64343	6	205	5	94
18560	973	64144	64138	64342	6	204	5	94
18560	974	64143	64136	64341	7	205	6	94
18560	975	64146	64138	64347	8	209	5	94
18560	976	64140	64134	64338	6	204	5	94
18560	977	64145	64137	64345	8	208	6	94
18560	978	64144	64137	64343	7	206	6	94
18560	979	64145	64136	64345	9	209	7	94
18560	980	64138	64133	64337	5	204	5	94
18560	981	64144	64138	64343	6	205	5	94
18560	982	64143	64137	64341	6	204	5	94
18560	983	64144	64138	64343	6	205	5	94
18560	984	64142	64135	64341	7	206	7	94
18560	985	64137	64130	64335	7	205	6	94
18560	986	64144	64137	64343	7	206	6	94
18560	987	64143	64136	64341	7	205	6	94
18560	988	64145	64139	64344	6	205	5	94
18560	989	64145	64138	64344	7	206	6	94
18560	990	64139	64131	64339	8	208	6	94
18560	991	64143	64135	64343	8	208	6	94
18560	992	64145	64138	64344	7	206	6	94
18560	993	64143	64136	64341	7	205	6	94
18560	994	64144	64137	64343	7	206	6	94
18560	995	64136	64130	64334	6	204	5	94
18560	996	64143	64137	64341	6	204	5	94
18560	997	64145	64137	64343	8	206	6	94
18560	998	64143	64136	64341	7	205	6	94
18560	999	64144	64137	64344	7	207	5	94
18560	1000	64140	64135	64339	5	204	5	94
