RUNID	ITERNUM	METIME	PRTIME	TPRTIME	DIFF	TDIFF	NRPROCS	NPROCS
24081	1	17223	17220	17417	3	197	5	92
24081	2	17245	17241	17441	4	200	5	92
24081	3	17243	17242	17439	1	197	3	92
24081	4	17244	17242	17438	2	196	4	92
24081	5	17223	17221	17419	2	198	4	92
24081	6	17244	17243	17439	1	196	4	92
24081	7	17242	17241	17438	1	197	3	92
24081	8	17245	17242	17440	3	198	4	92
24081	9	17224	17222	17418	2	196	4	92
24081	10	17244	17242	17439	2	197	5	92
24081	11	17242	17241	17437	1	196	4	92
24081	12	17245	17242	17438	3	196	4	92
24081	13	17222	17220	17418	2	198	4	92
24081	14	17245	17242	17439	3	197	4	92
24081	15	17243	17242	17437	1	195	3	92
24081	16	17243	17241	17439	2	198	4	92
24081	17	17225	17223	17419	2	196	4	92
24081	18	17244	17242	17439	2	197	5	92
24081	19	17244	17241	17440	3	199	5	92
24081	20	17239	17236	17435	3	199	5	92
24081	21	17230	17228	17424	2	196	4	92
24081	22	17245	17242	17442	3	200	4	92
24081	23	17244	17243	17439	1	196	4	92
24081	24	17227	17227	17422	0	195	3	92
24081	25	17240	17237	17433	3	196	4	92
24081	26	17245	17243	17439	2	196	4	92
24081	27	17245	17243	17439	2	196	4	92
24081	28	17223	17221	17417	2	196	4	92
24081	29	17244	17241	17440	3	199	5	92
24081	30	17245	17242	17440	3	198	4	92
24081	31	17245	17242	17441	3	199	4	92
24081	32	17221	17220	17415	1	195	3	92
24081	33	17244	17242	17440	2	198	4	92
24081	34	17244	17243	17439	1	196	4	92
24081	35	17245	17242	17440	3	198	4	92
24081	36	17220	17218	17416	2	198	4	92
24081	37	17242	17240	17438	2	198	4	92
24081	38	17244	17242	17439	2	197	5	92
24081	39	17245	17242	17438	3	196	4	92
24081	40	17223	17222	17418	1	196	4	92
24081	41	17243	17242	17437	1	195	3	92
24081	42	17244	17242	17440	2	198	4	92
24081	43	17244	17243	17439	1	196	4	92
24081	44	17223	17220	17416	3	196	4	92
24081	45	17243	17241	17436	2	195	3	92
24081	46	17245	17242	17438	3	196	4	92
24081	47	17244	17241	17440	3	199	5	92
24081	48	17222	17221	17417	1	196	4	92
24081	49	17242	17242	17437	0	195	3	92
24081	50	17244	17242	17440	2	198	4	92
24081	51	17244	17243	17439	1	196	4	92
24081	52	17223	17221	17417	2	196	4	92
24081	53	17242	17242	17437	0	195	3	92
24081	54	17243	17241	17440	2	199	5	92
24081	55	17245	17241	17440	4	199	5	92
24081	56	17222	17220	17417	2	197	5	92
24081	57	17245	17243	17439	2	196	4	92
24081	58	17243	17241	17439	2	198	3	92
24081	59	17244	17242	17438	2	196	4	92
24081	60	17223	17221	17418	2	197	4	92
24081	61	17245	17242	17438	3	196	4	92
24081	62	17242	17241	17438	1	197	3	92
24081	63	17241	17238	17435	3	197	5	92
24081	64	17228	17225	17422	3	197	5	92
24081	65	17244	17241	17440	3	199	5	92
24081	66	17243	17241	17436	2	195	3	92
24081	67	17237	17235	17431	2	196	4	92
24081	68	17232	17230	17428	2	198	4	92
24081	69	17244	17242	17440	2	198	4	92
24081	70	17243	17241	17440	2	199	3	92
24081	71	17232	17231	17427	1	196	4	92
24081	72	17238	17235	17431	3	196	4	92
24081	73	17244	17243	17439	1	196	4	92
24081	74	17242	17241	17438	1	197	3	92
24081	75	17228	17227	17424	1	197	3	92
24081	76	17238	17236	17434	2	198	4	92
24081	77	17244	17242	17440	2	198	4	92
24081	78	17245	17242	17439	3	197	5	92
24081	79	17232	17230	17426	2	196	4	92
24081	80	17234	17232	17429	2	197	5	92
24081	81	17244	17242	17440	2	198	4	92
24081	82	17245	17242	17440	3	198	4	92
24081	83	17234	17233	17430	1	197	3	92
24081	84	17232	17230	17428	2	198	4	92
24081	85	17245	17242	17438	3	196	4	92
24081	86	17244	17243	17439	1	196	4	92
24081	87	17234	17232	17427	2	195	3	92
24081	88	17233	17230	17429	3	199	5	92
24081	89	17244	17242	17439	2	197	5	92
24081	90	17245	17243	17439	2	196	4	92
24081	91	17236	17235	17430	1	195	3	92
24081	92	17230	17228	17424	2	196	4	92
24081	93	17245	17243	17439	2	196	4	92
24081	94	17244	17242	17440	2	198	4	92
24081	95	17235	17234	17431	1	197	3	92
24081	96	17229	17228	17423	1	195	3	92
24081	97	17245	17242	17440	3	198	4	92
24081	98	17244	17242	17439	2	197	5	92
24081	99	17240	17236	17437	4	201	5	92
24081	100	17226	17225	17421	1	196	4	92
24081	101	17245	17242	17440	3	198	4	92
24081	102	17245	17243	17439	2	196	4	92
24081	103	17241	17239	17435	2	196	4	92
24081	104	17227	17225	17420	2	195	3	92
24081	105	17244	17243	17439	1	196	4	92
24081	106	17244	17243	17439	1	196	4	92
24081	107	17240	17238	17435	2	197	5	92
24081	108	17226	17224	17423	2	199	3	92
24081	109	17244	17242	17440	2	198	4	92
24081	110	17245	17242	17440	3	198	4	92
24081	111	17242	17241	17437	1	196	4	92
24081	112	17224	17223	17418	1	195	3	92
24081	113	17243	17241	17439	2	198	4	92
24081	114	17245	17243	17439	2	196	4	92
24081	115	17243	17242	17438	1	196	4	92
24081	116	17226	17223	17420	3	197	4	92
24081	117	17243	17240	17438	3	198	4	92
24081	118	17245	17243	17439	2	196	4	92
24081	119	17243	17241	17438	2	197	5	92
24081	120	17224	17223	17419	1	196	4	92
24081	121	17242	17242	17437	0	195	3	92
24081	122	17245	17243	17439	2	196	4	92
24081	123	17244	17242	17440	2	198	4	92
24081	124	17224	17222	17418	2	196	4	92
24081	125	17242	17241	17438	1	197	3	92
24081	126	17244	17242	17439	2	197	5	92
24081	127	17244	17241	17440	3	199	5	92
24081	128	17224	17220	17421	4	201	5	92
24081	129	17242	17241	17438	1	197	3	92
24081	130	17244	17242	17438	2	196	4	92
24081	131	17244	17243	17439	1	196	4	92
24081	132	17222	17220	17416	2	196	4	92
24081	133	17242	17242	17440	0	198	4	92
24081	134	17242	17242	17437	0	195	3	92
24081	135	17244	17242	17440	2	198	4	92
24081	136	17223	17220	17419	3	199	5	92
24081	137	17244	17242	17439	2	197	5	92
24081	138	17242	17241	17437	1	196	4	92
24081	139	17245	17243	17439	2	196	4	92
24081	140	17222	17219	17419	3	200	4	92
24081	141	17244	17243	17439	1	196	4	92
24081	142	17242	17242	17437	0	195	3	92
24081	143	17244	17242	17440	2	198	4	92
24081	144	17222	17221	17417	1	196	4	92
24081	145	17244	17242	17440	2	198	4	92
24081	146	17242	17241	17438	1	197	3	92
24081	147	17244	17243	17439	1	196	4	92
24081	148	17222	17221	17417	1	196	4	92
24081	149	17245	17242	17438	3	196	4	92
24081	150	17242	17242	17437	0	195	3	92
24081	151	17243	17240	17436	3	196	4	92
24081	152	17222	17218	17419	4	201	5	92
24081	153	17245	17242	17439	3	197	5	92
24081	154	17244	17242	17440	2	198	4	92
24081	155	17243	17241	17440	2	199	3	92
24081	156	17222	17221	17417	1	196	4	92
24081	157	17245	17243	17439	2	196	4	92
24081	158	17245	17243	17439	2	196	4	92
24081	159	17243	17240	17438	3	198	4	92
24081	160	17222	17220	17417	2	197	4	92
24081	161	17245	17242	17439	3	197	5	92
24081	162	17245	17241	17442	4	201	5	92
24081	163	17242	17241	17438	1	197	3	92
24081	164	17221	17220	17416	1	196	4	92
24081	165	17245	17242	17442	3	200	4	92
24081	166	17244	17243	17439	1	196	4	92
24081	167	17242	17242	17437	0	195	3	92
24081	168	17221	17220	17418	1	198	4	92
24081	169	17244	17242	17439	2	197	5	92
24081	170	17245	17242	17438	3	196	4	92
24081	171	17245	17242	17439	3	197	5	92
24081	172	17220	17218	17417	2	199	3	92
24081	173	17245	17242	17442	3	200	4	92
24081	174	17244	17243	17473	1	230	6	93
24081	175	17245	17243	17439	2	196	4	92
24081	176	17221	17219	17416	2	197	3	92
24081	177	17244	17242	17440	2	198	4	92
24081	178	17244	17243	17439	1	196	4	92
24081	179	17245	17242	17440	3	198	4	92
24081	180	17221	17219	17415	2	196	4	92
24081	181	17244	17241	17439	3	198	5	92
24081	182	17245	17243	17439	2	196	4	92
24081	183	17244	17243	17439	1	196	4	92
24081	184	17220	17219	17414	1	195	3	92
24081	185	17244	17242	17439	2	197	5	92
24081	186	17244	17241	17439	3	198	5	92
24081	187	17244	17243	17439	1	196	4	92
24081	188	17220	17220	17417	0	197	3	92
24081	189	17242	17242	17437	0	195	3	92
24081	190	17244	17243	17439	1	196	4	92
24081	191	17245	17242	17441	3	199	4	92
24081	192	17222	17221	17417	1	196	4	92
24081	193	17243	17241	17437	2	196	3	92
24081	194	17245	17241	17440	4	199	5	92
24081	195	17245	17242	17439	3	197	5	92
24081	196	17221	17220	17416	1	196	4	92
24081	197	17243	17241	17440	2	199	3	92
24081	198	17244	17243	17439	1	196	4	92
24081	199	17245	17242	17441	3	199	4	92
24081	200	17223	17221	17419	2	198	4	92
24081	201	17243	17242	17437	1	195	3	92
24081	202	17244	17243	17439	1	196	4	92
24081	203	17245	17242	17440	3	198	4	92
24081	204	17221	17219	17416	2	197	5	92
24081	205	17243	17240	17440	3	200	4	92
24081	206	17243	17241	17441	2	200	4	92
24081	207	17245	17243	17439	2	196	4	92
24081	208	17222	17220	17416	2	196	4	92
24081	209	17245	17242	17440	3	198	4	92
24081	210	17243	17242	17437	1	195	3	92
24081	211	17244	17243	17439	1	196	4	92
24081	212	17223	17219	17418	4	199	5	92
24081	213	17245	17242	17438	3	196	4	92
24081	214	17242	17241	17437	1	196	4	92
24081	215	17245	17241	17438	4	197	5	92
24081	216	17222	17221	17417	1	196	4	92
24081	217	17244	17243	17439	1	196	4	92
24081	218	17243	17241	17436	2	195	3	92
24081	219	17245	17242	17440	3	198	4	92
24081	220	17224	17222	17420	2	198	4	92
24081	221	17244	17242	17440	2	198	4	92
24081	222	17245	17242	17439	3	197	4	92
24081	223	17244	17242	17438	2	196	4	92
24081	224	17226	17224	17422	2	198	4	92
24081	225	17243	17241	17439	2	198	4	92
24081	226	17243	17241	17438	2	197	3	92
24081	227	17243	17241	17438	2	197	3	92
24081	228	17226	17224	17420	2	196	4	92
24081	229	17242	17240	17438	2	198	4	92
24081	230	17245	17241	17440	4	199	5	92
24081	231	17243	17241	17437	2	196	4	92
24081	232	17229	17227	17424	2	197	4	92
24081	233	17240	17238	17434	2	196	4	92
24081	234	17244	17242	17438	2	196	4	92
24081	235	17245	17242	17439	3	197	4	92
24081	236	17228	17226	17423	2	197	4	92
24081	237	17242	17238	17437	4	199	5	92
24081	238	17244	17243	17439	1	196	4	92
24081	239	17243	17240	17440	3	200	4	92
24081	240	17232	17228	17428	4	200	6	92
24081	241	17238	17235	17432	3	197	5	92
24081	242	17245	17241	17438	4	197	5	92
24081	243	17243	17240	17439	3	199	4	92
24081	244	17231	17230	17425	1	195	3	92
24081	245	17236	17235	17431	1	196	4	92
24081	246	17244	17243	17439	1	196	4	92
24081	247	17245	17242	17440	3	198	4	92
24081	248	17230	17227	17425	3	198	4	92
24081	249	17236	17233	17431	3	198	5	92
24081	250	17245	17241	17441	4	200	5	92
24081	251	17244	17243	17439	1	196	4	92
24081	252	17234	17233	17430	1	197	3	92
24081	253	17233	17231	17429	2	198	4	92
24081	254	17244	17242	17440	2	198	4	92
24081	255	17244	17242	17440	2	198	4	92
24081	256	17234	17232	17429	2	197	3	92
24081	257	17232	17231	17427	1	196	4	92
24081	258	17245	17242	17439	3	197	5	92
24081	259	17244	17242	17439	2	197	5	92
24081	260	17237	17235	17431	2	196	4	92
24081	261	17230	17227	17423	3	196	4	92
24081	262	17244	17243	17439	1	196	4	92
24081	263	17245	17243	17439	2	196	4	92
24081	264	17239	17238	17435	1	197	3	92
24081	265	17226	17225	17422	1	197	3	92
24081	266	17245	17242	17440	3	198	4	92
24081	267	17245	17243	17439	2	196	4	92
24081	268	17241	17238	17437	3	199	5	92
24081	269	17225	17222	17420	3	198	4	92
24081	270	17244	17243	17439	1	196	4	92
24081	271	17244	17243	17439	1	196	4	92
24081	272	17244	17242	17438	2	196	4	92
24081	273	17222	17220	17417	2	197	3	92
24081	274	17244	17242	17440	2	198	4	92
24081	275	17245	17243	17439	2	196	4	92
24081	276	17244	17242	17440	2	198	4	92
24081	277	17221	17221	17416	0	195	3	92
24081	278	17244	17241	17440	3	199	5	92
24081	279	17245	17241	17440	4	199	5	92
24081	280	17244	17241	17440	3	199	5	92
24081	281	17220	17219	17416	1	197	3	92
24081	282	17245	17243	17439	2	196	4	92
24081	283	17245	17242	17440	3	198	4	92
24081	284	17244	17243	17439	1	196	4	92
24081	285	17221	17220	17415	1	195	3	92
24081	286	17242	17242	17437	0	195	3	92
24081	287	17244	17241	17440	3	199	5	92
24081	288	17244	17242	17439	2	197	5	92
24081	289	17222	17220	17418	2	198	4	92
24081	290	17243	17240	17438	3	198	4	92
24081	291	17245	17243	17439	2	196	4	92
24081	292	17244	17243	17439	1	196	4	92
24081	293	17222	17220	17418	2	198	4	92
24081	294	17242	17241	17438	1	197	3	92
24081	295	17245	17243	17441	2	198	4	92
24081	296	17244	17242	17440	2	198	4	92
24081	297	17223	17220	17417	3	197	5	92
24081	298	17242	17241	17437	1	196	4	92
24081	299	17244	17242	17439	2	197	5	92
24081	300	17244	17242	17440	2	198	4	92
24081	301	17222	17219	17419	3	200	4	92
24081	302	17242	17242	17437	0	195	3	92
24081	303	17245	17242	17439	3	197	5	92
24081	304	17245	17241	17441	4	200	5	92
24081	305	17222	17220	17418	2	198	4	92
24081	306	17243	17242	17437	1	195	3	92
24081	307	17242	17242	17437	0	195	3	92
24081	308	17245	17243	17439	2	196	4	92
24081	309	17222	17221	17417	1	196	4	92
24081	310	17244	17242	17438	2	196	4	92
24081	311	17243	17242	17437	1	195	3	92
24081	312	17244	17242	17440	2	198	4	92
24081	313	17222	17219	17418	3	199	5	92
24081	314	17244	17242	17440	2	198	4	92
24081	315	17242	17241	17438	1	197	3	92
24081	316	17244	17243	17439	1	196	4	92
24081	317	17223	17221	17417	2	196	4	92
24081	318	17244	17242	17440	2	198	4	92
24081	319	17242	17242	17437	0	195	3	92
24081	320	17244	17243	17439	1	196	4	92
24081	321	17222	17219	17416	3	197	5	92
24081	322	17244	17242	17439	2	197	5	92
24081	323	17242	17240	17438	2	198	4	92
24081	324	17243	17242	17437	1	195	3	92
24081	325	17223	17220	17418	3	198	4	92
24081	326	17244	17243	17439	1	196	4	92
24081	327	17245	17243	17439	2	196	4	92
24081	328	17242	17242	17437	0	195	3	92
24081	329	17223	17221	17419	2	198	4	92
24081	330	17244	17242	17440	2	198	4	92
24081	331	17244	17241	17438	3	197	5	92
24081	332	17242	17241	17437	1	196	4	92
24081	333	17222	17220	17416	2	196	4	92
24081	334	17244	17243	17439	1	196	4	92
24081	335	17245	17242	17439	3	197	5	92
24081	336	17242	17242	17437	0	195	3	92
24081	337	17222	17220	17418	2	198	4	92
24081	338	17244	17243	17439	1	196	4	92
24081	339	17244	17242	17440	2	198	4	92
24081	340	17243	17241	17437	2	196	4	92
24081	341	17223	17220	17417	3	197	5	92
24081	342	17244	17242	17440	2	198	4	92
24081	343	17244	17243	17439	1	196	4	92
24081	344	17242	17241	17438	1	197	3	92
24081	345	17220	17219	17414	1	195	3	92
24081	346	17244	17243	17439	1	196	4	92
24081	347	17244	17241	17467	3	226	6	93
24081	348	17244	17242	17440	2	198	4	92
24081	349	17221	17219	17417	2	198	4	92
24081	350	17245	17241	17440	4	199	5	92
24081	351	17244	17243	17439	1	196	4	92
24081	352	17245	17243	17439	2	196	4	92
24081	353	17220	17219	17416	1	197	3	92
24081	354	17245	17242	17440	3	198	4	92
24081	355	17245	17242	17440	3	198	4	92
24081	356	17244	17243	17439	1	196	4	92
24081	357	17220	17218	17416	2	198	4	92
24081	358	17245	17241	17440	4	199	5	92
24081	359	17245	17242	17439	3	197	5	92
24081	360	17244	17242	17438	2	196	4	92
24081	361	17222	17220	17417	2	197	3	92
24081	362	17245	17243	17440	2	197	4	92
24081	363	17244	17242	17438	2	196	4	92
24081	364	17245	17242	17440	3	198	4	92
24081	365	17222	17219	17417	3	198	4	92
24081	366	17243	17242	17437	1	195	3	92
24081	367	17244	17241	17438	3	197	5	92
24081	368	17244	17241	17440	3	199	5	92
24081	369	17223	17220	17420	3	200	4	92
24081	370	17242	17241	17437	1	196	4	92
24081	371	17245	17242	17440	3	198	4	92
24081	372	17245	17242	17440	3	198	4	92
24081	373	17222	17221	17417	1	196	4	92
24081	374	17242	17242	17437	0	195	3	92
24081	375	17244	17242	17440	2	198	4	92
24081	376	17245	17241	17438	4	197	5	92
24081	377	17222	17219	17418	3	199	5	92
24081	378	17242	17241	17438	1	197	3	92
24081	379	17245	17242	17442	3	200	4	92
24081	380	17245	17242	17440	3	198	4	92
24081	381	17223	17220	17420	3	200	4	92
24081	382	17242	17242	17437	0	195	3	92
24081	383	17242	17241	17438	1	197	3	92
24081	384	17244	17242	17439	2	197	5	92
24081	385	17222	17220	17417	2	197	5	92
24081	386	17244	17242	17439	2	197	5	92
24081	387	17242	17241	17438	1	197	3	92
24081	388	17245	17243	17439	2	196	4	92
24081	389	17222	17220	17418	2	198	4	92
24081	390	17244	17242	17440	2	198	4	92
24081	391	17242	17241	17438	1	197	3	92
24081	392	17245	17242	17440	3	198	4	92
24081	393	17223	17220	17419	3	199	5	92
24081	394	17245	17241	17438	4	197	5	92
24081	395	17243	17241	17436	2	195	3	92
24081	396	17245	17242	17440	3	198	4	92
24081	397	17222	17219	17418	3	199	4	92
24081	398	17244	17243	17439	1	196	4	92
24081	399	17242	17242	17437	0	195	3	92
24081	400	17244	17242	17439	2	197	5	92
24081	401	17222	17219	17418	3	199	5	92
24081	402	17244	17243	17439	1	196	4	92
24081	403	17243	17241	17442	2	201	4	92
24081	404	17242	17242	17437	0	195	3	92
24081	405	17224	17221	17418	3	197	4	92
24081	406	17244	17242	17440	2	198	4	92
24081	407	17244	17242	17440	2	198	4	92
24081	408	17242	17241	17438	1	197	3	92
24081	409	17224	17221	17420	3	199	5	92
24081	410	17243	17240	17439	3	199	5	92
24081	411	17245	17242	17438	3	196	4	92
24081	412	17242	17242	17437	0	195	3	92
24081	413	17228	17225	17423	3	198	4	92
24081	414	17241	17238	17436	3	198	4	92
24081	415	17245	17242	17440	3	198	4	92
24081	416	17242	17241	17438	1	197	3	92
24081	417	17228	17224	17423	4	199	5	92
24081	418	17240	17238	17434	2	196	4	92
24081	419	17244	17241	17440	3	199	5	92
24081	420	17243	17241	17437	2	196	4	92
24081	421	17228	17227	17425	1	198	4	92
24081	422	17238	17235	17434	3	199	4	92
24081	423	17244	17243	17439	1	196	4	92
24081	424	17245	17243	17439	2	196	4	92
24081	425	17233	17231	17428	2	197	3	92
24081	426	17235	17233	17429	2	196	4	92
24081	427	17245	17242	17438	3	196	4	92
24081	428	17246	17242	17441	4	199	5	92
24081	429	17232	17229	17425	3	196	4	92
24081	430	17235	17232	17430	3	198	4	92
24081	431	17245	17242	17438	3	196	4	92
24081	432	17244	17242	17439	2	197	5	92
24081	433	17235	17234	17429	1	195	3	92
24081	434	17232	17230	17426	2	196	4	92
24081	435	17244	17243	17439	1	196	4	92
24081	436	17245	17241	17440	4	199	4	92
24081	437	17237	17236	17433	1	197	3	92
24081	438	17229	17226	17423	3	197	5	92
24081	439	17244	17241	17440	3	199	5	92
24081	440	17244	17242	17439	2	197	5	92
24081	441	17237	17236	17436	1	200	4	92
24081	442	17227	17226	17423	1	197	3	92
24081	443	17244	17242	17440	2	198	4	92
24081	444	17244	17243	17439	1	196	4	92
24081	445	17243	17240	17438	3	198	4	92
24081	446	17224	17224	17419	0	195	3	92
24081	447	17244	17243	17439	1	196	4	92
24081	448	17244	17242	17439	2	197	5	92
24081	449	17242	17239	17438	3	199	5	92
24081	450	17223	17223	17418	0	195	3	92
24081	451	17245	17243	17439	2	196	4	92
24081	452	17245	17242	17440	3	198	4	92
24081	453	17244	17242	17440	2	198	4	92
24081	454	17221	17221	17416	0	195	3	92
24081	455	17244	17242	17440	2	198	4	92
24081	456	17244	17242	17440	2	198	4	92
24081	457	17244	17242	17440	2	198	4	92
24081	458	17222	17221	17418	1	197	3	92
24081	459	17242	17241	17438	1	197	3	92
24081	460	17244	17242	17440	2	198	4	92
24081	461	17245	17242	17440	3	198	4	92
24081	462	17222	17220	17418	2	198	4	92
24081	463	17242	17242	17437	0	195	3	92
24081	464	17245	17242	17439	3	197	5	92
24081	465	17245	17241	17442	4	201	5	92
24081	466	17222	17221	17417	1	196	4	92
24081	467	17242	17242	17437	0	195	3	92
24081	468	17245	17242	17440	3	198	4	92
24081	469	17244	17242	17440	2	198	4	92
24081	470	17223	17221	17417	2	196	4	92
24081	471	17242	17242	17437	0	195	3	92
24081	472	17244	17241	17440	3	199	5	92
24081	473	17245	17242	17439	3	197	5	92
24081	474	17221	17219	17416	2	197	5	92
24081	475	17242	17242	17437	0	195	3	92
24081	476	17242	17241	17438	1	197	3	92
24081	477	17244	17243	17439	1	196	4	92
24081	478	17223	17220	17419	3	199	4	92
24081	479	17245	17242	17441	3	199	4	92
24081	480	17242	17241	17436	1	195	3	92
24081	481	17244	17243	17439	1	196	4	92
24081	482	17222	17219	17418	3	199	5	92
24081	483	17244	17242	17440	2	198	4	92
24081	484	17242	17242	17437	0	195	3	92
24081	485	17245	17242	17440	3	198	4	92
24081	486	17223	17220	17416	3	196	4	92
24081	487	17244	17242	17438	2	196	4	92
24081	488	17242	17242	17437	0	195	3	92
24081	489	17245	17242	17440	3	198	4	92
24081	490	17224	17221	17417	3	196	4	92
24081	491	17245	17241	17442	4	201	5	92
24081	492	17243	17241	17437	2	196	4	92
24081	493	17245	17242	17438	3	196	4	92
24081	494	17222	17220	17416	2	196	4	92
24081	495	17244	17242	17438	2	196	4	92
24081	496	17244	17242	17438	2	196	4	92
24081	497	17242	17241	17438	1	197	3	92
24081	498	17223	17220	17420	3	200	4	92
24081	499	17245	17242	17440	3	198	4	92
24081	500	17244	17242	17440	2	198	4	92
24081	501	17243	17241	17438	2	197	3	92
24081	502	17223	17221	17419	2	198	4	92
24081	503	17244	17242	17438	2	196	4	92
24081	504	17244	17242	17438	2	196	4	92
24081	505	17243	17242	17437	1	195	3	92
24081	506	17222	17219	17416	3	197	5	92
24081	507	17244	17242	17440	2	198	4	92
24081	508	17244	17242	17440	2	198	4	92
24081	509	17242	17241	17438	1	197	3	92
24081	510	17223	17221	17417	2	196	4	92
24081	511	17245	17242	17440	3	198	4	92
24081	512	17245	17242	17440	3	198	4	92
24081	513	17242	17242	17437	0	195	3	92
24081	514	17220	17219	17416	1	197	3	92
24081	515	17244	17242	17439	2	197	5	92
24081	516	17245	17241	17438	4	197	5	92
24081	517	17244	17242	17439	2	197	5	92
24081	518	17220	17219	17414	1	195	3	92
24081	519	17244	17243	17439	1	196	4	92
24081	520	17244	17242	17440	2	198	4	92
24081	521	17244	17242	17440	2	198	4	92
24081	522	17222	17219	17415	3	196	4	92
24081	523	17244	17243	17439	1	196	4	92
24081	524	17245	17242	17440	3	198	4	92
24081	525	17245	17242	17438	3	196	4	92
24081	526	17220	17218	17417	2	199	3	92
24081	527	17245	17243	17439	2	196	4	92
24081	528	17244	17242	17440	2	198	4	92
24081	529	17245	17242	17440	3	198	4	92
24081	530	17221	17219	17416	2	197	3	92
24081	531	17245	17242	17438	3	196	4	92
24081	532	17244	17242	17439	2	197	5	92
24081	533	17244	17242	17439	2	197	5	92
24081	534	17223	17221	17419	2	198	4	92
24081	535	17242	17241	17438	1	197	3	92
24081	536	17245	17242	17440	3	198	4	92
24081	537	17245	17242	17439	3	197	5	92
24081	538	17221	17220	17416	1	196	4	92
24081	539	17243	17241	17440	2	199	3	92
24081	540	17245	17242	17440	3	198	4	92
24081	541	17245	17242	17438	3	196	4	92
24081	542	17222	17220	17417	2	197	5	92
24081	543	17243	17240	17438	3	198	4	92
24081	544	17244	17242	17438	2	196	4	92
24081	545	17244	17242	17438	2	196	4	92
24081	546	17222	17220	17418	2	198	4	92
24081	547	17242	17242	17437	0	195	3	92
24081	548	17245	17242	17440	3	198	4	92
24081	549	17245	17242	17440	3	198	4	92
24081	550	17222	17220	17418	2	198	4	92
24081	551	17243	17241	17437	2	196	4	92
24081	552	17242	17241	17437	1	196	4	92
24081	553	17245	17242	17442	3	200	4	92
24081	554	17223	17221	17419	2	198	4	92
24081	555	17245	17242	17470	3	228	7	93
24081	556	17243	17241	17438	2	197	3	92
24081	557	17245	17243	17439	2	196	4	92
24081	558	17222	17220	17416	2	196	4	92
24081	559	17244	17242	17440	2	198	4	92
24081	560	17243	17241	17440	2	199	3	92
24081	561	17244	17242	17439	2	197	5	92
24081	562	17222	17221	17417	1	196	4	92
24081	563	17245	17242	17440	3	198	4	92
24081	564	17243	17240	17438	3	198	4	92
24081	565	17245	17243	17441	2	198	4	92
24081	566	17223	17220	17420	3	200	4	92
24081	567	17245	17242	17440	3	198	4	92
24081	568	17243	17242	17437	1	195	3	92
24081	569	17244	17243	17439	1	196	4	92
24081	570	17222	17219	17418	3	199	5	92
24081	571	17244	17241	17440	3	199	5	92
24081	572	17243	17242	17439	1	197	3	92
24081	573	17242	17242	17437	0	195	3	92
24081	574	17223	17221	17417	2	196	4	92
24081	575	17244	17242	17440	2	198	4	92
24081	576	17244	17242	17440	2	198	4	92
24081	577	17242	17242	17437	0	195	3	92
24081	578	17222	17220	17418	2	198	4	92
24081	579	17245	17242	17438	3	196	4	92
24081	580	17245	17242	17439	3	197	5	92
24081	581	17242	17240	17438	2	198	4	92
24081	582	17222	17219	17418	3	199	5	92
24081	583	17245	17242	17442	3	200	4	92
24081	584	17244	17242	17440	2	198	4	92
24081	585	17243	17242	17437	1	195	3	92
24081	586	17223	17221	17419	2	198	4	92
24081	587	17245	17243	17439	2	196	4	92
24081	588	17244	17242	17440	2	198	4	92
24081	589	17243	17241	17436	2	195	3	92
24081	590	17222	17219	17416	3	197	5	92
24081	591	17244	17241	17440	3	199	5	92
24081	592	17245	17243	17439	2	196	4	92
24081	593	17245	17242	17438	3	196	4	92
24081	594	17221	17219	17414	2	195	3	92
24081	595	17244	17242	17440	2	198	4	92
24081	596	17244	17242	17440	2	198	4	92
24081	597	17245	17243	17439	2	196	4	92
24081	598	17221	17220	17417	1	197	3	92
24081	599	17244	17242	17439	2	197	5	92
24081	600	17245	17241	17440	4	199	5	92
24081	601	17245	17241	17440	4	199	5	92
24081	602	17220	17219	17416	1	197	3	92
24081	603	17244	17243	17439	1	196	4	92
24081	604	17244	17242	17440	2	198	4	92
24081	605	17245	17243	17439	2	196	4	92
24081	606	17221	17220	17415	1	195	3	92
24081	607	17244	17243	17439	1	196	4	92
24081	608	17244	17243	17439	1	196	4	92
24081	609	17244	17242	17439	2	197	5	92
24081	610	17220	17218	17416	2	198	4	92
24081	611	17243	17241	17436	2	195	3	92
24081	612	17245	17242	17440	3	198	4	92
24081	613	17244	17242	17440	2	198	4	92
24081	614	17223	17221	17415	2	194	4	92
24081	615	17242	17241	17438	1	197	3	92
24081	616	17244	17243	17439	1	196	4	92
24081	617	17245	17242	17438	3	196	4	92
24081	618	17224	17221	17417	3	196	4	92
24081	619	17242	17240	17438	2	198	4	92
24081	620	17244	17241	17440	3	199	5	92
24081	621	17245	17243	17439	2	196	4	92
24081	622	17222	17220	17416	2	196	4	92
24081	623	17243	17241	17438	2	197	3	92
24081	624	17244	17243	17439	1	196	4	92
24081	625	17245	17243	17439	2	196	4	92
24081	626	17222	17220	17418	2	198	4	92
24081	627	17242	17240	17438	2	198	4	92
24081	628	17244	17242	17439	2	197	5	92
24081	629	17244	17242	17439	2	197	5	92
24081	630	17223	17221	17417	2	196	4	92
24081	631	17242	17241	17438	1	197	3	92
24081	632	17243	17241	17438	2	197	3	92
24081	633	17244	17243	17439	1	196	4	92
24081	634	17233	17223	17427	10	204	6	94
24081	635	17245	17242	17440	3	198	4	92
24081	636	17242	17241	17438	1	197	3	92
24081	637	17244	17243	17439	1	196	4	92
24081	638	17223	17219	17417	4	198	5	92
24081	639	17244	17241	17440	3	199	5	92
24081	640	17242	17241	17438	1	197	3	92
24081	641	17245	17242	17440	3	198	4	92
24081	642	17222	17220	17416	2	196	4	92
24081	643	17244	17242	17440	2	198	4	92
24081	644	17242	17240	17438	2	198	4	92
24081	645	17244	17242	17440	2	198	4	92
24081	646	17222	17220	17418	2	198	4	92
24081	647	17244	17241	17440	3	199	5	92
24081	648	17242	17241	17437	1	196	4	92
24081	649	17244	17242	17439	2	197	5	92
24081	650	17224	17221	17419	3	198	4	92
24081	651	17244	17242	17440	2	198	4	92
24081	652	17243	17241	17438	2	197	3	92
24081	653	17243	17242	17437	1	195	3	92
24081	654	17222	17219	17419	3	200	4	92
24081	655	17245	17242	17440	3	198	4	92
24081	656	17244	17242	17440	2	198	4	92
24081	657	17242	17242	17437	0	195	3	92
24081	658	17222	17220	17417	2	197	5	92
24081	659	17244	17241	17440	3	199	5	92
24081	660	17244	17242	17440	2	198	4	92
24081	661	17242	17242	17437	0	195	3	92
24081	662	17223	17221	17419	2	198	4	92
24081	663	17245	17242	17440	3	198	4	92
24081	664	17244	17242	17440	2	198	4	92
24081	665	17243	17242	17438	1	196	3	92
24081	666	17224	17221	17418	3	197	5	92
24081	667	17244	17242	17438	2	196	4	92
24081	668	17245	17242	17442	3	200	4	92
24081	669	17243	17241	17440	2	199	3	92
24081	670	17226	17223	17420	3	197	5	92
24081	671	17242	17239	17436	3	197	5	92
24081	672	17244	17242	17438	2	196	4	92
24081	673	17243	17241	17438	2	197	3	92
24081	674	17225	17224	17421	1	197	3	92
24081	675	17241	17239	17436	2	197	4	92
24081	676	17245	17241	17440	4	199	5	92
24081	677	17244	17242	17440	2	198	4	92
24081	678	17227	17225	17423	2	198	4	92
24081	679	17239	17237	17434	2	197	5	92
24081	680	17245	17242	17439	3	197	5	92
24081	681	17245	17242	17440	3	198	4	92
24081	682	17230	17230	17425	0	195	3	92
24081	683	17237	17234	17434	3	200	4	92
24081	684	17244	17243	17439	1	196	4	92
24081	685	17245	17242	17440	3	198	4	92
24081	686	17229	17228	17425	1	197	3	92
24081	687	17237	17235	17432	2	197	4	92
24081	688	17245	17241	17442	4	201	5	92
24081	689	17245	17242	17439	3	197	5	92
24081	690	17233	17232	17427	1	195	3	92
24081	691	17234	17232	17428	2	196	4	92
24081	692	17244	17242	17440	2	198	4	92
24081	693	17244	17243	17439	1	196	4	92
24081	694	17235	17234	17431	1	197	3	92
24081	695	17229	17228	17424	1	196	4	92
24081	696	17244	17242	17439	2	197	5	92
24081	697	17244	17242	17439	2	197	5	92
24081	698	17236	17233	17432	3	199	5	92
24081	699	17230	17229	17424	1	195	3	92
24081	700	17244	17242	17438	2	196	4	92
24081	701	17245	17243	17439	2	196	4	92
24081	702	17240	17237	17434	3	197	5	92
24081	703	17226	17226	17421	0	195	3	92
24081	704	17244	17242	17440	2	198	4	92
24081	705	17244	17243	17439	1	196	4	92
24081	706	17239	17237	17435	2	198	4	92
24081	707	17228	17226	17423	2	197	3	92
24081	708	17244	17242	17439	2	197	5	92
24081	709	17245	17242	17440	3	198	4	92
24081	710	17241	17240	17436	1	196	4	92
24081	711	17226	17225	17422	1	197	3	92
24081	712	17244	17242	17440	2	198	4	92
24081	713	17244	17243	17439	1	196	4	92
24081	714	17243	17239	17436	4	197	5	92
24081	715	17226	17224	17421	2	197	4	92
24081	716	17243	17242	17437	1	195	3	92
24081	717	17245	17242	17440	3	198	4	92
24081	718	17243	17242	17438	1	196	4	92
24081	719	17225	17222	17420	3	198	4	92
24081	720	17243	17241	17438	2	197	3	92
24081	721	17244	17242	17439	2	197	5	92
24081	722	17245	17241	17440	4	199	5	92
24081	723	17223	17221	17419	2	198	4	92
24081	724	17242	17241	17438	1	197	3	92
24081	725	17244	17243	17439	1	196	4	92
24081	726	17245	17242	17440	3	198	4	92
24081	727	17223	17221	17419	2	198	4	92
24081	728	17242	17241	17438	1	197	3	92
24081	729	17244	17242	17438	2	196	4	92
24081	730	17245	17242	17439	3	197	5	92
24081	731	17222	17218	17419	4	201	5	92
24081	732	17242	17241	17438	1	197	3	92
24081	733	17243	17241	17438	2	197	3	92
24081	734	17245	17242	17440	3	198	4	92
24081	735	17222	17221	17417	1	196	4	92
24081	736	17244	17242	17438	2	196	4	92
24081	737	17242	17242	17437	0	195	3	92
24081	738	17244	17241	17440	3	199	5	92
24081	739	17222	17219	17416	3	197	5	92
24081	740	17245	17241	17440	4	199	5	92
24081	741	17242	17241	17436	1	195	3	92
24081	742	17244	17242	17438	2	196	4	92
24081	743	17222	17219	17418	3	199	5	92
24081	744	17244	17242	17440	2	198	4	92
24081	745	17242	17242	17437	0	195	3	92
24081	746	17244	17243	17439	1	196	4	92
24081	747	17223	17222	17418	1	196	4	92
24081	748	17244	17242	17440	2	198	4	92
24081	749	17242	17242	17437	0	195	3	92
24081	750	17245	17241	17438	4	197	5	92
24081	751	17221	17220	17416	1	196	4	92
24081	752	17244	17243	17439	1	196	4	92
24081	753	17242	17241	17438	1	197	3	92
24081	754	17243	17241	17438	2	197	3	92
24081	755	17222	17221	17417	1	196	4	92
24081	756	17245	17242	17442	3	200	4	92
24081	757	17245	17242	17439	3	197	5	92
24081	758	17242	17240	17438	2	198	4	92
24081	759	17223	17221	17417	2	196	4	92
24081	760	17245	17243	17439	2	196	4	92
24081	761	17244	17243	17439	1	196	4	92
24081	762	17243	17241	17436	2	195	3	92
24081	763	17222	17220	17417	2	197	4	92
24081	764	17245	17243	17439	2	196	4	92
24081	765	17244	17242	17440	2	198	4	92
24081	766	17242	17242	17437	0	195	3	92
24081	767	17223	17219	17420	4	201	5	92
24081	768	17244	17242	17439	2	197	5	92
24081	769	17244	17243	17439	1	196	4	92
24081	770	17243	17241	17438	2	197	3	92
24081	771	17223	17220	17416	3	196	4	92
24081	772	17244	17242	17439	2	197	4	92
24081	773	17244	17243	17439	1	196	4	92
24081	774	17244	17243	17439	1	196	4	92
24081	775	17220	17218	17416	2	198	4	92
24081	776	17245	17241	17440	4	199	5	92
24081	777	17245	17243	17439	2	196	4	92
24081	778	17244	17242	17440	2	198	4	92
24081	779	17221	17219	17418	2	199	3	92
24081	780	17244	17242	17440	2	198	4	92
24081	781	17244	17243	17439	1	196	4	92
24081	782	17245	17242	17440	3	198	4	92
24081	783	17220	17218	17417	2	199	3	92
24081	784	17245	17241	17441	4	200	5	92
24081	785	17245	17241	17438	4	197	5	92
24081	786	17244	17242	17439	2	197	5	92
24081	787	17220	17219	17416	1	197	3	92
24081	788	17245	17243	17439	2	196	4	92
24081	789	17244	17243	17439	1	196	4	92
24081	790	17245	17242	17438	3	196	4	92
24081	791	17221	17220	17417	1	197	3	92
24081	792	17242	17241	17438	1	197	3	92
24081	793	17245	17241	17438	4	197	5	92
24081	794	17244	17243	17439	1	196	4	92
24081	795	17222	17219	17418	3	199	5	92
24081	796	17243	17241	17438	2	197	3	92
24081	797	17244	17243	17439	1	196	4	92
24081	798	17245	17242	17442	3	200	4	92
24081	799	17222	17221	17417	1	196	4	92
24081	800	17242	17241	17438	1	197	3	92
24081	801	17244	17242	17440	2	198	4	92
24081	802	17245	17242	17442	3	200	4	92
24081	803	17222	17220	17416	2	196	4	92
24081	804	17242	17241	17438	1	197	3	92
24081	805	17245	17242	17439	3	197	5	92
24081	806	17244	17242	17439	2	197	5	92
24081	807	17222	17219	17416	3	197	5	92
24081	808	17243	17241	17440	2	199	3	92
24081	809	17244	17243	17439	1	196	4	92
24081	810	17245	17242	17440	3	198	4	92
24081	811	17223	17221	17417	2	196	4	92
24081	812	17242	17241	17437	1	196	4	92
24081	813	17243	17241	17438	2	197	3	92
24081	814	17244	17242	17439	2	197	4	92
24081	815	17222	17219	17418	3	199	5	92
24081	816	17245	17241	17440	4	199	5	92
24081	817	17243	17242	17437	1	195	3	92
24081	818	17244	17242	17438	2	196	4	92
24081	819	17222	17221	17417	1	196	4	92
24081	820	17244	17243	17439	1	196	4	92
24081	821	17242	17241	17438	1	197	3	92
24081	822	17244	17243	17439	1	196	4	92
24081	823	17223	17220	17420	3	200	4	92
24081	824	17244	17242	17439	2	197	5	92
24081	825	17242	17241	17437	1	196	4	92
24081	826	17244	17242	17439	2	197	5	92
24081	827	17222	17220	17418	2	198	4	92
24081	828	17244	17243	17439	1	196	4	92
24081	829	17242	17242	17437	0	195	3	92
24081	830	17245	17242	17441	3	199	4	92
24081	831	17222	17220	17416	2	196	4	92
24081	832	17245	17242	17442	3	200	4	92
24081	833	17242	17241	17438	1	197	3	92
24081	834	17242	17240	17438	2	198	4	92
24081	835	17221	17219	17416	2	197	5	92
24081	836	17244	17243	17439	1	196	4	92
24081	837	17247	17245	17443	2	198	4	92
24081	838	17243	17241	17438	2	197	3	92
24081	839	17222	17219	17415	3	196	4	92
24081	840	17244	17242	17440	2	198	4	92
24081	841	17244	17242	17440	2	198	4	92
24081	842	17243	17241	17439	2	198	3	92
24081	843	17228	17226	17423	2	197	5	92
24081	844	17240	17237	17434	3	197	5	92
24081	845	17245	17241	17438	4	197	5	92
24081	846	17243	17241	17437	2	196	4	92
24081	847	17233	17231	17429	2	198	4	92
24081	848	17233	17232	17428	1	196	4	92
24081	849	17245	17242	17440	3	198	4	92
24081	850	17242	17241	17438	1	197	3	92
24081	851	17242	17239	17439	3	200	4	92
24081	852	17226	17224	17420	2	196	4	92
24081	853	17244	17241	17440	3	199	5	92
24081	854	17244	17242	17439	2	197	5	92
24081	855	17243	17241	17438	2	197	3	92
24081	856	17223	17220	17420	3	200	4	92
24081	857	17244	17243	17439	1	196	4	92
24081	858	17245	17243	17439	2	196	4	92
24081	859	17243	17241	17440	2	199	3	92
24081	860	17222	17220	17416	2	196	4	92
24081	861	17245	17242	17442	3	200	4	92
24081	862	17245	17242	17440	3	198	4	92
24081	863	17242	17241	17437	1	196	4	92
24081	864	17223	17219	17416	4	197	5	92
24081	865	17244	17243	17439	1	196	4	92
24081	866	17244	17242	17439	2	197	5	92
24081	867	17242	17242	17437	0	195	3	92
24081	868	17221	17220	17416	1	196	4	92
24081	869	17245	17242	17441	3	199	4	92
24081	870	17244	17242	17440	2	198	4	92
24081	871	17243	17242	17437	1	195	3	92
24081	872	17220	17218	17414	2	196	4	92
24081	873	17245	17242	17441	3	199	4	92
24081	874	17244	17242	17440	2	198	4	92
24081	875	17244	17242	17440	2	198	4	92
24081	876	17221	17219	17415	2	196	4	92
24081	877	17245	17244	17440	1	196	4	92
24081	878	17247	17243	17444	4	201	5	92
24081	879	17244	17243	17439	1	196	4	92
24081	880	17220	17218	17415	2	197	3	92
24081	881	17244	17242	17438	2	196	4	92
24081	882	17244	17241	17440	3	199	5	92
24081	883	17244	17242	17439	2	197	5	92
24081	884	17220	17218	17414	2	196	4	92
24081	885	17245	17242	17440	3	198	4	92
24081	886	17244	17243	17439	1	196	4	92
24081	887	17245	17242	17440	3	198	4	92
24081	888	17229	17228	17423	1	195	3	92
24081	889	17238	17235	17432	3	197	5	92
24081	890	17244	17242	17440	2	198	4	92
24081	891	17244	17242	17439	2	197	5	92
24081	892	17234	17232	17428	2	196	4	92
24081	893	17230	17228	17423	2	195	3	92
24081	894	17245	17243	17439	2	196	4	92
24081	895	17244	17242	17440	2	198	4	92
24081	896	17245	17242	17439	3	197	4	92
24081	897	17221	17220	17417	1	197	3	92
24081	898	17245	17242	17441	3	199	4	92
24081	899	17244	17243	17439	1	196	4	92
24081	900	17245	17243	17439	2	196	4	92
24081	901	17220	17217	17417	3	200	4	92
24081	902	17244	17241	17440	3	199	5	92
24081	903	17244	17242	17440	2	198	4	92
24081	904	17244	17242	17440	2	198	4	92
24081	905	17220	17218	17417	2	199	3	92
24081	906	17244	17242	17438	2	196	4	92
24081	907	17244	17242	17440	2	198	4	92
24081	908	17244	17242	17440	2	198	4	92
24081	909	17221	17220	17415	1	195	3	92
24081	910	17245	17241	17438	4	197	5	92
24081	911	17244	17241	17440	3	199	5	92
24081	912	17244	17242	17439	2	197	5	92
24081	913	17220	17218	17415	2	197	3	92
24081	914	17243	17242	17437	1	195	3	92
24081	915	17244	17243	17439	1	196	4	92
24081	916	17244	17243	17439	1	196	4	92
24081	917	17222	17220	17416	2	196	4	92
24081	918	17243	17242	17439	1	197	3	92
24081	919	17244	17242	17440	2	198	4	92
24081	920	17247	17243	17443	4	200	6	92
24081	921	17222	17220	17417	2	197	5	92
24081	922	17243	17240	17438	3	198	4	92
24081	923	17244	17242	17440	2	198	4	92
24081	924	17245	17242	17438	3	196	4	92
24081	925	17227	17225	17423	2	198	4	92
24081	926	17238	17237	17432	1	195	3	92
24081	927	17245	17242	17439	3	197	5	92
24081	928	17245	17241	17440	4	199	5	92
24081	929	17237	17234	17431	3	197	5	92
24081	930	17229	17228	17423	1	195	3	92
24081	931	17244	17241	17440	3	199	5	92
24081	932	17245	17242	17440	3	198	4	92
24081	933	17242	17240	17436	2	196	4	92
24081	934	17226	17224	17420	2	196	4	92
24081	935	17242	17241	17438	1	197	3	92
24081	936	17244	17243	17439	1	196	4	92
24081	937	17244	17243	17439	1	196	4	92
24081	938	17222	17219	17416	3	197	5	92
24081	939	17242	17241	17437	1	196	4	92
24081	940	17244	17242	17439	2	197	5	92
24081	941	17244	17241	17440	3	199	5	92
24081	942	17223	17221	17417	2	196	4	92
24081	943	17243	17241	17436	2	195	3	92
24081	944	17245	17243	17439	2	196	4	92
24081	945	17244	17242	17440	2	198	4	92
24081	946	17221	17219	17417	2	198	4	92
24081	947	17243	17240	17438	3	198	4	92
24081	948	17245	17241	17440	4	199	5	92
24081	949	17244	17241	17440	3	199	5	92
24081	950	17222	17219	17417	3	198	4	92
24081	951	17243	17241	17438	2	197	3	92
24081	952	17244	17243	17439	1	196	4	92
24081	953	17245	17243	17439	2	196	4	92
24081	954	17222	17220	17416	2	196	4	92
24081	955	17244	17243	17439	1	196	4	92
24081	956	17243	17241	17438	2	197	3	92
24081	957	17244	17242	17440	2	198	4	92
24081	958	17230	17226	17425	4	199	5	92
24081	959	17238	17235	17432	3	197	5	92
24081	960	17242	17241	17436	1	195	3	92
24081	961	17244	17243	17439	1	196	4	92
24081	962	17241	17240	17436	1	196	4	92
24081	963	17225	17224	17420	1	196	4	92
24081	964	17242	17242	17437	0	195	3	92
24081	965	17245	17242	17440	3	198	4	92
24081	966	17244	17242	17440	2	198	4	92
24081	967	17221	17219	17416	2	197	5	92
24081	968	17242	17240	17438	2	198	4	92
24081	969	17245	17242	17438	3	196	4	92
24081	970	17245	17242	17438	3	196	4	92
24081	971	17221	17219	17417	2	198	4	92
24081	972	17243	17241	17436	2	195	3	92
24081	973	17242	17241	17438	1	197	3	92
24081	974	17244	17243	17439	1	196	4	92
24081	975	17222	17221	17417	1	196	4	92
24081	976	17245	17242	17438	3	196	4	92
24081	977	17242	17241	17437	1	196	4	92
24081	978	17244	17242	17439	2	197	5	92
24081	979	17221	17219	17417	2	198	4	92
24081	980	17245	17242	17440	3	198	4	92
24081	981	17242	17241	17438	1	197	3	92
24081	982	17245	17242	17442	3	200	4	92
24081	983	17224	17222	17418	2	196	4	92
24081	984	17243	17242	17438	1	196	4	92
24081	985	17243	17241	17440	2	199	3	92
24081	986	17244	17241	17440	3	199	5	92
24081	987	17236	17232	17431	4	199	5	92
24081	988	17233	17231	17427	2	196	4	92
24081	989	17242	17241	17436	1	195	3	92
24081	990	17244	17242	17439	2	197	4	92
24081	991	17244	17240	17439	4	199	5	92
24081	992	17224	17222	17418	2	196	4	92
24081	993	17243	17241	17438	2	197	3	92
24081	994	17243	17241	17438	2	197	3	92
24081	995	17244	17243	17439	1	196	4	92
24081	996	17222	17220	17418	2	198	4	92
24081	997	17245	17241	17440	4	199	5	92
24081	998	17242	17241	17438	1	197	3	92
24081	999	17244	17243	17439	1	196	4	92
24081	1000	17222	17219	17417	3	198	4	92
