RUNID	ITERNUM	METIME	PRTIME	TPRTIME	DIFF	TDIFF	NRPROCS	NPROCS
24141	1	17550	17241	17750	309	509	4	95
24141	2	17537	17242	17738	295	496	4	95
24141	3	17392	17241	17593	151	352	3	95
24141	4	17544	17242	17745	302	503	4	95
24141	5	17539	17243	17741	296	498	4	95
24141	6	17545	17241	17748	304	507	4	95
24141	7	17549	17240	17753	309	513	4	95
24141	8	17396	17238	17597	158	359	3	95
24141	9	17547	17241	17749	306	508	4	95
24141	10	17540	17242	17742	298	500	4	95
24141	11	17535	17241	17736	294	495	4	95
24141	12	17392	17239	17596	153	357	3	95
24141	13	17547	17240	17747	307	507	5	95
24141	14	17542	17241	17743	301	502	4	95
24141	15	17544	17242	17745	302	503	4	95
24141	16	17548	17237	17750	311	513	4	95
24141	17	17391	17240	17592	151	352	3	95
24141	18	17544	17243	17746	301	503	4	95
24141	19	17544	17241	17744	303	503	4	95
24141	20	17546	17242	17748	304	506	4	95
24141	21	17394	17239	17597	155	358	3	95
24141	22	17393	17238	17594	155	356	3	95
24141	23	17542	17243	17744	299	501	4	95
24141	24	17549	17241	17750	308	509	4	95
24141	25	17554	17240	17756	314	516	4	95
24141	26	17396	17240	17597	156	357	3	95
24141	27	17554	17242	17754	312	512	4	95
24141	28	17545	17241	17749	304	508	4	95
24141	29	17544	17243	17744	301	501	4	95
24141	30	17386	17237	17595	149	358	3	95
24141	31	17391	17241	17593	150	352	3	95
24141	32	17537	17240	17738	297	498	4	95
24141	33	17547	17240	17748	307	508	4	95
24141	34	17548	17240	17750	308	510	4	95
24141	35	17387	17239	17590	148	351	3	95
24141	36	17542	17243	17743	299	500	4	95
24141	37	17543	17243	17744	300	501	4	95
24141	38	17543	17240	17745	303	505	4	95
24141	39	17551	17241	17751	310	510	4	95
24141	40	17387	17239	17587	148	348	4	95
24141	41	17548	17241	17749	307	508	4	95
24141	42	17545	17242	17748	303	506	4	95
24141	43	17545	17241	17747	304	506	4	95
24141	44	17399	17239	17602	160	363	3	95
24141	45	17545	17242	17747	303	505	4	95
24141	46	17548	17242	17750	306	508	5	95
24141	47	17554	17238	17755	316	517	5	95
24141	48	17537	17237	17737	300	500	4	95
24141	49	17384	17238	17584	146	346	3	95
24141	50	17550	17240	17750	310	510	4	95
24141	51	17547	17241	17747	306	506	5	95
24141	52	17538	17242	17738	296	496	4	95
24141	53	17395	17239	17596	156	357	3	95
24141	54	17391	17239	17594	152	355	4	95
24141	55	17544	17240	17744	304	504	4	95
24141	56	17548	17241	17748	307	507	4	95
24141	57	17539	17240	17740	299	500	4	95
24141	58	17396	17239	17598	157	359	3	95
24141	59	17555	17241	17755	314	514	4	95
24141	60	17538	17240	17742	298	502	4	95
24141	61	17542	17239	17745	303	506	4	95
24141	62	17387	17239	17593	148	354	3	95
24141	63	17390	17241	17590	149	349	3	95
24141	64	17539	17241	17741	298	500	4	95
24141	65	17541	17238	17744	303	506	4	95
24141	66	17546	17241	17749	305	508	4	95
24141	67	17396	17239	17597	157	358	3	95
24141	68	17547	17241	17749	306	508	4	95
24141	69	17541	17242	17744	299	502	4	95
24141	70	17540	17241	17742	299	501	4	95
24141	71	17549	17240	17751	309	511	4	95
24141	72	17387	17241	17589	146	348	3	95
24141	73	17543	17240	17745	303	505	4	95
24141	74	17544	17240	17744	304	504	4	95
24141	75	17550	17242	17752	308	510	4	95
24141	76	17388	17238	17588	150	350	4	95
24141	77	17545	17241	17746	304	505	4	95
24141	78	17545	17244	17746	301	502	4	95
24141	79	17542	17242	17744	300	502	4	95
24141	80	17540	17240	17742	300	502	4	95
24141	81	17388	17237	17591	151	354	3	95
24141	82	17543	17240	17745	303	505	4	95
24141	83	17542	17244	17742	298	498	4	95
24141	84	17549	17240	17749	309	509	4	95
24141	85	17391	17240	17592	151	352	3	95
24141	86	17393	17238	17596	155	358	3	95
24141	87	17541	17241	17742	300	501	4	95
24141	88	17550	17241	17750	309	509	4	95
24141	89	17557	17241	17757	316	516	4	95
24141	90	17388	17239	17589	149	350	3	95
24141	91	17546	17242	17748	304	506	4	95
24141	92	17543	17238	17746	305	508	4	95
24141	93	17557	17241	17757	316	516	4	95
24141	94	17385	17240	17590	145	350	3	95
24141	95	17390	17239	17592	151	353	3	95
24141	96	17551	17243	17753	308	510	5	95
24141	97	17540	17239	17740	301	501	4	95
24141	98	17542	17240	17742	302	502	4	95
24141	99	17391	17240	17594	151	354	3	95
24141	100	17553	17239	17755	314	516	4	95
24141	101	17550	17242	17750	308	508	4	95
24141	102	17549	17242	17750	307	508	4	95
24141	103	17541	17240	17743	301	503	4	95
24141	104	17391	17241	17593	150	352	3	95
24141	105	17550	17242	17753	308	511	4	95
24141	106	17538	17240	17739	298	499	4	95
24141	107	17540	17240	17741	300	501	4	95
24141	108	17392	17239	17596	153	357	3	95
24141	109	17547	17242	17750	305	508	4	95
24141	110	17545	17240	17746	305	506	4	95
24141	111	17541	17240	17742	301	502	6	95
24141	112	17538	17239	17741	299	502	6	95
24141	113	17392	17239	17592	153	353	5	95
24141	114	17546	17241	17748	305	507	4	95
24141	115	17545	17240	17747	305	507	5	95
24141	116	17547	17239	17749	308	510	6	95
24141	117	17393	17239	17594	154	355	3	95
24141	118	17554	17242	17755	312	513	4	95
24141	119	17541	17241	17742	300	501	5	95
24141	120	17552	17240	17754	312	514	4	95
24141	121	17538	17242	17739	296	497	4	95
24141	122	17391	17238	17593	153	355	4	95
24141	123	17546	17241	17748	305	507	4	95
24141	124	17542	17242	17744	300	502	4	95
24141	125	17543	17243	17743	300	500	4	95
24141	126	17394	17240	17596	154	356	3	95
24141	127	17397	17238	17598	159	360	3	95
24141	128	17540	17241	17739	299	498	4	95
24141	129	17539	17240	17742	299	502	5	95
24141	130	17544	17238	17744	306	506	4	95
24141	131	17388	17239	17589	149	350	3	95
24141	132	17543	17241	17744	302	503	4	95
24141	133	17547	17243	17749	304	506	4	95
24141	134	17548	17241	17751	307	510	4	95
24141	135	17546	17241	17746	305	505	4	95
24141	136	17392	17238	17594	154	356	4	95
24141	137	17548	17240	17750	308	510	4	95
24141	138	17547	17242	17748	305	506	4	95
24141	139	17541	17241	17742	300	501	4	95
24141	140	17391	17240	17593	151	353	3	95
24141	141	17544	17241	17744	303	503	4	95
24141	142	17549	17244	17751	305	507	4	95
24141	143	17547	17240	17748	307	508	4	95
24141	144	17541	17241	17742	300	501	4	95
24141	145	17391	17240	17593	151	353	3	95
24141	146	17540	17239	17743	301	504	4	95
24141	147	17541	17240	17744	301	504	4	95
24141	148	17543	17241	17745	302	504	4	95
24141	149	17392	17240	17593	152	353	3	95
24141	150	17548	17241	17749	307	508	5	95
24141	151	17550	17242	17752	308	510	4	95
24141	152	17545	17243	17746	302	503	4	95
24141	153	17538	17240	17741	298	501	4	95
24141	154	17397	17240	17597	157	357	3	95
24141	155	17554	17242	17781	312	539	6	96
24141	156	17543	17242	17745	301	503	4	95
24141	157	17549	17241	17750	308	509	4	95
24141	158	17385	17239	17589	146	350	3	95
24141	159	17389	17238	17629	151	391	5	95
24141	160	17549	17241	17752	308	511	4	95
24141	161	17550	17243	17751	307	508	4	95
24141	162	17553	17239	17753	314	514	4	95
24141	163	17392	17237	17595	155	358	3	95
24141	164	17554	17240	17757	314	517	4	95
24141	165	17545	17240	17745	305	505	4	95
24141	166	17540	17241	17741	299	500	4	95
24141	167	17394	17239	17595	155	356	3	95
24141	168	17396	17238	17597	158	359	3	95
24141	169	17542	17242	17742	300	500	4	95
24141	170	17546	17242	17748	304	506	4	95
24141	171	17541	17238	17744	303	506	4	95
24141	172	17392	17239	17595	153	356	3	95
24141	173	17540	17238	17743	302	505	5	95
24141	174	17546	17240	17747	306	507	4	95
24141	175	17540	17242	17740	298	498	4	95
24141	176	17394	17238	17663	156	425	4	95
24141	177	17390	17239	17593	151	354	3	95
24141	178	17542	17242	17742	300	500	4	95
24141	179	17538	17238	17738	300	500	4	95
24141	180	17542	17241	17744	301	503	4	95
24141	181	17386	17239	17587	147	348	3	95
24141	182	17547	17241	17748	306	507	4	95
24141	183	17544	17242	17748	302	506	4	95
24141	184	17548	17239	17750	309	511	4	95
24141	185	17543	17243	17744	300	501	4	95
24141	186	17396	17239	17597	157	358	3	95
24141	187	17545	17241	17746	304	505	5	95
24141	188	17541	17241	17743	300	502	4	95
24141	189	17540	17240	17742	300	502	4	95
24141	190	17386	17240	17586	146	346	3	95
24141	191	17542	17242	17745	300	503	4	95
24141	192	17546	17240	17749	306	509	4	95
24141	193	17549	17242	17748	307	506	4	95
24141	194	17543	17239	17744	304	505	4	95
24141	195	17384	17239	17584	145	345	3	95
24141	196	17540	17240	17742	300	502	4	95
24141	197	17546	17241	17748	305	507	4	95
24141	198	17539	17240	17741	299	501	4	95
24141	199	17390	17239	17591	151	352	3	95
24141	200	17396	17239	17599	157	360	3	95
24141	201	17544	17241	17748	303	507	4	95
24141	202	17545	17242	17746	303	504	4	95
24141	203	17542	17240	17742	302	502	5	95
24141	204	17390	17241	17591	149	350	3	95
24141	205	17544	17243	17746	301	503	4	95
24141	206	17547	17240	17751	307	511	4	95
24141	207	17538	17241	17740	297	499	4	95
24141	208	17385	17238	17590	147	352	3	95
24141	209	17393	17240	17596	153	356	3	95
24141	210	17551	17243	17755	308	512	4	95
24141	211	17543	17241	17744	302	503	4	95
24141	212	17542	17237	17743	305	506	4	95
24141	213	17390	17240	17591	150	351	3	95
24141	214	17545	17241	17747	304	506	4	95
24141	215	17544	17240	17747	304	507	4	95
24141	216	17547	17241	17749	306	508	4	95
24141	217	17538	17239	17739	299	500	4	95
24141	218	17388	17240	17588	148	348	3	95
24141	219	17548	17241	17750	307	509	4	95
24141	220	17544	17240	17746	304	506	4	95
24141	221	17539	17240	17741	299	501	4	95
24141	222	17398	17239	17600	159	361	3	95
24141	223	17544	17242	17745	302	503	4	95
24141	224	17552	17242	17754	310	512	4	95
24141	225	17547	17239	17750	308	511	4	95
24141	226	17546	17240	17750	306	510	4	95
24141	227	17392	17239	17592	153	353	3	95
24141	228	17544	17240	17746	304	506	4	95
24141	229	17538	17239	17739	299	500	4	95
24141	230	17553	17241	17755	312	514	4	95
24141	231	17393	17239	17594	154	355	3	95
24141	232	17396	17241	17596	155	355	3	95
24141	233	17542	17242	17742	300	500	4	95
24141	234	17545	17240	17746	305	506	4	95
24141	235	17548	17241	17751	307	510	4	95
24141	236	17388	17241	17589	147	348	3	95
24141	237	17549	17242	17751	307	509	4	95
24141	238	17541	17240	17740	301	500	4	95
24141	239	17546	17242	17747	304	505	4	95
24141	240	17391	17238	17664	153	426	4	95
24141	241	17390	17239	17591	151	352	3	95
24141	242	17541	17241	17743	300	502	4	95
24141	243	17550	17240	17752	310	512	4	95
24141	244	17547	17241	17749	306	508	4	95
24141	245	17393	17236	17594	157	358	3	95
24141	246	17538	17242	17738	296	496	4	95
24141	247	17541	17241	17744	300	503	4	95
24141	248	17549	17241	17752	308	511	4	95
24141	249	17539	17241	17742	298	501	4	95
24141	250	17388	17240	17587	148	347	3	95
24141	251	17545	17240	17744	305	504	4	95
24141	252	17548	17242	17750	306	508	4	95
24141	253	17557	17241	17758	316	517	4	95
24141	254	17386	17240	17588	146	348	3	95
24141	255	17389	17240	17741	149	501	4	95
24141	256	17547	17241	17748	306	507	4	95
24141	257	17541	17242	17742	299	500	4	95
24141	258	17540	17241	17743	299	502	4	95
24141	259	17390	17239	17592	151	353	3	95
24141	260	17549	17241	17751	308	510	4	95
24141	261	17542	17238	17744	304	506	4	95
24141	262	17550	17239	17751	311	512	4	95
24141	263	17393	17239	17596	154	357	3	95
24141	264	17386	17239	17589	147	350	3	95
24141	265	17542	17242	17743	300	501	4	95
24141	266	17543	17239	17746	304	507	4	95
24141	267	17546	17241	17749	305	508	4	95
24141	268	17391	17239	17590	152	351	3	95
24141	269	17550	17242	17750	308	508	4	95
24141	270	17545	17242	17745	303	503	4	95
24141	271	17555	17240	17757	315	517	4	95
24141	272	17545	17241	17747	304	506	5	95
24141	273	17391	17241	17592	150	351	3	95
24141	274	17540	17240	17744	300	504	4	95
24141	275	17546	17242	17748	304	506	4	95
24141	276	17544	17241	17745	303	504	4	95
24141	277	17391	17239	17592	152	353	3	95
24141	278	17543	17237	17746	306	509	4	95
24141	279	17542	17241	17760	301	519	6	96
24141	280	17541	17240	17740	301	500	5	95
24141	281	17541	17240	17742	301	502	4	95
24141	282	17388	17240	17588	148	348	3	95
24141	283	17539	17242	17741	297	499	4	95
24141	284	17541	17241	17743	300	502	4	95
24141	285	17539	17240	17739	299	499	4	95
24141	286	17396	17240	17598	156	358	3	95
24141	287	17543	17240	17744	303	504	4	95
24141	288	17547	17243	17750	304	507	4	95
24141	289	17546	17240	17748	306	508	4	95
24141	290	17543	17241	17743	302	502	4	95
24141	291	17391	17239	17595	152	356	3	95
24141	292	17550	17242	17750	308	508	4	95
24141	293	17542	17242	17743	300	501	4	95
24141	294	17544	17239	17744	305	505	4	95
24141	295	17391	17237	17592	154	355	3	95
24141	296	17543	17239	17745	304	506	4	95
24141	297	17548	17241	17749	307	508	4	95
24141	298	17538	17242	17742	296	500	4	95
24141	299	17539	17239	17740	300	501	4	95
24141	300	17393	17241	17593	152	352	3	95
24141	301	17545	17241	17748	304	507	4	95
24141	302	17540	17241	17740	299	499	4	95
24141	303	17545	17239	17747	306	508	4	95
24141	304	17393	17239	17594	154	355	3	95
24141	305	17392	17240	17596	152	356	3	95
24141	306	17541	17240	17743	301	503	4	95
24141	307	17539	17242	17742	297	500	4	95
24141	308	17543	17240	17745	303	505	4	95
24141	309	17387	17239	17590	148	351	3	95
24141	310	17545	17242	17745	303	503	4	95
24141	311	17548	17241	17749	307	508	4	95
24141	312	17553	17238	17754	315	516	4	95
24141	313	17538	17242	17742	296	500	4	95
24141	314	17396	17238	17599	158	361	3	95
24141	315	17555	17240	17758	315	518	4	95
24141	316	17544	17241	17744	303	503	4	95
24141	317	17549	17241	17751	308	510	4	95
24141	318	17385	17239	17587	146	348	3	95
24141	319	17542	17241	17743	301	502	4	95
24141	320	17544	17242	17745	302	503	4	95
24141	321	17541	17241	17745	300	504	4	95
24141	322	17541	17241	17743	300	502	4	95
24141	323	17390	17239	17592	151	353	3	95
24141	324	17545	17240	17748	305	508	4	95
24141	325	17544	17241	17745	303	504	4	95
24141	326	17540	17240	17741	300	501	4	95
24141	327	17398	17238	17597	160	359	3	95
24141	328	17548	17240	17748	308	508	4	95
24141	329	17539	17241	17741	298	500	5	95
24141	330	17543	17239	17745	304	506	4	95
24141	331	17539	17242	17740	297	498	4	95
24141	332	17389	17239	17591	150	352	3	95
24141	333	17541	17241	17742	300	501	4	95
24141	334	17547	17241	17747	306	506	4	95
24141	335	17554	17240	17754	314	514	4	95
24141	336	17391	17239	17594	152	355	3	95
24141	337	17387	17240	17591	147	351	3	95
24141	338	17559	17242	17760	317	518	4	95
24141	339	17545	17242	17747	303	505	4	95
24141	340	17538	17242	17740	296	498	4	95
24141	341	17386	17239	17587	147	348	3	95
24141	342	17538	17241	17738	297	497	4	95
24141	343	17540	17243	17741	297	498	4	95
24141	344	17548	17242	17750	306	508	4	95
24141	345	17540	17238	17742	302	504	4	95
24141	346	17393	17239	17595	154	356	3	95
24141	347	17554	17240	17756	314	516	4	95
24141	348	17556	17240	17756	316	516	4	95
24141	349	17547	17241	17747	306	506	4	95
24141	350	17391	17239	17592	152	353	3	95
24141	351	17552	17242	17752	310	510	4	95
24141	352	17545	17240	17747	305	507	4	95
24141	353	17546	17242	17748	304	506	4	95
24141	354	17544	17241	17746	303	505	4	95
24141	355	17395	17239	17595	156	356	3	95
24141	356	17548	17240	17751	308	511	4	95
24141	357	17555	17241	17757	314	516	4	95
24141	358	17547	17242	17749	305	507	4	95
24141	359	17390	17240	17590	150	350	3	95
24141	360	17393	17239	17593	154	354	3	95
24141	361	17551	17241	17755	310	514	4	95
24141	362	17541	17240	17743	301	503	4	95
24141	363	17539	17237	17741	302	504	4	95
24141	364	17392	17240	17594	152	354	3	95
24141	365	17544	17239	17744	305	505	4	95
24141	366	17542	17241	17742	301	501	4	95
24141	367	17544	17241	17746	303	505	4	95
24141	368	17540	17240	17741	300	501	4	95
24141	369	17390	17240	17592	150	352	3	95
24141	370	17544	17241	17745	303	504	4	95
24141	371	17543	17241	17744	302	503	4	95
24141	372	17538	17242	17740	296	498	4	95
24141	373	17389	17239	17590	150	351	3	95
24141	374	17548	17240	17749	308	509	4	95
24141	375	17542	17242	17743	300	501	4	95
24141	376	17542	17240	17743	302	503	4	95
24141	377	17546	17240	17747	306	507	4	95
24141	378	17391	17238	17593	153	355	3	95
24141	379	17548	17243	17749	305	506	4	95
24141	380	17542	17238	17745	304	507	4	95
24141	381	17549	17242	17752	307	510	4	95
24141	382	17389	17239	17589	150	350	3	95
24141	383	17545	17240	17746	305	506	4	95
24141	384	17538	17241	17740	297	499	4	95
24141	385	17540	17239	17741	301	502	4	95
24141	386	17546	17242	17748	304	506	4	95
24141	387	17392	17241	17592	151	351	3	95
24141	388	17544	17241	17746	303	505	4	95
24141	389	17540	17242	17742	298	500	4	95
24141	390	17536	17242	17737	294	495	4	95
24141	391	17391	17240	17592	151	352	3	95
24141	392	17392	17240	17739	152	499	4	95
24141	393	17542	17242	17744	300	502	4	95
24141	394	17546	17241	17747	305	506	4	95
24141	395	17546	17242	17747	304	505	4	95
24141	396	17387	17238	17589	149	351	3	95
24141	397	17541	17239	17743	302	504	4	95
24141	398	17541	17242	17741	299	499	4	95
24141	399	17545	17243	17748	302	505	4	95
24141	400	17391	17240	17593	151	353	3	95
24141	401	17393	17238	17594	155	356	3	95
24141	402	17541	17241	17745	300	504	4	95
24141	403	17539	17241	17742	298	501	4	95
24141	404	17540	17240	17742	300	502	4	95
24141	405	17395	17239	17596	156	357	3	95
24141	406	17539	17243	17740	296	497	4	95
24141	407	17539	17241	17742	298	501	4	95
24141	408	17550	17242	17752	308	510	4	95
24141	409	17392	17240	17597	152	357	3	95
24141	410	17388	17240	17588	148	348	3	95
24141	411	17551	17242	17751	309	509	4	95
24141	412	17545	17241	17747	304	506	4	95
24141	413	17543	17241	17743	302	502	4	95
24141	414	17388	17239	17589	149	350	3	95
24141	415	17551	17239	17753	312	514	4	95
24141	416	17547	17242	17748	305	506	4	95
24141	417	17540	17241	17742	299	501	5	95
24141	418	17547	17242	17747	305	505	4	95
24141	419	17401	17240	17603	161	363	3	95
24141	420	17546	17242	17748	304	506	4	95
24141	421	17540	17242	17742	298	500	4	95
24141	422	17547	17239	17749	308	510	4	95
24141	423	17394	17240	17597	154	357	3	95
24141	424	17539	17241	17741	298	500	4	95
24141	425	17541	17241	17741	300	500	4	95
24141	426	17544	17241	17744	303	503	4	95
24141	427	17540	17241	17741	299	500	4	95
24141	428	17395	17239	17596	156	357	3	95
24141	429	17547	17240	17747	307	507	4	95
24141	430	17544	17241	17746	303	505	4	95
24141	431	17553	17236	17754	317	518	4	95
24141	432	17385	17238	17587	147	349	3	95
24141	433	17550	17242	17751	308	509	4	95
24141	434	17558	17243	17760	315	517	4	95
24141	435	17543	17241	17744	302	503	4	95
24141	436	17548	17242	17748	306	506	4	95
24141	437	17387	17239	17589	148	350	3	95
24141	438	17544	17242	17748	302	506	4	95
24141	439	17557	17241	17759	316	518	4	95
24141	440	17547	17241	17747	306	506	4	95
24141	441	17391	17239	17591	152	352	3	95
24141	442	17394	17239	17594	155	355	3	95
24141	443	17547	17243	17749	304	506	4	95
24141	444	17543	17242	17744	301	502	4	95
24141	445	17547	17242	17749	305	507	4	95
24141	446	17392	17240	17594	152	354	3	95
24141	447	17543	17242	17743	301	501	4	95
24141	448	17540	17241	17741	299	500	4	95
24141	449	17542	17240	17744	302	504	4	95
24141	450	17550	17242	17751	308	509	4	95
24141	451	17386	17240	17589	146	349	3	95
24141	452	17545	17240	17746	305	506	5	95
24141	453	17542	17240	17746	302	506	4	95
24141	454	17547	17240	17747	307	507	4	95
24141	455	17387	17239	17588	148	349	3	95
24141	456	17558	17243	17759	315	516	4	95
24141	457	17544	17241	17745	303	504	4	95
24141	458	17537	17242	17738	295	496	4	95
24141	459	17546	17241	17746	305	505	4	95
24141	460	17393	17241	17595	152	354	3	95
24141	461	17540	17241	17742	299	501	4	95
24141	462	17539	17241	17740	298	499	4	95
24141	463	17543	17240	17743	303	503	4	95
24141	464	17393	17239	17594	154	355	3	95
24141	465	17548	17240	17749	308	509	4	95
24141	466	17542	17237	17743	305	506	5	95
24141	467	17546	17242	17749	304	507	4	95
24141	468	17553	17239	17753	314	514	4	95
24141	469	17391	17240	17593	151	353	3	95
24141	470	17554	17239	17754	315	515	4	95
24141	471	17547	17241	17750	306	509	4	95
24141	472	17555	17240	17756	315	516	4	95
24141	473	17386	17240	17587	146	347	3	95
24141	474	17394	17241	17595	153	354	3	95
24141	475	17538	17242	17739	296	497	4	95
24141	476	17540	17242	17740	298	498	4	95
24141	477	17549	17241	17749	308	508	4	95
24141	478	17385	17238	17589	147	351	3	95
24141	479	17545	17241	17747	304	506	4	95
24141	480	17548	17241	17751	307	510	4	95
24141	481	17546	17240	17746	306	506	4	95
24141	482	17548	17240	17752	308	512	4	95
24141	483	17389	17240	17589	149	349	3	95
24141	484	17536	17240	17737	296	497	4	95
24141	485	17546	17240	17749	306	509	4	95
24141	486	17540	17239	17743	301	504	4	95
24141	487	17391	17239	17593	152	354	3	95
24141	488	17547	17241	17748	306	507	4	95
24141	489	17546	17240	17747	306	507	5	95
24141	490	17541	17241	17742	300	501	4	95
24141	491	17542	17239	17745	303	506	4	95
24141	492	17392	17240	17592	152	352	3	95
24141	493	17548	17241	17749	307	508	4	95
24141	494	17540	17240	17743	300	503	4	95
24141	495	17545	17242	17747	303	505	4	95
24141	496	17390	17238	17591	152	353	4	95
24141	497	17547	17244	17749	303	505	4	95
24141	498	17544	17241	17748	303	507	4	95
24141	499	17544	17241	17744	303	503	4	95
24141	500	17546	17242	17746	304	504	4	95
24141	501	17400	17237	17599	163	362	3	95
24141	502	17546	17242	17746	304	504	4	95
24141	503	17544	17242	17746	302	504	4	95
24141	504	17543	17240	17745	303	505	4	95
24141	505	17390	17241	17591	149	350	3	95
24141	506	17391	17239	17592	152	353	3	95
24141	507	17545	17241	17745	304	504	4	95
24141	508	17543	17241	17745	302	504	4	95
24141	509	17545	17241	17746	304	505	4	95
24141	510	17402	17239	17604	163	365	3	95
24141	511	17544	17240	17745	304	505	4	95
24141	512	17557	17239	17758	318	519	4	95
24141	513	17544	17241	17746	303	505	4	95
24141	514	17541	17238	17745	303	507	4	95
24141	515	17402	17239	17603	163	364	3	95
24141	516	17548	17241	17749	307	508	4	95
24141	517	17557	17242	17760	315	518	4	95
24141	518	17544	17239	17745	305	506	4	95
24141	519	17390	17238	17593	152	355	3	95
24141	520	17545	17242	17747	303	505	4	95
24141	521	17542	17243	17743	299	500	4	95
24141	522	17546	17242	17748	304	506	4	95
24141	523	17557	17240	17757	317	517	4	95
24141	524	17394	17239	17595	155	356	4	95
24141	525	17556	17242	17758	314	516	4	95
24141	526	17547	17240	17747	307	507	5	95
24141	527	17537	17241	17741	296	500	4	95
24141	528	17396	17240	17598	156	358	3	95
24141	529	17543	17238	17745	305	507	5	95
24141	530	17546	17242	17747	304	505	4	95
24141	531	17538	17241	17740	297	499	4	95
24141	532	17542	17239	17742	303	503	4	95
24141	533	17390	17239	17590	151	351	3	95
24141	534	17537	17240	17738	297	498	5	95
24141	535	17539	17242	17741	297	499	4	95
24141	536	17546	17240	17749	306	509	4	95
24141	537	17400	17239	17600	161	361	3	95
24141	538	17394	17238	17594	156	356	4	95
24141	539	17540	17241	17742	299	501	4	95
24141	540	17556	17242	17758	314	516	4	95
24141	541	17542	17240	17746	302	506	4	95
24141	542	17392	17239	17595	153	356	3	95
24141	543	17548	17242	17750	306	508	4	95
24141	544	17545	17242	17745	303	503	4	95
24141	545	17542	17240	17743	302	503	4	95
24141	546	17391	17239	17595	152	356	3	95
24141	547	17393	17241	17594	152	353	3	95
24141	548	17542	17241	17746	301	505	4	95
24141	549	17554	17240	17755	314	515	4	95
24141	550	17551	17239	17754	312	515	4	95
24141	551	17390	17239	17591	151	352	3	95
24141	552	17538	17240	17739	298	499	5	95
24141	553	17546	17238	17747	308	509	4	95
24141	554	17539	17242	17740	297	498	4	95
24141	555	17541	17240	17743	301	503	4	95
24141	556	17387	17239	17589	148	350	3	95
24141	557	17543	17241	17745	302	504	4	95
24141	558	17540	17242	17744	298	502	4	95
24141	559	17547	17242	17748	305	506	4	95
24141	560	17396	17239	17596	157	357	3	95
24141	561	17555	17242	17757	313	515	4	95
24141	562	17546	17243	17746	303	503	4	95
24141	563	17541	17242	17744	299	502	4	95
24141	564	17543	17240	17745	303	505	4	95
24141	565	17393	17240	17595	153	355	3	95
24141	566	17556	17241	17756	315	515	4	95
24141	567	17545	17243	17746	302	503	4	95
24141	568	17539	17241	17740	298	499	4	95
24141	569	17545	17240	17745	305	505	4	95
24141	570	17386	17239	17587	147	348	3	95
24141	571	17546	17240	17747	306	507	4	95
24141	572	17545	17243	17747	302	504	4	95
24141	573	17542	17238	17745	304	507	5	95
24141	574	17402	17237	17603	165	366	4	95
24141	575	17545	17239	17747	306	508	4	95
24141	576	17546	17240	17745	306	505	4	95
24141	577	17539	17243	17739	296	496	4	95
24141	578	17550	17238	17751	312	513	4	95
24141	579	17393	17237	17594	156	357	4	95
24141	580	17548	17242	17750	306	508	5	95
24141	581	17543	17242	17743	301	501	4	95
24141	582	17547	17240	17748	307	508	5	95
24141	583	17397	17239	17598	158	359	4	95
24141	584	17540	17241	17742	299	501	4	95
24141	585	17540	17241	17743	299	502	4	95
24141	586	17544	17239	17744	305	505	4	95
24141	587	17536	17237	17738	299	501	4	95
24141	588	17392	17238	17592	154	354	3	95
24141	589	17543	17242	17746	301	504	4	95
24141	590	17545	17243	17747	302	504	4	95
24141	591	17543	17240	17746	303	506	4	95
24141	592	17389	17238	17592	151	354	3	95
24141	593	17553	17241	17753	312	512	4	95
24141	594	17555	17241	17755	314	514	4	95
24141	595	17545	17240	17747	305	507	4	95
24141	596	17575	17249	17777	326	528	8	106
24141	597	17392	17239	17594	153	355	3	95
24141	598	17540	17241	17742	299	501	4	95
24141	599	17557	17242	17759	315	517	4	95
24141	600	17548	17242	17750	306	508	4	95
24141	601	17544	17240	17744	304	504	4	95
24141	602	17394	17239	17595	155	356	3	95
24141	603	17555	17243	17755	312	512	4	95
24141	604	17542	17239	17743	303	504	4	95
24141	605	17545	17238	17745	307	507	4	95
24141	606	17390	17240	17592	150	352	3	95
24141	607	17542	17241	17746	301	505	4	95
24141	608	17553	17242	17754	311	512	4	95
24141	609	17542	17241	17743	301	502	4	95
24141	610	17544	17242	17748	302	506	4	95
24141	611	17386	17240	17587	146	347	3	95
24141	612	17544	17241	17744	303	503	4	95
24141	613	17546	17241	17746	305	505	4	95
24141	614	17543	17242	17744	301	502	4	95
24141	615	17387	17238	17588	149	350	3	95
24141	616	17561	17242	17764	319	522	4	95
24141	617	17544	17240	17745	304	505	4	95
24141	618	17546	17242	17746	304	504	4	95
24141	619	17538	17239	17739	299	500	4	95
24141	620	17395	17239	17596	156	357	3	95
24141	621	17543	17238	17746	305	508	4	95
24141	622	17536	17240	17736	296	496	4	95
24141	623	17545	17240	17747	305	507	4	95
24141	624	17390	17239	17591	151	352	3	95
24141	625	17399	17240	17603	159	363	3	95
24141	626	17542	17241	17745	301	504	4	95
24141	627	17546	17242	17747	304	505	4	95
24141	628	17543	17241	17745	302	504	4	95
24141	629	17386	17239	17587	147	348	3	95
24141	630	17545	17243	17746	302	503	4	95
24141	631	17551	17242	17753	309	511	4	95
24141	632	17551	17240	17755	311	515	4	95
24141	633	17553	17241	17756	312	515	4	95
24141	634	17390	17241	17591	149	350	3	95
24141	635	17556	17240	17757	316	517	4	95
24141	636	17542	17241	17743	301	502	4	95
24141	637	17544	17241	17746	303	505	4	95
24141	638	17389	17236	17591	153	355	3	95
24141	639	17541	17237	17744	304	507	5	95
24141	640	17550	17241	17751	309	510	4	95
24141	641	17540	17241	17743	299	502	4	95
24141	642	17539	17239	17740	300	501	4	95
24141	643	17395	17239	17596	156	357	3	95
24141	644	17542	17241	17742	301	501	4	95
24141	645	17544	17240	17746	304	506	4	95
24141	646	17538	17242	17740	296	498	4	95
24141	647	17394	17240	17595	154	355	3	95
24141	648	17545	17240	17745	305	505	5	95
24141	649	17543	17241	17744	302	503	4	95
24141	650	17545	17240	17747	305	507	4	95
24141	651	17543	17241	17743	302	502	4	95
24141	652	17393	17241	17594	152	353	3	95
24141	653	17546	17241	17746	305	505	4	95
24141	654	17543	17241	17745	302	504	4	95
24141	655	17543	17237	17746	306	509	4	95
24141	656	17390	17238	17590	152	352	3	95
24141	657	17387	17240	17588	147	348	3	95
24141	658	17540	17242	17740	298	498	4	95
24141	659	17545	17240	17746	305	506	4	95
24141	660	17553	17239	17755	314	516	4	95
24141	661	17388	17240	17588	148	348	3	95
24141	662	17553	17241	17753	312	512	5	95
24141	663	17539	17241	17741	298	500	4	95
24141	664	17547	17239	17747	308	508	4	95
24141	665	17389	17240	17595	149	355	3	95
24141	666	17389	17240	17592	149	352	3	95
24141	667	17555	17241	17755	314	514	4	95
24141	668	17545	17240	17748	305	508	4	95
24141	669	17545	17240	17746	305	506	5	95
24141	670	17388	17240	17589	148	349	3	95
24141	671	17543	17240	17745	303	505	4	95
24141	672	17541	17240	17744	301	504	4	95
24141	673	17538	17239	17740	299	501	4	95
24141	674	17539	17239	17743	300	504	5	95
24141	675	17393	17239	17594	154	355	3	95
24141	676	17555	17240	17757	315	517	4	95
24141	677	17544	17241	17744	303	503	4	95
24141	678	17545	17241	17745	304	504	4	95
24141	679	17392	17239	17594	153	355	3	95
24141	680	17554	17242	17756	312	514	4	95
24141	681	17547	17242	17749	305	507	4	95
24141	682	17543	17238	17747	305	509	5	95
24141	683	17541	17239	17744	302	505	5	95
24141	684	17394	17239	17595	155	356	3	95
24141	685	17543	17241	17742	302	501	4	95
24141	686	17538	17241	17739	297	498	4	95
24141	687	17546	17243	17748	303	505	4	95
24141	688	17389	17238	17593	151	355	3	95
24141	689	17546	17242	17747	304	505	4	95
24141	690	17543	17241	17746	302	505	4	95
24141	691	17540	17243	17740	297	497	4	95
24141	692	17554	17239	17756	315	517	4	95
24141	693	17387	17238	17588	149	350	3	95
24141	694	17543	17240	17747	303	507	4	95
24141	695	17545	17240	17746	305	506	4	95
24141	696	17543	17242	17743	301	501	4	95
24141	697	17401	17237	17603	164	366	4	95
24141	698	17401	17241	17603	160	362	3	95
24141	699	17542	17241	17745	301	504	4	95
24141	700	17540	17241	17741	299	500	4	95
24141	701	17545	17240	17749	305	509	4	95
24141	702	17393	17240	17594	153	354	3	95
24141	703	17548	17240	17749	308	509	4	95
24141	704	17544	17243	17746	301	503	4	95
24141	705	17554	17242	17755	312	513	4	95
24141	706	17457	17239	17742	218	503	4	95
24141	707	17393	17241	17594	152	353	4	95
24141	708	17544	17242	17745	302	503	4	95
24141	709	17545	17242	17746	303	504	4	95
24141	710	17551	17242	17753	309	511	4	95
24141	711	17393	17240	17594	153	354	3	95
24141	712	17548	17241	17748	307	507	4	95
24141	713	17540	17242	17741	298	499	4	95
24141	714	17550	17242	17752	308	510	4	95
24141	715	17542	17240	17743	302	503	4	95
24141	716	17391	17240	17593	151	353	3	95
24141	717	17547	17241	17747	306	506	4	95
24141	718	17539	17242	17739	297	497	4	95
24141	719	17546	17241	17747	305	506	4	95
24141	720	17390	17240	17592	150	352	3	95
24141	721	17558	17240	17760	318	520	5	95
24141	722	17545	17241	17747	304	506	4	95
24141	723	17539	17238	17738	301	500	5	95
24141	724	17541	17243	17743	298	500	4	95
24141	725	17391	17239	17594	152	355	3	95
24141	726	17546	17244	17749	302	505	4	95
24141	727	17543	17240	17745	303	505	4	95
24141	728	17538	17239	17739	299	500	5	95
24141	729	17388	17238	17590	150	352	3	95
24141	730	17402	17240	17603	162	363	3	95
24141	731	17547	17243	17749	304	506	4	95
24141	732	17542	17240	17746	302	506	4	95
24141	733	17554	17243	17756	311	513	4	95
24141	734	17394	17240	17595	154	355	3	95
24141	735	17542	17239	17744	303	505	5	95
24141	736	17546	17242	17749	304	507	4	95
24141	737	17546	17239	17748	307	509	4	95
24141	738	17540	17240	17740	300	500	4	95
24141	739	17391	17239	17594	152	355	3	95
24141	740	17540	17239	17742	301	503	4	95
24141	741	17544	17240	17747	304	507	4	95
24141	742	17544	17240	17745	304	505	4	95
24141	743	17392	17239	17593	153	354	3	95
24141	744	17543	17242	17743	301	501	4	95
24141	745	17547	17241	17748	306	507	4	95
24141	746	17546	17242	17747	304	505	4	95
24141	747	17540	17242	17742	298	500	4	95
24141	748	17392	17239	17594	153	355	3	95
24141	749	17542	17242	17745	300	503	4	95
24141	750	17543	17242	17743	301	501	5	95
24141	751	17547	17241	17747	306	506	5	95
24141	752	17384	17239	17585	145	346	3	95
24141	753	17548	17239	17751	309	512	4	95
24141	754	17541	17241	17742	300	501	4	95
24141	755	17544	17241	17746	303	505	4	95
24141	756	17555	17241	17755	314	514	4	95
24141	757	17396	17237	17596	159	359	3	95
24141	758	17544	17243	17744	301	501	4	95
24141	759	17542	17241	17743	301	502	4	95
24141	760	17547	17240	17748	307	508	4	95
24141	761	17392	17239	17594	153	355	3	95
24141	762	17393	17238	17595	155	357	3	95
24141	763	17546	17239	17749	307	510	4	95
24141	764	17555	17241	17758	314	517	4	95
24141	765	17544	17239	17746	305	507	6	95
24141	766	17390	17238	17592	152	354	3	95
24141	767	17543	17243	17745	300	502	4	95
24141	768	17544	17241	17747	303	506	4	95
24141	769	17544	17242	17744	302	502	4	95
24141	770	17541	17242	17741	299	499	4	95
24141	771	17393	17239	17595	154	356	3	95
24141	772	17547	17243	17748	304	505	4	95
24141	773	17542	17238	17744	304	506	4	95
24141	774	17539	17237	17741	302	504	4	95
24141	775	17385	17240	17587	145	347	3	95
24141	776	17554	17242	17754	312	512	4	95
24141	777	17543	17240	17743	303	503	4	95
24141	778	17538	17240	17738	298	498	4	95
24141	779	17539	17241	17740	298	499	5	95
24141	780	17394	17239	17596	155	357	3	95
24141	781	17546	17240	17748	306	508	4	95
24141	782	17539	17239	17741	300	502	4	95
24141	783	17546	17240	17747	306	507	4	95
24141	784	17390	17239	17591	151	352	3	95
24141	785	17546	17242	17748	304	506	4	95
24141	786	17552	17240	17754	312	514	4	95
24141	787	17542	17241	17745	301	504	4	95
24141	788	17547	17243	17747	304	504	4	95
24141	789	17387	17239	17587	148	348	3	95
24141	790	17544	17242	17746	302	504	4	95
24141	791	17539	17240	17741	299	501	4	95
24141	792	17564	17241	17766	323	525	4	95
24141	793	17390	17238	17590	152	352	3	95
24141	794	17391	17240	17592	151	352	3	95
24141	795	17548	17242	17748	306	506	4	95
24141	796	17547	17242	17748	305	506	4	95
24141	797	17538	17238	17739	300	501	4	95
24141	798	17392	17240	17592	152	352	3	95
24141	799	17547	17242	17747	305	505	4	95
24141	800	17541	17240	17740	301	500	5	95
24141	801	17540	17241	17741	299	500	4	95
24141	802	17393	17237	17602	156	365	3	95
24141	803	17394	17240	17595	154	355	3	95
24141	804	17542	17240	17745	302	505	4	95
24141	805	17546	17242	17748	304	506	4	95
24141	806	17544	17242	17745	302	503	4	95
24141	807	17389	17236	17588	153	352	3	95
24141	808	17542	17241	17744	301	503	4	95
24141	809	17539	17240	17742	299	502	4	95
24141	810	17547	17243	17749	304	506	4	95
24141	811	17542	17240	17742	302	502	4	95
24141	812	17392	17240	17594	152	354	3	95
24141	813	17545	17243	17746	302	503	4	95
24141	814	17544	17240	17746	304	506	4	95
24141	815	17546	17239	17746	307	507	5	95
24141	816	17387	17239	17587	148	348	3	95
24141	817	17540	17242	17742	298	500	4	95
24141	818	17541	17242	17742	299	500	4	95
24141	819	17545	17240	17748	305	508	4	95
24141	820	17544	17239	17746	305	507	4	95
24141	821	17388	17241	17588	147	347	3	95
24141	822	17545	17242	17747	303	505	4	95
24141	823	17542	17241	17744	301	503	4	95
24141	824	17538	17240	17741	298	501	4	95
24141	825	17390	17239	17590	151	351	3	95
24141	826	17540	17242	17741	298	499	5	95
24141	827	17545	17240	17746	305	506	4	95
24141	828	17541	17242	17743	299	501	4	95
24141	829	17547	17240	17750	307	510	5	95
24141	830	17401	17240	17601	161	361	3	95
24141	831	17556	17242	17757	314	515	4	95
24141	832	17543	17241	17744	302	503	4	95
24141	833	17553	17239	17755	314	516	4	95
24141	834	17385	17240	17588	145	348	3	95
24141	835	17394	17240	17739	154	499	4	95
24141	836	17539	17242	17739	297	497	4	95
24141	837	17546	17241	17748	305	507	4	95
24141	838	17540	17240	17743	300	503	4	95
24141	839	17392	17237	17596	155	359	4	95
24141	840	17547	17241	17747	306	506	5	95
24141	841	17535	17237	17737	298	500	4	95
24141	842	17545	17241	17745	304	504	5	95
24141	843	17388	17237	17595	151	358	5	95
24141	844	17392	17240	17594	152	354	4	95
24141	845	17542	17241	17743	301	502	5	95
24141	846	17541	17238	17744	303	506	5	95
24141	847	17545	17240	17746	305	506	5	95
24141	848	17385	17239	17585	146	346	3	95
24141	849	17547	17241	17748	306	507	5	95
24141	850	17541	17242	17745	299	503	4	95
24141	851	17541	17241	17743	300	502	4	95
24141	852	17545	17241	17746	304	505	4	95
24141	853	17394	17238	17595	156	357	3	95
24141	854	17538	17241	17742	297	501	4	95
24141	855	17554	17240	17758	314	518	4	95
24141	856	17550	17241	17751	309	510	4	95
24141	857	17391	17237	17592	154	355	3	95
24141	858	17548	17242	17750	306	508	4	95
24141	859	17542	17241	17741	301	500	4	95
24141	860	17553	17241	17753	312	512	4	95
24141	861	17540	17242	17740	298	498	4	95
24141	862	17391	17240	17592	151	352	3	95
24141	863	17542	17242	17743	300	501	4	95
24141	864	17543	17241	17743	302	502	4	95
24141	865	17544	17240	17745	304	505	4	95
24141	866	17391	17239	17595	152	356	3	95
24141	867	17396	17238	17596	158	358	3	95
24141	868	17557	17242	17758	315	516	4	95
24141	869	17545	17243	17748	302	505	4	95
24141	870	17546	17240	17748	306	508	4	95
24141	871	17392	17240	17592	152	352	3	95
24141	872	17548	17243	17750	305	507	4	95
24141	873	17551	17240	17751	311	511	4	95
24141	874	17546	17241	17747	305	506	4	95
24141	875	17540	17241	17744	299	503	4	95
24141	876	17385	17239	17587	146	348	3	95
24141	877	17545	17241	17747	304	506	4	95
24141	878	17537	17238	17741	299	503	4	95
24141	879	17545	17241	17746	304	505	4	95
24141	880	17388	17239	17590	149	351	4	95
24141	881	17546	17240	17747	306	507	4	95
24141	882	17539	17240	17741	299	501	4	95
24141	883	17542	17241	17742	301	501	4	95
24141	884	17540	17242	17742	298	500	4	95
24141	885	17386	17240	17587	146	347	3	95
24141	886	17547	17243	17749	304	506	4	95
24141	887	17540	17241	17741	299	500	4	95
24141	888	17541	17239	17742	302	503	4	95
24141	889	17388	17236	17590	152	354	3	95
24141	890	17542	17242	17744	300	502	4	95
24141	891	17546	17241	17746	305	505	4	95
24141	892	17541	17241	17743	300	502	4	95
24141	893	17542	17240	17745	302	505	4	95
24141	894	17401	17239	17602	162	363	3	95
24141	895	17544	17242	17745	302	503	4	95
24141	896	17544	17241	17745	303	504	4	95
24141	897	17539	17240	17742	299	502	4	95
24141	898	17394	17240	17596	154	356	3	95
24141	899	17392	17239	17592	153	353	3	95
24141	900	17554	17240	17756	314	516	4	95
24141	901	17544	17241	17746	303	505	4	95
24141	902	17542	17239	17745	303	506	4	95
24141	903	17391	17239	17593	152	354	3	95
24141	904	17541	17242	17742	299	500	4	95
24141	905	17538	17240	17739	298	499	4	95
24141	906	17545	17242	17746	303	504	4	95
24141	907	17542	17242	17741	300	499	4	95
24141	908	17394	17240	17597	154	357	3	95
24141	909	17539	17240	17739	299	499	4	95
24141	910	17545	17241	17746	304	505	4	95
24141	911	17550	17241	17751	309	510	4	95
24141	912	17401	17239	17601	162	362	3	95
24141	913	17545	17242	17746	303	504	4	95
24141	914	17539	17241	17739	298	498	4	95
24141	915	17549	17241	17750	308	509	4	95
24141	916	17550	17240	17752	310	512	4	95
24141	917	17387	17239	17587	148	348	3	95
24141	918	17539	17242	17741	297	499	4	95
24141	919	17544	17239	17743	305	504	4	95
24141	920	17554	17238	17756	316	518	4	95
24141	921	17389	17238	17591	151	353	3	95
24141	922	17562	17242	17763	320	521	4	95
24141	923	17547	17243	17749	304	506	4	95
24141	924	17550	17240	17752	310	512	4	95
24141	925	17545	17242	17747	303	505	4	95
24141	926	17388	17239	17588	149	349	3	95
24141	927	17539	17240	17741	299	501	4	95
24141	928	17544	17242	17745	302	503	4	95
24141	929	17552	17240	17756	312	516	5	95
24141	930	17393	17238	17595	155	357	3	95
24141	931	17392	17240	17594	152	354	3	95
24141	932	17543	17240	17746	303	506	4	95
24141	933	17547	17242	17748	305	506	4	95
24141	934	17540	17242	17740	298	498	4	95
24141	935	17389	17236	17591	153	355	3	95
24141	936	17553	17240	17754	313	514	4	95
24141	937	17544	17239	17746	305	507	4	95
24141	938	17555	17240	17757	315	517	4	95
24141	939	17542	17241	17744	301	503	4	95
24141	940	17393	17240	17594	153	354	3	95
24141	941	17540	17243	17742	297	499	4	95
24141	942	17544	17241	17747	303	506	4	95
24141	943	17541	17239	17741	302	502	4	95
24141	944	17390	17240	17591	150	351	3	95
24141	945	17554	17241	17756	313	515	4	95
24141	946	17540	17241	17742	299	501	4	95
24141	947	17545	17243	17745	302	502	4	95
24141	948	17546	17242	17748	304	506	4	95
24141	949	17392	17240	17592	152	352	3	95
24141	950	17544	17240	17744	304	504	4	95
24141	951	17539	17239	17743	300	504	4	95
24141	952	17545	17242	17745	303	503	4	95
24141	953	17391	17239	17592	152	353	3	95
24141	954	17393	17241	17593	152	352	3	95
24141	955	17547	17242	17747	305	505	4	95
24141	956	17545	17243	17747	302	504	4	95
24141	957	17538	17240	17741	298	501	4	95
24141	958	17392	17238	17593	154	355	3	95
24141	959	17547	17241	17749	306	508	4	95
24141	960	17541	17239	17741	302	502	4	95
24141	961	17545	17240	17746	305	506	4	95
24141	962	17392	17238	17598	154	360	4	95
24141	963	17393	17240	17593	153	353	3	95
24141	964	17548	17245	17749	303	504	4	95
24141	965	17542	17239	17744	303	505	4	95
24141	966	17543	17241	17744	302	503	4	95
24141	967	17387	17240	17590	147	350	3	95
24141	968	17551	17242	17754	309	512	4	95
24141	969	17544	17241	17747	303	506	4	95
24141	970	17538	17241	17741	297	500	4	95
24141	971	17542	17240	17744	302	504	4	95
24141	972	17394	17240	17595	154	355	3	95
24141	973	17538	17241	17740	297	499	4	95
24141	974	17542	17240	17743	302	503	4	95
24141	975	17547	17242	17749	305	507	4	95
24141	976	17400	17238	17600	162	362	3	95
24141	977	17544	17242	17744	302	502	4	95
24141	978	17544	17242	17745	302	503	4	95
24141	979	17546	17239	17746	307	507	4	95
24141	980	17543	17237	17744	306	507	4	95
24141	981	17387	17239	17587	148	348	3	95
24141	982	17542	17242	17743	300	501	4	95
24141	983	17540	17238	17741	302	503	5	95
24141	984	17539	17240	17740	299	500	4	95
24141	985	17392	17238	17594	154	356	3	95
24141	986	17391	17240	17594	151	354	3	95
24141	987	17554	17242	17755	312	513	4	95
24141	988	17538	17242	17738	296	496	4	95
24141	989	17554	17243	17756	311	513	4	95
24141	990	17393	17240	17595	153	355	3	95
24141	991	17562	17241	17765	321	524	4	95
24141	992	17544	17241	17747	303	506	4	95
24141	993	17541	17239	17744	302	505	4	95
24141	994	17550	17239	17752	311	513	4	95
24141	995	17392	17241	17594	151	353	3	95
24141	996	17542	17238	17743	304	505	4	95
24141	997	17547	17242	17749	305	507	4	95
24141	998	17540	17242	17741	298	499	4	95
24141	999	17394	17238	17596	156	358	3	95
24141	1000	17544	17242	17746	302	504	4	95
