RUNID	ITERNUM	METIME	PRTIME	TPRTIME	DIFF	TDIFF	NRPROCS	NPROCS
24341	1	13035	13034	13279	1	245	3	115
24341	2	13035	13034	13279	1	245	3	115
24341	3	13032	13029	13276	3	247	5	115
24341	4	13035	13033	13279	2	246	4	115
24341	5	13035	13033	13279	2	246	4	115
24341	6	13032	13030	13276	2	246	4	115
24341	7	13036	13033	13279	3	246	4	115
24341	8	13035	13034	13279	1	245	3	115
24341	9	13035	13033	13277	2	244	4	115
24341	10	13032	13031	13276	1	245	3	115
24341	11	13035	13035	13280	0	245	3	115
24341	12	13036	13034	13280	2	246	4	115
24341	13	13030	13029	13274	1	245	3	115
24341	14	13035	13033	13281	2	248	5	115
24341	15	13036	13033	13280	3	247	5	115
24341	16	13031	13030	13275	1	245	3	115
24341	17	13037	13035	13281	2	246	4	115
24341	18	13036	13035	13280	1	245	3	115
24341	19	13030	13029	13274	1	245	3	115
24341	20	13036	13034	13281	2	247	4	115
24341	21	12987	12986	13231	1	245	3	115
24341	22	12978	12977	13223	1	246	4	115
24341	23	12993	12986	13237	7	251	6	117
24341	24	12992	12990	13237	2	247	3	115
24341	25	13008	13007	13252	1	245	3	115
24341	26	13032	13029	13273	3	244	4	115
24341	27	13035	13034	13279	1	245	3	115
24341	28	13053	13043	13297	10	254	8	134
24341	29	13032	13029	13276	3	247	5	115
24341	30	13035	13033	13277	2	244	4	115
24341	31	13038	13035	13280	3	245	5	115
24341	32	13031	13029	13274	2	245	3	115
24341	33	13035	13034	13279	1	245	3	115
24341	34	13037	13035	13283	2	248	4	115
24341	35	13035	13034	13279	1	245	3	115
24341	36	13031	13029	13275	2	246	4	115
24341	37	13039	13036	13282	3	246	4	115
24341	38	13036	13033	13277	3	244	4	115
24341	39	13030	13028	13274	2	246	4	115
24341	40	13037	13035	13281	2	246	4	115
24341	41	13037	13034	13280	3	246	4	115
24341	42	13030	13029	13274	1	245	3	115
24341	43	13035	13034	13280	1	246	4	115
24341	44	13035	13034	13279	1	245	3	115
24341	45	13033	13029	13276	4	247	5	115
24341	46	13035	13033	13279	2	246	4	115
24341	47	13036	13033	13278	3	245	4	115
24341	48	13036	13034	13280	2	246	4	115
24341	49	13031	13030	13275	1	245	3	115
24341	50	13035	13034	13279	1	245	3	115
24341	51	13038	13035	13282	3	247	5	115
24341	52	13030	13028	13271	2	243	3	115
24341	53	13036	13035	13278	1	243	3	115
24341	54	13037	13035	13281	2	246	4	115
24341	55	13030	13029	13272	1	243	3	115
24341	56	13035	13034	13281	1	247	3	115
24341	57	13035	13034	13279	1	245	3	115
24341	58	13031	13029	13274	2	245	3	115
24341	59	13037	13035	13283	2	248	4	115
24341	60	13035	13035	13280	0	245	3	115
24341	61	13035	13034	13277	1	243	3	115
24341	62	13034	13031	13277	3	246	4	115
24341	63	13035	13034	13279	1	245	3	115
24341	64	13035	13034	13280	1	246	4	115
24341	65	13032	13029	13276	3	247	5	115
24341	66	13034	13033	13278	1	245	3	115
24341	67	13047	13038	13290	9	252	7	117
24341	68	13032	13029	13274	3	245	5	115
24341	69	13035	13034	13278	1	244	4	115
24341	70	13038	13035	13282	3	247	5	115
24341	71	13030	13029	13274	1	245	3	115
24341	72	13035	13035	13278	0	243	3	115
24341	73	13037	13035	13281	2	246	4	115
24341	74	13035	13034	13279	1	245	3	115
24341	75	13003	13002	13245	1	243	3	115
24341	76	12987	12985	13229	2	244	4	115
24341	77	12979	12978	13221	1	243	3	115
24341	78	12979	12978	13223	1	245	3	115
24341	79	13004	13001	13247	3	246	4	115
24341	80	13035	13034	13279	1	245	3	115
24341	81	13031	13030	13275	1	245	3	115
24341	82	13039	13037	13283	2	246	4	115
24341	83	13035	13034	13277	1	243	3	115
24341	84	13033	13031	13277	2	246	4	115
24341	85	13035	13033	13279	2	246	4	115
24341	86	13035	13034	13279	1	245	3	115
24341	87	13037	13035	13279	2	244	4	115
24341	88	13031	13030	13273	1	243	3	115
24341	89	13035	13034	13279	1	245	3	115
24341	90	13037	13035	13281	2	246	4	115
24341	91	13030	13028	13272	2	244	4	115
24341	92	13036	13033	13277	3	244	4	115
24341	93	13037	13034	13281	3	247	5	115
24341	94	13030	13028	13274	2	246	4	115
24341	95	13034	13032	13278	2	246	4	115
24341	96	13037	13034	13281	3	247	5	115
24341	97	13031	13029	13276	2	247	3	115
24341	98	13037	13035	13281	2	246	4	115
24341	99	13035	13034	13279	1	245	3	115
24341	100	13035	13034	13279	1	245	3	115
24341	101	13033	13031	13277	2	246	4	115
24341	102	13035	13034	13279	1	245	3	115
24341	103	13035	13033	13279	2	246	4	115
24341	104	13032	13030	13276	2	246	4	115
24341	105	13036	13034	13277	2	243	3	115
24341	106	13035	13034	13279	1	245	3	115
24341	107	13031	13028	13275	3	247	5	115
24341	108	13034	13033	13278	1	245	3	115
24341	109	13035	13035	13278	0	243	3	115
24341	110	13033	13031	13277	2	246	4	115
24341	111	13034	13033	13278	1	245	3	115
24341	112	13050	13041	13292	9	251	6	117
24341	113	13036	13035	13280	1	245	3	115
24341	114	13031	13030	13275	1	245	3	115
24341	115	13038	13034	13279	4	245	5	115
24341	116	13036	13035	13278	1	243	3	115
24341	117	13030	13028	13274	2	246	4	115
24341	118	13038	13035	13282	3	247	5	115
24341	119	13035	13033	13279	2	246	4	115
24341	120	13029	13027	13273	2	246	4	115
24341	121	13037	13033	13280	4	247	5	115
24341	122	13035	13034	13279	1	245	3	115
24341	123	13031	13029	13275	2	246	4	115
24341	124	13035	13034	13280	1	246	4	115
24341	125	13035	13034	13281	1	247	3	115
24341	126	13035	13034	13281	1	247	3	115
24341	127	13031	13030	13273	1	243	3	115
24341	128	13033	13033	13278	0	245	3	115
24341	129	13009	13007	13253	2	246	4	115
24341	130	12993	12992	13237	1	245	3	115
24341	131	12984	12982	13227	2	245	3	115
24341	132	12981	12979	13223	2	244	4	115
24341	133	12988	12986	13231	2	245	3	115
24341	134	13035	13034	13279	1	245	3	115
24341	135	13039	13037	13283	2	246	4	115
24341	136	13033	13031	13274	2	243	3	115
24341	137	13032	13031	13276	1	245	3	115
24341	138	13037	13035	13281	2	246	4	115
24341	139	13035	13034	13279	1	245	3	115
24341	140	13030	13028	13274	2	246	4	115
24341	141	13035	13034	13279	1	245	3	115
24341	142	13036	13035	13280	1	245	3	115
24341	143	13032	13030	13276	2	246	4	115
24341	144	13037	13035	13278	2	243	3	115
24341	145	13036	13034	13279	2	245	3	115
24341	146	13032	13030	13274	2	244	4	115
24341	147	13035	13033	13277	2	244	4	115
24341	148	13035	13033	13279	2	246	4	115
24341	149	13034	13030	13277	4	247	5	115
24341	150	13033	13032	13275	1	243	3	115
24341	151	13035	13034	13281	1	247	3	115
24341	152	13038	13036	13280	2	244	4	115
24341	153	13030	13028	13273	2	245	3	115
24341	154	13035	13034	13279	1	245	3	115
24341	155	13035	13033	13279	2	246	4	115
24341	156	13042	13033	13285	9	252	6	117
24341	157	13037	13035	13281	2	246	4	115
24341	158	13036	13034	13277	2	243	3	115
24341	159	13029	13028	13273	1	245	3	115
24341	160	13037	13036	13282	1	246	4	115
24341	161	13035	13034	13279	1	245	3	115
24341	162	13032	13031	13274	1	243	3	115
24341	163	13036	13034	13278	2	244	4	115
24341	164	13035	13034	13279	1	245	3	115
24341	165	13035	13034	13280	1	246	4	115
24341	166	13033	13029	13277	4	248	5	115
24341	167	13035	13033	13281	2	248	4	115
24341	168	13035	13033	13279	2	246	4	115
24341	169	13030	13028	13274	2	246	4	115
24341	170	13036	13034	13279	2	245	4	115
24341	171	13037	13035	13281	2	246	4	115
24341	172	13030	13028	13272	2	244	4	115
24341	173	13036	13034	13278	2	244	4	115
24341	174	13037	13035	13279	2	244	4	115
24341	175	13032	13031	13274	1	243	3	115
24341	176	13033	13032	13276	1	244	3	115
24341	177	13038	13036	13280	2	244	4	115
24341	178	13035	13034	13281	1	247	3	115
24341	179	13030	13029	13274	1	245	3	115
24341	180	13037	13035	13281	2	246	4	115
24341	181	13035	13034	13279	1	245	3	115
24341	182	13030	13029	13274	1	245	3	115
24341	183	13008	13007	13252	1	245	3	115
24341	184	12979	12978	13223	1	245	3	115
24341	185	12981	12979	13225	2	246	4	115
24341	186	12982	12980	13226	2	246	4	115
24341	187	12997	12996	13241	1	245	3	115
24341	188	13034	13032	13280	2	248	4	115
24341	189	13033	13032	13277	1	245	3	115
24341	190	13036	13034	13279	2	245	3	115
24341	191	13037	13035	13279	2	244	4	115
24341	192	13030	13028	13274	2	246	4	115
24341	193	13035	13033	13279	2	246	4	115
24341	194	13038	13036	13280	2	244	4	115
24341	195	13029	13029	13274	0	245	3	115
24341	196	13035	13034	13282	1	248	4	115
24341	197	13037	13036	13281	1	245	3	115
24341	198	13030	13026	13273	4	247	5	115
24341	199	13037	13036	13282	1	246	4	115
24341	200	13049	13040	13294	9	254	7	117
24341	201	13033	13030	13276	3	246	4	115
24341	202	13036	13033	13278	3	245	5	115
24341	203	13035	13034	13279	1	245	3	115
24341	204	13035	13034	13279	1	245	3	115
24341	205	13032	13030	13276	2	246	4	115
24341	206	13035	13034	13279	1	245	3	115
24341	207	13035	13034	13279	1	245	3	115
24341	208	13031	13030	13274	1	244	4	115
24341	209	13035	13033	13279	2	246	4	115
24341	210	13037	13035	13281	2	246	4	115
24341	211	13030	13028	13271	2	243	3	115
24341	212	13035	13034	13279	1	245	3	115
24341	213	13037	13035	13281	2	246	4	115
24341	214	13034	13033	13278	1	245	3	115
24341	215	13033	13032	13277	1	245	3	115
24341	216	13037	13033	13278	4	245	5	115
24341	217	13035	13033	13279	2	246	4	115
24341	218	13030	13029	13272	1	243	3	115
24341	219	13037	13035	13281	2	246	4	115
24341	220	13035	13034	13279	1	245	3	115
24341	221	13029	13028	13273	1	245	3	115
24341	222	13035	13034	13279	1	245	3	115
24341	223	13035	13034	13278	1	244	3	115
24341	224	13032	13030	13276	2	246	4	115
24341	225	13035	13034	13279	1	245	3	115
24341	226	13035	13034	13279	1	245	3	115
24341	227	13035	13032	13278	3	246	4	115
24341	228	13033	13033	13278	0	245	3	115
24341	229	13035	13034	13279	1	245	3	115
24341	230	13037	13035	13281	2	246	4	115
24341	231	13030	13029	13272	1	243	3	115
24341	232	13035	13033	13279	2	246	4	115
24341	233	13037	13035	13281	2	246	4	115
24341	234	13030	13029	13274	1	245	3	115
24341	235	13037	13035	13281	2	246	4	115
24341	236	13035	13033	13279	2	246	4	115
24341	237	13012	13011	13256	1	245	3	115
24341	238	12995	12993	13237	2	244	4	115
24341	239	12979	12977	13220	2	243	3	115
24341	240	12978	12976	13222	2	246	4	115
24341	241	12986	12984	13228	2	244	4	115
24341	242	13036	13034	13279	2	245	3	115
24341	243	13035	13033	13278	2	245	3	115
24341	244	13044	13034	13289	10	255	8	117
24341	245	13034	13033	13278	1	245	3	115
24341	246	13035	13034	13281	1	247	3	115
24341	247	13029	13029	13274	0	245	3	115
24341	248	13035	13033	13281	2	248	4	115
24341	249	13037	13035	13282	2	247	5	115
24341	250	13031	13030	13275	1	245	3	115
24341	251	13035	13035	13278	0	243	3	115
24341	252	13037	13035	13281	2	246	4	115
24341	253	13032	13032	13277	0	245	3	115
24341	254	13034	13033	13277	1	244	3	115
24341	255	13037	13035	13281	2	246	4	115
24341	256	13035	13034	13277	1	243	3	115
24341	257	13029	13029	13274	0	245	3	115
24341	258	13037	13034	13281	3	247	5	115
24341	259	13036	13035	13278	1	243	3	115
24341	260	13030	13028	13271	2	243	3	115
24341	261	13036	13035	13278	1	243	3	115
24341	262	13036	13035	13278	1	243	3	115
24341	263	13032	13030	13276	2	246	4	115
24341	264	13036	13034	13279	2	245	3	115
24341	265	13035	13035	13278	0	243	3	115
24341	266	13034	13032	13279	2	247	4	115
24341	267	13033	13032	13277	1	245	3	115
24341	268	13035	13034	13278	1	244	3	115
24341	269	13037	13035	13281	2	246	4	115
24341	270	13028	13027	13272	1	245	3	115
24341	271	13035	13033	13279	2	246	4	115
24341	272	13036	13034	13279	2	245	5	115
24341	273	13030	13028	13274	2	246	4	115
24341	274	13037	13035	13282	2	247	5	115
24341	275	13035	13033	13279	2	246	4	115
24341	276	13030	13028	13274	2	246	4	115
24341	277	13037	13034	13281	3	247	5	115
24341	278	13035	13034	13279	1	245	3	115
24341	279	13032	13031	13276	1	245	3	115
24341	280	13037	13035	13280	2	245	4	115
24341	281	13036	13035	13280	1	245	3	115
24341	282	13034	13033	13278	1	245	3	115
24341	283	13031	13029	13275	2	246	4	115
24341	284	13035	13034	13279	1	245	3	115
24341	285	13036	13035	13280	1	245	3	115
24341	286	13030	13029	13274	1	245	3	115
24341	287	13035	13034	13279	1	245	3	115
24341	288	13050	13039	13291	11	252	6	117
24341	289	13030	13029	13274	1	245	3	115
24341	290	13035	13034	13279	1	245	3	115
24341	291	13005	13003	13248	2	245	4	115
24341	292	12979	12978	13222	1	244	3	115
24341	293	12997	12990	13241	7	251	7	134
24341	294	12994	12993	13237	1	244	4	115
24341	295	12996	12995	13240	1	245	3	115
24341	296	13030	13029	13274	1	245	3	115
24341	297	13037	13036	13282	1	246	4	115
24341	298	13035	13033	13277	2	244	4	115
24341	299	13029	13028	13273	1	245	3	115
24341	300	13035	13033	13277	2	244	4	115
24341	301	13035	13033	13279	2	246	4	115
24341	302	13031	13029	13276	2	247	5	115
24341	303	13037	13035	13280	2	245	3	115
24341	304	13035	13035	13280	0	245	3	115
24341	305	13034	13033	13279	1	246	4	115
24341	306	13033	13033	13276	0	243	3	115
24341	307	13036	13034	13279	2	245	3	115
24341	308	13037	13035	13281	2	246	4	115
24341	309	13030	13029	13274	1	245	3	115
24341	310	13035	13034	13279	1	245	3	115
24341	311	13037	13034	13278	3	244	4	115
24341	312	13029	13028	13273	1	245	3	115
24341	313	13036	13035	13278	1	243	3	115
24341	314	13035	13034	13280	1	246	4	115
24341	315	13029	13028	13273	1	245	3	115
24341	316	13037	13036	13282	1	246	4	115
24341	317	13035	13034	13279	1	245	3	115
24341	318	13033	13032	13275	1	243	3	115
24341	319	13035	13033	13279	2	246	4	115
24341	320	13035	13034	13279	1	245	3	115
24341	321	13035	13034	13279	1	245	3	115
24341	322	13031	13029	13277	2	248	4	115
24341	323	13036	13035	13278	1	243	3	115
24341	324	13034	13032	13278	2	246	4	115
24341	325	13032	13029	13276	3	247	5	115
24341	326	13036	13034	13280	2	246	4	115
24341	327	13035	13033	13279	2	246	4	115
24341	328	13030	13028	13274	2	246	4	115
24341	329	13036	13033	13279	3	246	4	115
24341	330	13037	13035	13282	2	247	5	115
24341	331	13033	13032	13277	1	245	3	115
24341	332	13045	13036	13288	9	252	6	117
24341	333	13037	13035	13281	2	246	4	115
24341	334	13037	13036	13279	1	243	3	115
24341	335	13029	13028	13274	1	246	4	115
24341	336	13037	13034	13281	3	247	5	115
24341	337	13034	13033	13278	1	245	3	115
24341	338	13030	13029	13274	1	245	3	115
24341	339	13038	13035	13281	3	246	4	115
24341	340	13035	13034	13277	1	243	3	115
24341	341	13030	13029	13274	1	245	3	115
24341	342	13035	13034	13279	1	245	3	115
24341	343	13036	13033	13279	3	246	4	115
24341	344	13037	13033	13280	4	247	5	115
24341	345	13018	13017	13262	1	245	3	115
24341	346	12982	12981	13226	1	245	3	115
24341	347	12981	12979	13225	2	246	4	115
24341	348	12979	12978	13223	1	245	3	115
24341	349	12988	12987	13232	1	245	3	115
24341	350	13037	13035	13279	2	244	4	115
24341	351	13030	13028	13274	2	246	4	115
24341	352	13035	13034	13280	1	246	4	115
24341	353	13037	13035	13281	2	246	4	115
24341	354	13030	13029	13274	1	245	3	115
24341	355	13035	13033	13279	2	246	4	115
24341	356	13037	13035	13281	2	246	4	115
24341	357	13035	13034	13277	1	243	3	115
24341	358	13032	13030	13275	2	245	3	115
24341	359	13035	13035	13280	0	245	3	115
24341	360	13036	13035	13278	1	243	3	115
24341	361	13032	13030	13274	2	244	4	115
24341	362	13035	13034	13281	1	247	3	115
24341	363	13035	13034	13279	1	245	3	115
24341	364	13031	13030	13276	1	246	4	115
24341	365	13036	13033	13278	3	245	4	115
24341	366	13034	13033	13276	1	243	3	114
24341	367	13032	13030	13274	2	244	4	114
24341	368	13034	13033	13276	1	243	3	114
24341	369	13044	13037	13286	7	249	4	115
24341	370	13037	13034	13278	3	244	4	115
24341	371	13031	13028	13276	3	248	4	115
24341	372	13035	13034	13278	1	244	4	115
24341	373	13037	13034	13281	3	247	5	115
24341	374	13032	13030	13274	2	244	4	115
24341	375	13035	13034	13279	1	245	3	115
24341	376	13036	13034	13279	2	245	3	115
24341	377	13042	13035	13284	7	249	5	117
24341	378	13037	13035	13281	2	246	4	115
24341	379	13036	13034	13279	2	245	3	115
24341	380	13031	13030	13275	1	245	3	115
24341	381	13036	13033	13280	3	247	5	115
24341	382	13035	13034	13279	1	245	3	115
24341	383	13035	13034	13279	1	245	3	115
24341	384	13032	13030	13276	2	246	4	115
24341	385	13035	13033	13279	2	246	4	115
24341	386	13036	13035	13278	1	243	3	115
24341	387	13032	13030	13276	2	246	4	115
24341	388	13035	13035	13280	0	245	3	115
24341	389	13036	13035	13278	1	243	3	115
24341	390	13032	13030	13274	2	244	4	115
24341	391	13034	13033	13278	1	245	3	115
24341	392	13035	13035	13281	0	246	4	115
24341	393	13033	13031	13276	2	245	3	115
24341	394	13034	13032	13278	2	246	4	115
24341	395	13036	13034	13280	2	246	4	115
24341	396	13037	13035	13281	2	246	4	115
24341	397	13030	13028	13274	2	246	4	115
24341	398	13037	13034	13281	3	247	5	115
24341	399	13030	13028	13274	2	246	4	115
24341	400	12993	12992	13235	1	243	3	115
24341	401	12989	12987	13234	2	247	4	115
24341	402	12978	12977	13222	1	245	3	115
24341	403	12979	12978	13223	1	245	3	115
24341	404	13024	13021	13268	3	247	5	115
24341	405	13037	13034	13281	3	247	5	115
24341	406	13033	13032	13277	1	245	3	115
24341	407	13033	13031	13278	2	247	5	115
24341	408	13035	13034	13279	1	245	3	115
24341	409	13037	13035	13281	2	246	4	115
24341	410	13030	13029	13274	1	245	3	115
24341	411	13035	13034	13279	1	245	3	115
24341	412	13038	13035	13280	3	245	5	115
24341	413	13031	13028	13275	3	247	4	115
24341	414	13036	13035	13280	1	245	3	115
24341	415	13037	13035	13281	2	246	4	115
24341	416	13030	13029	13272	1	243	3	115
24341	417	13035	13034	13279	1	245	3	115
24341	418	13037	13035	13281	2	246	4	115
24341	419	13034	13033	13278	1	245	3	115
24341	420	13030	13028	13274	2	246	4	115
24341	421	13049	13042	13292	7	250	6	117
24341	422	13035	13034	13279	1	245	3	115
24341	423	13030	13030	13273	0	243	3	115
24341	424	13035	13035	13278	0	243	3	115
24341	425	13036	13035	13278	1	243	3	115
24341	426	13032	13030	13276	2	246	4	115
24341	427	13035	13034	13280	1	246	3	115
24341	428	13035	13033	13279	2	246	4	115
24341	429	13033	13030	13275	3	245	5	115
24341	430	13036	13035	13280	1	245	3	115
24341	431	13034	13033	13280	1	247	3	115
24341	432	13035	13033	13277	2	244	4	115
24341	433	13031	13030	13275	1	245	3	115
24341	434	13035	13034	13279	1	245	3	115
24341	435	13038	13036	13284	2	248	4	115
24341	436	13032	13030	13275	2	245	3	115
24341	437	13035	13034	13279	1	245	3	115
24341	438	13036	13034	13278	2	244	4	115
24341	439	13030	13029	13274	1	245	3	115
24341	440	13038	13035	13281	3	246	4	115
24341	441	13036	13035	13280	1	245	3	115
24341	442	13030	13030	13273	0	243	3	115
24341	443	13037	13034	13281	3	247	5	115
24341	444	13035	13033	13279	2	246	4	115
24341	445	13033	13031	13279	2	248	4	115
24341	446	13033	13031	13277	2	246	4	115
24341	447	13035	13034	13279	1	245	3	115
24341	448	13036	13035	13278	1	243	3	115
24341	449	13032	13029	13277	3	248	4	115
24341	450	13035	13033	13279	2	246	4	115
24341	451	13035	13034	13279	1	245	3	115
24341	452	13031	13028	13277	3	249	5	115
24341	453	13030	13030	13275	0	245	3	115
24341	454	12982	12981	13224	1	243	3	115
24341	455	12979	12978	13224	1	246	4	115
24341	456	12980	12979	13224	1	245	3	115
24341	457	12993	12992	13238	1	246	4	115
24341	458	13015	13015	13260	0	245	3	115
24341	459	13031	13030	13273	1	243	3	115
24341	460	13037	13035	13281	2	246	4	115
24341	461	13034	13033	13278	1	245	3	115
24341	462	13029	13028	13273	1	245	3	115
24341	463	13038	13035	13279	3	244	4	115
24341	464	13036	13034	13279	2	245	3	115
24341	465	13042	13033	13284	9	251	5	117
24341	466	13037	13035	13281	2	246	4	115
24341	467	13036	13035	13280	1	245	3	115
24341	468	13032	13031	13278	1	247	3	115
24341	469	13035	13033	13279	2	246	4	115
24341	470	13036	13035	13280	1	245	3	115
24341	471	13035	13034	13279	1	245	3	115
24341	472	13030	13029	13274	1	245	3	115
24341	473	13035	13034	13278	1	244	3	115
24341	474	13036	13034	13282	2	248	4	115
24341	475	13029	13028	13273	1	245	3	115
24341	476	13035	13034	13279	1	245	3	115
24341	477	13037	13034	13281	3	247	5	115
24341	478	13030	13029	13274	1	245	3	115
24341	479	13035	13034	13279	1	245	3	115
24341	480	13037	13034	13281	3	247	5	115
24341	481	13033	13031	13277	2	246	4	115
24341	482	13033	13031	13276	2	245	3	115
24341	483	13038	13036	13280	2	244	4	115
24341	484	13035	13034	13279	1	245	3	115
24341	485	13030	13029	13274	1	245	3	115
24341	486	13038	13036	13282	2	246	4	115
24341	487	13035	13034	13277	1	243	3	115
24341	488	13032	13030	13274	2	244	4	115
24341	489	13035	13033	13279	2	246	4	115
24341	490	13035	13033	13281	2	248	4	115
24341	491	13032	13030	13276	2	246	4	115
24341	492	13036	13035	13278	1	243	3	115
24341	493	13036	13034	13279	2	245	3	115
24341	494	13035	13033	13279	2	246	4	115
24341	495	13033	13031	13276	2	245	3	115
24341	496	13036	13034	13279	2	245	3	115
24341	497	13037	13034	13281	3	247	5	115
24341	498	13032	13030	13274	2	244	4	115
24341	499	13035	13033	13278	2	245	3	115
24341	500	13037	13034	13278	3	244	4	115
24341	501	13030	13028	13273	2	245	3	115
24341	502	13035	13034	13279	1	245	3	115
24341	503	13035	13034	13279	1	245	3	115
24341	504	13030	13029	13274	1	245	3	115
24341	505	13038	13036	13280	2	244	4	115
24341	506	13035	13034	13279	1	245	3	115
24341	507	13035	13034	13279	1	245	3	115
24341	508	13004	13002	13246	2	244	4	115
24341	509	12985	12983	13228	2	245	3	115
24341	510	12991	12985	13235	6	250	5	117
24341	511	12981	12979	13225	2	246	4	115
24341	512	13002	13000	13244	2	244	4	115
24341	513	13035	13033	13279	2	246	4	115
24341	514	13032	13029	13276	3	247	5	115
24341	515	13036	13034	13277	2	243	3	115
24341	516	13034	13034	13279	0	245	3	115
24341	517	13033	13031	13277	2	246	4	115
24341	518	13035	13033	13276	2	243	3	115
24341	519	13035	13034	13279	1	245	3	115
24341	520	13034	13033	13278	1	245	3	115
24341	521	13031	13030	13275	1	245	3	115
24341	522	13037	13034	13281	3	247	4	115
24341	523	13092	13050	13334	42	284	8	139
24341	524	13030	13029	13272	1	243	3	115
24341	525	13037	13036	13282	1	246	4	115
24341	526	13036	13035	13278	1	243	3	115
24341	527	13030	13029	13274	1	245	3	115
24341	528	13036	13034	13280	2	246	4	115
24341	529	13034	13034	13279	0	245	3	115
24341	530	13030	13030	13275	0	245	3	115
24341	531	13037	13035	13279	2	244	4	115
24341	532	13035	13034	13279	1	245	3	115
24341	533	13035	13034	13279	1	245	3	115
24341	534	13030	13029	13274	1	245	3	115
24341	535	13035	13035	13278	0	243	3	115
24341	536	13037	13035	13281	2	246	4	115
24341	537	13030	13028	13274	2	246	4	115
24341	538	13036	13035	13280	1	245	3	115
24341	539	13037	13036	13280	1	244	4	115
24341	540	13029	13028	13274	1	246	4	115
24341	541	13034	13033	13278	1	245	3	115
24341	542	13037	13034	13281	3	247	5	115
24341	543	13032	13031	13276	1	245	3	115
24341	544	13034	13031	13279	3	248	4	115
24341	545	13037	13034	13281	3	247	5	115
24341	546	13035	13034	13279	1	245	3	115
24341	547	13030	13029	13274	1	245	3	115
24341	548	13038	13036	13280	2	244	4	115
24341	549	13036	13034	13277	2	243	3	115
24341	550	13029	13029	13274	0	245	3	115
24341	551	13035	13034	13279	1	245	3	115
24341	552	13035	13034	13279	1	245	3	115
24341	553	13031	13028	13275	3	247	5	115
24341	554	13049	13043	13290	6	247	5	117
24341	555	13035	13033	13279	2	246	3	115
24341	556	13035	13032	13278	3	246	4	115
24341	557	13034	13032	13275	2	243	3	115
24341	558	13058	13044	13299	14	255	10	138
24341	559	13038	13035	13281	3	246	4	115
24341	560	13030	13029	13274	1	245	3	115
24341	561	13034	13032	13278	2	246	4	115
24341	562	13011	13009	13255	2	246	4	115
24341	563	12993	12992	13235	1	243	3	115
24341	564	12983	12982	13229	1	247	3	115
24341	565	12978	12977	13225	1	248	4	115
24341	566	12984	12983	13228	1	245	3	115
24341	567	13037	13034	13281	3	247	5	115
24341	568	13037	13035	13280	2	245	3	115
24341	569	13035	13034	13277	1	243	3	115
24341	570	13034	13031	13277	3	246	4	115
24341	571	13035	13034	13279	1	245	3	115
24341	572	13036	13035	13278	1	243	3	115
24341	573	13032	13030	13276	2	246	4	115
24341	574	13036	13035	13278	1	243	3	115
24341	575	13035	13034	13279	1	245	3	115
24341	576	13032	13030	13275	2	245	4	115
24341	577	13035	13034	13279	1	245	3	115
24341	578	13036	13034	13279	2	245	3	115
24341	579	13032	13030	13276	2	246	4	115
24341	580	13035	13034	13279	1	245	3	115
24341	581	13035	13034	13277	1	243	3	115
24341	582	13033	13031	13277	2	246	4	115
24341	583	13031	13030	13275	1	245	3	115
24341	584	13038	13035	13280	3	245	5	115
24341	585	13036	13033	13279	3	246	4	115
24341	586	13030	13028	13274	2	246	4	115
24341	587	13037	13034	13281	3	247	5	115
24341	588	13035	13033	13279	2	246	4	115
24341	589	13030	13029	13274	1	245	3	115
24341	590	13037	13035	13281	2	246	4	115
24341	591	13035	13034	13279	1	245	3	115
24341	592	13030	13029	13274	1	245	3	115
24341	593	13037	13035	13281	2	246	4	115
24341	594	13035	13035	13278	0	243	3	115
24341	595	13033	13031	13276	2	245	3	115
24341	596	13032	13031	13275	1	244	4	115
24341	597	13036	13034	13279	2	245	4	115
24341	598	13049	13038	13292	11	254	8	117
24341	599	13030	13029	13272	1	243	3	115
24341	600	13037	13036	13281	1	245	3	115
24341	601	13037	13035	13279	2	244	4	115
24341	602	13030	13029	13274	1	245	3	115
24341	603	13035	13035	13280	0	245	3	115
24341	604	13037	13035	13281	2	246	4	115
24341	605	13031	13029	13274	2	245	3	115
24341	606	13035	13033	13279	2	246	4	115
24341	607	13037	13034	13281	3	247	5	115
24341	608	13033	13033	13278	0	245	3	115
24341	609	13031	13029	13275	2	246	4	115
24341	610	13038	13035	13281	3	246	4	115
24341	611	13036	13035	13278	1	243	3	115
24341	612	13032	13030	13276	2	246	4	115
24341	613	13036	13033	13279	3	246	4	115
24341	614	13036	13033	13279	3	246	4	115
24341	615	13032	13031	13276	1	245	4	115
24341	616	13016	13015	13258	1	243	3	115
24341	617	12979	12978	13221	1	243	3	115
24341	618	12981	12979	13225	2	246	4	115
24341	619	12980	12979	13222	1	243	3	115
24341	620	12992	12992	13237	0	245	3	115
24341	621	13037	13035	13279	2	244	4	115
24341	622	13031	13029	13275	2	246	4	115
24341	623	13035	13034	13279	1	245	3	115
24341	624	13036	13035	13281	1	246	4	115
24341	625	13030	13030	13273	0	243	3	115
24341	626	13035	13034	13278	1	244	3	115
24341	627	13035	13033	13279	2	246	4	115
24341	628	13030	13028	13273	2	245	3	115
24341	629	13037	13034	13281	3	247	5	115
24341	630	13036	13033	13277	3	244	4	115
24341	631	13033	13032	13277	1	245	3	115
24341	632	13036	13034	13280	2	246	4	115
24341	633	13035	13034	13279	1	245	3	115
24341	634	13035	13034	13279	1	245	3	115
24341	635	13032	13030	13276	2	246	4	115
24341	636	13035	13034	13281	1	247	3	115
24341	637	13035	13033	13279	2	246	4	115
24341	638	13032	13028	13272	4	244	4	115
24341	639	13035	13034	13279	1	245	3	115
24341	640	13036	13034	13279	2	245	3	115
24341	641	13031	13030	13276	1	246	4	115
24341	642	13035	13034	13279	1	245	3	115
24341	643	13036	13033	13283	3	250	5	117
24341	644	13032	13031	13276	1	245	3	115
24341	645	13034	13031	13277	3	246	4	115
24341	646	13037	13034	13281	3	247	5	115
24341	647	13035	13035	13280	0	245	3	115
24341	648	13030	13029	13274	1	245	3	115
24341	649	13037	13035	13281	2	246	4	115
24341	650	13035	13033	13279	2	246	4	115
24341	651	13030	13029	13272	1	243	3	115
24341	652	13037	13034	13278	3	244	4	115
24341	653	13036	13034	13277	2	243	3	115
24341	654	13030	13028	13272	2	244	4	115
24341	655	13037	13035	13279	2	244	4	115
24341	656	13035	13034	13279	1	245	3	115
24341	657	13034	13032	13277	2	245	3	115
24341	658	13035	13033	13279	2	246	4	115
24341	659	13036	13035	13278	1	243	3	115
24341	660	13035	13035	13283	0	248	4	115
24341	661	13030	13027	13273	3	246	4	115
24341	662	13034	13032	13280	2	248	4	115
24341	663	13037	13034	13279	3	245	5	115
24341	664	13031	13029	13275	2	246	4	115
24341	665	13035	13033	13281	2	248	4	115
24341	666	13037	13034	13279	3	245	5	115
24341	667	13030	13029	13274	1	245	3	115
24341	668	13035	13034	13279	1	245	3	115
24341	669	13037	13035	13281	2	246	4	115
24341	670	13026	13026	13269	0	243	3	115
24341	671	12994	12993	13239	1	246	3	115
24341	672	12986	12984	13230	2	246	4	115
24341	673	12979	12977	13222	2	245	3	115
24341	674	12978	12977	13222	1	245	3	115
24341	675	13025	13023	13267	2	244	4	115
24341	676	13035	13034	13281	1	247	3	115
24341	677	13030	13029	13275	1	246	4	115
24341	678	13035	13034	13279	1	245	3	115
24341	679	13034	13033	13278	1	245	3	115
24341	680	13033	13031	13277	2	246	4	115
24341	681	13035	13034	13277	1	243	3	115
24341	682	13035	13034	13281	1	247	3	115
24341	683	13036	13034	13280	2	246	4	115
24341	684	13031	13029	13275	2	246	4	115
24341	685	13036	13035	13278	1	243	3	115
24341	686	13037	13035	13281	2	246	4	115
24341	687	13042	13033	13282	9	249	6	117
24341	688	13036	13034	13277	2	243	3	115
24341	689	13037	13035	13280	2	245	5	115
24341	690	13030	13029	13274	1	245	3	115
24341	691	13034	13032	13278	2	246	4	115
24341	692	13035	13033	13277	2	244	4	115
24341	693	13031	13029	13276	2	247	4	115
24341	694	13037	13034	13279	3	245	5	115
24341	695	13035	13034	13279	1	245	3	115
24341	696	13035	13034	13277	1	243	3	115
24341	697	13033	13030	13276	3	246	4	115
24341	698	13035	13034	13281	1	247	3	115
24341	699	13036	13034	13279	2	245	3	115
24341	700	13032	13030	13276	2	246	4	115
24341	701	13035	13034	13279	1	245	3	115
24341	702	13037	13035	13279	2	244	4	115
24341	703	13031	13029	13273	2	244	4	115
24341	704	13034	13033	13278	1	245	3	115
24341	705	13035	13034	13279	1	245	3	115
24341	706	13033	13032	13278	1	246	4	115
24341	707	13034	13033	13278	1	245	3	115
24341	708	13035	13034	13279	1	245	3	115
24341	709	13035	13034	13279	1	245	3	115
24341	710	13030	13029	13274	1	245	3	115
24341	711	13037	13035	13281	2	246	4	115
24341	712	13035	13034	13279	1	245	3	115
24341	713	13030	13029	13274	1	245	3	115
24341	714	13037	13034	13279	3	245	5	115
24341	715	13035	13033	13279	2	246	4	115
24341	716	13028	13026	13272	2	246	4	115
24341	717	13037	13034	13281	3	247	5	115
24341	718	13036	13033	13279	3	246	4	115
24341	719	13032	13030	13276	2	246	4	115
24341	720	13036	13034	13280	2	246	4	115
24341	721	13035	13034	13277	1	243	3	115
24341	722	13036	13035	13280	1	245	3	115
24341	723	13149	13032	13393	117	361	6	116
24341	724	13028	13027	13272	1	245	3	115
24341	725	12984	12982	13229	2	247	5	115
24341	726	12979	12977	13222	2	245	3	115
24341	727	12984	12982	13228	2	246	4	115
24341	728	12995	12993	13237	2	244	4	115
24341	729	13010	13009	13254	1	245	3	115
24341	730	13036	13034	13277	2	243	3	115
24341	731	13049	13040	13291	9	251	6	117
24341	732	13032	13030	13276	2	246	4	115
24341	733	13032	13029	13273	3	244	4	115
24341	734	13037	13035	13281	2	246	4	115
24341	735	13035	13035	13280	0	245	3	115
24341	736	13030	13029	13274	1	245	3	115
24341	737	13038	13035	13281	3	246	4	115
24341	738	13036	13035	13280	1	245	3	115
24341	739	13030	13029	13274	1	245	3	115
24341	740	13036	13034	13281	2	247	5	115
24341	741	13035	13032	13280	3	248	4	115
24341	742	13034	13031	13276	3	245	5	115
24341	743	13035	13035	13278	0	243	3	115
24341	744	13036	13035	13278	1	243	3	115
24341	745	13035	13033	13279	2	246	4	115
24341	746	13032	13030	13276	2	246	4	115
24341	747	13035	13035	13280	0	245	3	115
24341	748	13037	13034	13279	3	245	5	115
24341	749	13030	13029	13274	1	245	3	115
24341	750	13035	13034	13281	1	247	3	115
24341	751	13037	13035	13281	2	246	4	115
24341	752	13029	13028	13275	1	247	3	115
24341	753	13035	13035	13280	0	245	3	115
24341	754	13037	13035	13281	2	246	4	115
24341	755	13030	13029	13275	1	246	4	115
24341	756	13035	13033	13279	2	246	4	115
24341	757	13035	13034	13278	1	244	3	115
24341	758	13034	13030	13277	4	247	5	115
24341	759	13033	13031	13277	2	246	4	115
24341	760	13035	13035	13280	0	245	3	115
24341	761	13036	13034	13279	2	245	3	115
24341	762	13033	13030	13276	3	246	4	115
24341	763	13035	13034	13279	1	245	3	115
24341	764	13036	13033	13279	3	246	4	115
24341	765	13032	13030	13276	2	246	4	115
24341	766	13035	13034	13279	1	245	3	115
24341	767	13035	13033	13279	2	246	4	115
24341	768	13033	13031	13277	2	246	4	115
24341	769	13035	13034	13279	1	245	3	115
24341	770	13035	13034	13277	1	243	3	115
24341	771	13037	13034	13280	3	246	4	115
24341	772	13030	13029	13274	1	245	3	115
24341	773	13037	13034	13280	3	246	4	115
24341	774	13035	13034	13279	1	245	3	115
24341	775	13042	13036	13285	6	249	6	117
24341	776	13036	13034	13280	2	246	4	115
24341	777	13036	13034	13279	2	245	3	115
24341	778	13033	13032	13277	1	245	3	115
24341	779	13004	13002	13250	2	248	4	115
24341	780	12979	12979	13224	0	245	3	115
24341	781	12978	12977	13222	1	245	3	115
24341	782	12981	12979	13225	2	246	4	115
24341	783	13006	13005	13248	1	243	3	115
24341	784	13035	13033	13279	2	246	4	115
24341	785	13032	13029	13276	3	247	5	115
24341	786	13035	13033	13279	2	246	4	115
24341	787	13034	13033	13280	1	247	3	115
24341	788	13032	13028	13275	4	247	5	115
24341	789	13035	13032	13279	3	247	4	115
24341	790	13036	13033	13279	3	246	4	115
24341	791	13030	13028	13272	2	244	4	115
24341	792	13036	13034	13279	2	245	3	115
24341	793	13037	13035	13281	2	246	4	115
24341	794	13032	13031	13278	1	247	3	115
24341	795	13034	13032	13275	2	243	3	115
24341	796	13037	13035	13281	2	246	4	115
24341	797	13036	13034	13277	2	243	3	115
24341	798	13030	13028	13274	2	246	4	115
24341	799	13036	13035	13281	1	246	4	115
24341	800	13035	13034	13279	1	245	3	115
24341	801	13029	13028	13273	1	245	3	115
24341	802	13038	13036	13282	2	246	4	115
24341	803	13034	13034	13279	0	245	3	115
24341	804	13031	13030	13275	1	245	3	115
24341	805	13037	13035	13279	2	244	4	115
24341	806	13035	13033	13279	2	246	4	115
24341	807	13033	13033	13280	0	247	3	115
24341	808	13032	13031	13276	1	245	3	115
24341	809	13035	13033	13277	2	244	4	114
24341	810	13038	13035	13279	3	244	4	114
24341	811	13030	13027	13271	3	244	4	114
24341	812	13035	13034	13275	1	241	3	114
24341	813	13047	13040	13289	7	249	6	115
24341	814	13029	13027	13273	2	246	4	115
24341	815	13035	13032	13279	3	247	5	115
24341	816	13037	13035	13281	2	246	4	115
24341	817	13031	13029	13273	2	244	4	115
24341	818	13035	13032	13277	3	245	4	115
24341	819	13037	13035	13281	2	246	4	115
24341	820	13046	13038	13290	8	252	6	117
24341	821	13032	13031	13276	1	245	3	115
24341	822	13036	13035	13280	1	245	3	115
24341	823	13035	13034	13281	1	247	3	115
24341	824	13055	13042	13298	13	256	12	138
24341	825	13034	13031	13279	3	248	5	115
24341	826	15245	13102	15610	2143	2508	6	116
24341	827	26032	13051	26397	12981	13346	5	116
24341	828	26030	13070	26398	12960	13328	7	116
24341	829	19572	13054	19816	6518	6762	8	116
24341	830	12995	12994	13240	1	246	4	115
24341	831	12989	12988	13233	1	245	3	115
24341	832	12978	12977	13224	1	247	3	115
24341	833	12980	12978	13224	2	246	4	115
24341	834	13019	13018	13263	1	245	3	115
24341	835	13036	13035	13278	1	243	3	115
24341	836	13037	13035	13281	2	246	4	115
24341	837	13031	13030	13273	1	243	3	115
24341	838	13034	13032	13278	2	246	4	115
24341	839	13037	13034	13283	3	249	5	115
24341	840	13030	13029	13272	1	243	3	115
24341	841	13035	13034	13279	1	245	3	115
24341	842	13038	13036	13280	2	244	4	115
24341	843	13030	13029	13274	1	245	3	115
24341	844	13035	13034	13279	1	245	3	115
24341	845	13036	13034	13280	2	246	4	115
24341	846	13030	13028	13274	2	246	4	115
24341	847	13037	13035	13281	2	246	4	115
24341	848	13035	13034	13277	1	243	3	115
24341	849	13034	13033	13278	1	245	3	115
24341	850	13032	13030	13274	2	244	4	115
24341	851	13035	13034	13279	1	245	3	115
24341	852	13035	13033	13279	2	246	4	115
24341	853	13032	13029	13276	3	247	5	115
24341	854	13036	13035	13278	1	243	3	115
24341	855	13036	13035	13280	1	245	3	115
24341	856	13032	13030	13276	2	246	4	115
24341	857	13035	13033	13280	2	247	3	115
24341	858	13035	13035	13280	0	245	3	115
24341	859	13033	13031	13277	2	246	4	115
24341	860	13048	13038	13288	10	250	6	117
24341	861	13035	13033	13279	2	246	4	115
24341	862	13034	13033	13276	1	243	3	115
24341	863	13031	13028	13274	3	246	4	115
24341	864	13037	13035	13281	2	246	4	115
24341	865	13036	13034	13277	2	243	3	115
24341	866	13030	13029	13274	1	245	3	115
24341	867	13039	13037	13281	2	244	4	115
24341	868	13035	13033	13279	2	246	4	115
24341	869	13030	13029	13274	1	245	3	115
24341	870	13037	13036	13280	1	244	4	115
24341	871	13035	13034	13279	1	245	3	115
24341	872	13031	13031	13276	0	245	3	115
24341	873	13036	13034	13280	2	246	4	115
24341	874	13036	13034	13278	2	244	4	115
24341	875	13033	13033	13278	0	245	3	115
24341	876	13031	13030	13275	1	245	3	115
24341	877	13036	13034	13277	2	243	3	115
24341	878	13037	13035	13283	2	248	4	115
24341	879	13030	13029	13272	1	243	3	115
24341	880	13035	13034	13279	1	245	3	115
24341	881	13038	13035	13281	3	246	4	115
24341	882	13029	13028	13273	1	245	3	115
24341	883	13032	13031	13276	1	245	3	115
24341	884	12984	12982	13228	2	246	4	115
24341	885	12979	12978	13223	1	245	3	115
24341	886	12979	12978	13223	1	245	3	115
24341	887	12995	12993	13239	2	246	4	115
24341	888	13014	13013	13256	1	243	3	115
24341	889	13030	13029	13274	1	245	3	115
24341	890	13037	13035	13281	2	246	4	115
24341	891	13035	13033	13278	2	245	3	115
24341	892	13029	13027	13273	2	246	4	115
24341	893	13035	13034	13279	1	245	3	115
24341	894	13036	13035	13278	1	243	3	115
24341	895	13032	13030	13276	2	246	4	115
24341	896	13036	13034	13277	2	243	3	115
24341	897	13035	13033	13279	2	246	4	115
24341	898	13036	13034	13280	2	246	4	115
24341	899	13033	13031	13277	2	246	4	115
24341	900	13036	13034	13280	2	246	4	115
24341	901	13037	13034	13283	3	249	5	115
24341	902	13031	13029	13274	2	245	3	115
24341	903	13036	13035	13278	1	243	3	115
24341	904	13037	13035	13279	2	244	4	115
24341	905	13043	13034	13285	9	251	6	117
24341	906	13035	13034	13279	1	245	3	115
24341	907	13036	13034	13278	2	244	4	115
24341	908	13030	13028	13273	2	245	3	115
24341	909	13038	13035	13281	3	246	4	115
24341	910	13035	13034	13277	1	243	3	115
24341	911	13034	13033	13276	1	243	3	115
24341	912	13034	13032	13279	2	247	4	115
24341	913	13035	13035	13278	0	243	3	115
24341	914	13035	13034	13279	1	245	3	115
24341	915	13032	13030	13274	2	244	4	115
24341	916	13035	13034	13281	1	247	3	115
24341	917	13035	13034	13277	1	243	3	115
24341	918	13032	13029	13275	3	246	4	115
24341	919	13035	13034	13280	1	246	3	115
24341	920	13035	13033	13279	2	246	4	115
24341	921	13033	13030	13275	3	245	5	115
24341	922	13035	13033	13278	2	245	4	115
24341	923	13036	13034	13278	2	244	4	115
24341	924	13035	13032	13278	3	246	4	115
24341	925	13031	13029	13277	2	248	4	115
24341	926	13038	13035	13280	3	245	5	115
24341	927	13035	13033	13279	2	246	4	115
24341	928	13029	13028	13275	1	247	3	115
24341	929	13038	13036	13282	2	246	4	115
24341	930	13035	13033	13276	2	243	3	115
24341	931	13030	13028	13275	2	247	3	115
24341	932	13037	13035	13279	2	244	4	115
24341	933	13035	13035	13280	0	245	3	115
24341	934	13031	13030	13273	1	243	3	115
24341	935	13037	13035	13279	2	244	4	115
24341	936	13035	13034	13279	1	245	3	115
24341	937	13035	13034	13279	1	245	3	115
24341	938	13005	13003	13251	2	248	4	115
24341	939	12984	12983	13229	1	246	4	115
24341	940	12979	12977	13223	2	246	4	115
24341	941	12980	12979	13224	1	245	3	115
24341	942	12999	12998	13243	1	245	3	115
24341	943	13037	13035	13281	2	246	4	115
24341	944	13030	13029	13274	1	245	3	115
24341	945	13035	13035	13280	0	245	3	115
24341	946	13036	13034	13280	2	246	4	115
24341	947	13031	13030	13276	1	246	4	115
24341	948	13034	13033	13276	1	243	3	115
24341	949	13051	13042	13295	9	253	7	117
24341	950	13035	13034	13279	1	245	3	115
24341	951	13030	13030	13275	0	245	3	115
24341	952	13037	13034	13283	3	249	5	115
24341	953	13036	13035	13280	1	245	3	115
24341	954	13030	13028	13272	2	244	4	115
24341	955	13037	13035	13281	2	246	4	115
24341	956	13035	13033	13279	2	246	4	115
24341	957	13030	13029	13274	1	245	3	115
24341	958	13035	13034	13279	1	245	3	115
24341	959	13034	13033	13280	1	247	3	115
24341	960	13034	13032	13278	2	246	4	115
24341	961	13033	13032	13277	1	245	3	115
24341	962	13035	13033	13279	2	246	4	115
24341	963	13037	13035	13282	2	247	4	115
24341	964	13030	13029	13274	1	245	3	115
24341	965	13035	13034	13279	1	245	3	115
24341	966	13037	13034	13281	3	247	5	115
24341	967	13030	13028	13274	2	246	4	115
24341	968	13035	13034	13278	1	244	4	115
24341	969	13039	13036	13281	3	245	5	115
24341	970	13030	13028	13274	2	246	4	115
24341	971	13034	13032	13276	2	244	4	115
24341	972	13037	13035	13279	2	244	4	115
24341	973	13033	13031	13278	2	247	3	115
24341	974	13034	13033	13279	1	246	4	115
24341	975	13035	13034	13279	1	245	3	115
24341	976	13035	13034	13279	1	245	3	115
24341	977	13032	13030	13274	2	244	4	115
24341	978	13036	13035	13280	1	245	3	115
24341	979	13036	13034	13279	2	245	3	115
24341	980	13032	13030	13274	2	244	4	115
24341	981	13037	13036	13281	1	245	3	115
24341	982	13036	13035	13280	1	245	3	115
24341	983	13031	13030	13274	1	244	4	115
24341	984	13035	13033	13276	2	243	3	115
24341	985	13035	13034	13279	1	245	3	115
24341	986	13035	13033	13277	2	244	4	115
24341	987	13033	13031	13276	2	245	3	115
24341	988	13035	13034	13281	1	247	3	115
24341	989	13035	13034	13279	1	245	3	115
24341	990	13029	13028	13274	1	246	3	115
24341	991	13035	13034	13280	1	246	4	115
24341	992	13013	13011	13256	2	245	4	115
24341	993	13005	12994	13249	11	255	7	117
24341	994	12987	12984	13230	3	246	5	115
24341	995	12979	12977	13221	2	244	4	115
24341	996	12981	12979	13223	2	244	4	115
24341	997	13037	13034	13281	3	247	5	115
24341	998	13036	13035	13280	1	245	3	115
24341	999	13034	13033	13278	1	245	3	115
24341	1000	13034	13031	13277	3	246	4	115
