RUNID	ITERNUM	METIME	PRTIME	TPRTIME	DIFF	TDIFF	NRPROCS	NPROCS
23761	1	25809	25807	26004	2	197	4	92
23761	2	25799	25796	25994	3	198	4	92
23761	3	25806	25803	26002	3	199	4	92
23761	4	25807	25806	26002	1	196	4	92
23761	5	25804	25800	26000	4	200	5	92
23761	6	25810	25807	26004	3	197	4	92
23761	7	25798	25796	25994	2	198	4	92
23761	8	25805	25801	26001	4	200	5	92
23761	9	25810	25805	26005	5	200	5	92
23761	10	25803	25800	25999	3	199	5	92
23761	11	25810	25806	26007	4	201	4	92
23761	12	25803	25800	25998	3	198	4	92
23761	13	25804	25802	25998	2	196	4	92
23761	14	25810	25807	26006	3	199	4	92
23761	15	25803	25802	25998	1	196	4	92
23761	16	25810	25806	26007	4	201	4	92
23761	17	25805	25802	26000	3	198	5	92
23761	18	25804	25802	26000	2	198	4	92
23761	19	25808	25805	26002	3	197	4	92
23761	20	25803	25801	26001	2	200	4	92
23761	21	25808	25805	26005	3	200	4	92
23761	22	25805	25802	26001	3	199	4	92
23761	23	25808	25806	26002	2	196	4	92
23761	24	25804	25801	26000	3	199	4	92
23761	25	25806	25802	26002	4	200	5	92
23761	26	25805	25803	26000	2	197	5	92
23761	27	25807	25803	26003	4	200	5	92
23761	28	25805	25802	26001	3	199	5	92
23761	29	25808	25805	26004	3	199	5	92
23761	30	25802	25798	25998	4	200	5	92
23761	31	25807	25804	26003	3	199	5	92
23761	32	25807	25805	26002	2	197	4	92
23761	33	25807	25804	26001	3	197	4	92
23761	34	25805	25803	25999	2	196	4	92
23761	35	25807	25804	26003	3	199	4	92
23761	36	25806	25803	26000	3	197	4	92
23761	37	25804	25802	26000	2	198	4	92
23761	38	25808	25806	26003	2	197	4	92
23761	39	25805	25803	26001	2	198	4	92
23761	40	25806	25802	26003	4	201	4	92
23761	41	25806	25804	26001	2	197	4	92
23761	42	25804	25803	25999	1	196	4	92
23761	43	25806	25803	26002	3	199	4	92
23761	44	25807	25803	26004	4	201	4	92
23761	45	25805	25803	26001	2	198	4	92
23761	46	25807	25805	26002	2	197	4	92
23761	47	25804	25802	26000	2	198	4	92
23761	48	25806	25804	26001	2	197	4	92
23761	49	25806	25802	26001	4	199	4	92
23761	50	25804	25802	26000	2	198	4	92
23761	51	25807	25804	26003	3	199	4	92
23761	52	25807	25805	26002	2	197	4	92
23761	53	25805	25802	26001	3	199	5	92
23761	54	25807	25802	26004	5	202	5	92
23761	55	25806	25804	26000	2	196	4	92
23761	56	25804	25802	26000	2	198	4	92
23761	57	25807	25803	26003	4	200	5	92
23761	58	25805	25803	25999	2	196	4	92
23761	59	25808	25804	26003	4	199	4	92
23761	60	25807	25804	26003	3	199	4	92
23761	61	25800	25799	25995	1	196	4	92
23761	62	25805	25801	26002	4	201	4	92
23761	63	25807	25804	26001	3	197	4	92
23761	64	25806	25803	26003	3	200	4	92
23761	65	25807	25804	26003	3	199	4	92
23761	66	25805	25802	26000	3	198	4	92
23761	67	25825	25804	26019	21	215	8	96
23761	68	25807	25804	26003	3	199	4	92
23761	69	25804	25802	26000	2	198	4	92
23761	70	25807	25804	26002	3	198	5	92
23761	71	25807	25803	26004	4	201	4	92
23761	72	25805	25802	26001	3	199	4	92
23761	73	25806	25802	26000	4	198	5	92
23761	74	25808	25806	26003	2	197	4	92
23761	75	25805	25803	26000	2	197	4	92
23761	76	25808	25805	26004	3	199	4	92
23761	77	25806	25804	26001	2	197	5	92
23761	78	25805	25802	26000	3	198	4	92
23761	79	25808	25805	26004	3	199	4	92
23761	80	25807	25803	26001	4	198	5	92
23761	81	25800	25797	25995	3	198	4	92
23761	82	25807	25804	26003	3	199	4	92
23761	83	25806	25803	26001	3	198	4	92
23761	84	25805	25803	26001	2	198	4	92
23761	85	25807	25804	26003	3	199	4	92
23761	86	25804	25801	26001	3	200	4	92
23761	87	25806	25803	26001	3	198	4	92
23761	88	25806	25803	26000	3	197	4	92
23761	89	25805	25803	26001	2	198	4	92
23761	90	25807	25804	26003	3	199	4	92
23761	91	25807	25802	26002	5	200	5	92
23761	92	25807	25804	26001	3	197	5	92
23761	93	25806	25803	26000	3	197	4	92
23761	94	25803	25801	25999	2	198	4	92
23761	95	25806	25803	26002	3	199	4	92
23761	96	25807	25803	26001	4	198	5	92
23761	97	25804	25803	25999	1	196	4	92
23761	98	25806	25803	26000	3	197	4	92
23761	99	25806	25802	26002	4	200	5	92
23761	100	25805	25802	26001	3	199	5	92
23761	101	25809	25807	26004	2	197	4	92
23761	102	25802	25800	25998	2	198	4	92
23761	103	25807	25803	26004	4	201	4	92
23761	104	25806	25804	26001	2	197	4	92
23761	105	25805	25802	26002	3	200	4	92
23761	106	25806	25803	26002	3	199	4	92
23761	107	25807	25804	26001	3	197	4	92
23761	108	25804	25802	25998	2	196	4	92
23761	109	25807	25804	26003	3	199	4	92
23761	110	25806	25805	26001	1	196	4	92
23761	111	25802	25800	25996	2	196	4	92
23761	112	25806	25803	26002	3	199	4	92
23761	113	25804	25802	25999	2	197	4	92
23761	114	25807	25804	26003	3	199	4	92
23761	115	25807	25802	26004	5	202	5	92
23761	116	25805	25802	26001	3	199	5	92
23761	117	25806	25802	26002	4	200	5	92
23761	118	25808	25804	26004	4	200	5	92
23761	119	25803	25802	25998	1	196	4	92
23761	120	25806	25804	26001	2	197	4	92
23761	121	25807	25804	26003	3	199	4	92
23761	122	25804	25800	25999	4	199	5	92
23761	123	25806	25802	26001	4	199	4	92
23761	124	25806	25803	26002	3	199	5	92
23761	125	25802	25801	25997	1	196	4	92
23761	126	25807	25803	26003	4	200	5	92
23761	127	25805	25802	26001	3	199	5	92
23761	128	25810	25807	26004	3	197	4	92
23761	129	25806	25802	26001	4	199	4	92
23761	130	25805	25803	26001	2	198	4	92
23761	131	25805	25802	26000	3	198	5	92
23761	132	25811	25807	26006	4	199	4	92
23761	133	25801	25800	25996	1	196	4	92
23761	134	25806	25803	26002	3	199	4	92
23761	135	25804	25801	26001	3	200	4	92
23761	136	25810	25806	26006	4	200	5	92
23761	137	25807	25804	26003	3	199	4	92
23761	138	25805	25802	26000	3	198	4	92
23761	139	25810	25806	26005	4	199	4	92
23761	140	25801	25798	25996	3	198	5	92
23761	141	25803	25801	25997	2	196	4	92
23761	142	25806	25803	26002	3	199	4	92
23761	143	25808	25806	26002	2	196	4	92
23761	144	25804	25801	26000	3	199	4	92
23761	145	25805	25802	26000	3	198	5	92
23761	146	25806	25804	26001	2	197	4	92
23761	147	25810	25808	26005	2	197	4	92
23761	148	25807	25804	26003	3	199	4	92
23761	149	25803	25801	25999	2	198	4	92
23761	150	25809	25806	26004	3	198	5	92
23761	151	25806	25804	26001	2	197	4	92
23761	152	25804	25801	26001	3	200	4	92
23761	153	25808	25805	26004	3	199	4	92
23761	154	25806	25803	26001	3	198	4	92
23761	155	25801	25800	25996	1	196	5	92
23761	156	25806	25803	26002	3	199	4	92
23761	157	25807	25805	26003	2	198	4	92
23761	158	25805	25802	26001	3	199	4	92
23761	159	25806	25802	26003	4	201	4	92
23761	160	25808	25805	26004	3	199	5	92
23761	161	25803	25799	25999	4	200	5	92
23761	162	25810	25807	26006	3	199	4	92
23761	163	25801	25799	25997	2	198	4	92
23761	164	25810	25806	26005	4	199	5	92
23761	165	25803	25800	25998	3	198	4	92
23761	166	25809	25806	26003	3	197	4	92
23761	167	25811	25807	26008	4	201	4	92
23761	168	25802	25801	25997	1	196	4	92
23761	169	25810	25807	26006	3	199	4	92
23761	170	25802	25799	25996	3	197	4	92
23761	171	25807	25803	26004	4	201	5	92
23761	172	25810	25806	26034	4	228	6	93
23761	173	25801	25799	25997	2	198	4	92
23761	174	25807	25806	26002	1	196	4	92
23761	175	25802	25799	25998	3	199	4	92
23761	176	25811	25806	26007	5	201	6	92
23761	177	25807	25802	26002	5	200	5	92
23761	178	25810	25807	26006	3	199	4	92
23761	179	25808	25805	26005	3	200	4	92
23761	180	25800	25797	25996	3	199	4	92
23761	181	25808	25805	26004	3	199	4	92
23761	182	25803	25800	25997	3	197	5	92
23761	183	25808	25805	26002	3	197	4	92
23761	184	25803	25800	25999	3	199	4	92
23761	185	25807	25806	26002	1	196	4	92
23761	186	25803	25800	25997	3	197	4	92
23761	187	25808	25807	26003	1	196	4	92
23761	188	25808	25805	26004	3	199	4	92
23761	189	25800	25797	25996	3	199	4	92
23761	190	25808	25807	26003	1	196	4	92
23761	191	25803	25801	25998	2	197	4	92
23761	192	25809	25806	26005	3	199	4	92
23761	193	25801	25800	25996	1	196	4	92
23761	194	25809	25806	26004	3	198	5	92
23761	195	25804	25800	26000	4	200	5	92
23761	196	25808	25804	26005	4	201	5	92
23761	197	25804	25801	25998	3	197	4	92
23761	198	25807	25805	26003	2	198	4	92
23761	199	25806	25803	26000	3	197	4	92
23761	200	25809	25807	26004	2	197	4	92
23761	201	25802	25800	25997	2	197	5	92
23761	202	25810	25808	26005	2	197	4	92
23761	203	25806	25803	26002	3	199	4	92
23761	204	25804	25801	26001	3	200	4	92
23761	205	25808	25804	26003	4	199	4	92
23761	206	25799	25797	25995	2	198	4	92
23761	207	25809	25805	26005	4	200	5	92
23761	208	25800	25796	25996	4	200	5	92
23761	209	25807	25806	26002	1	196	4	92
23761	210	25803	25800	25999	3	199	4	92
23761	211	25809	25806	26005	3	199	4	92
23761	212	25801	25800	25996	1	196	4	92
23761	213	25808	25805	26003	3	198	5	92
23761	214	25802	25798	25999	4	201	5	92
23761	215	25807	25805	26003	2	198	4	92
23761	216	25805	25802	26001	3	199	4	92
23761	217	25808	25806	26004	2	198	4	92
23761	218	25804	25801	26000	3	199	4	92
23761	219	25810	25807	26006	3	199	4	92
23761	220	25808	25805	26002	3	197	5	92
23761	221	25810	25807	26004	3	197	4	92
23761	222	25800	25797	25994	3	197	4	92
23761	223	25771	25769	25967	2	198	4	92
23761	224	25809	25806	26004	3	198	5	92
23761	225	25807	25806	26002	1	196	4	92
23761	226	25808	25806	26003	2	197	4	92
23761	227	25809	25808	26003	1	195	4	92
23761	228	25807	25804	26003	3	199	5	92
23761	229	25809	25807	26004	2	197	4	92
23761	230	25810	25806	26004	4	198	5	92
23761	231	25807	25805	26001	2	196	4	92
23761	232	25810	25806	26007	4	201	4	92
23761	233	25783	25779	25978	4	199	5	92
23761	234	25806	25804	26001	2	197	4	92
23761	235	25809	25807	26004	2	197	4	92
23761	236	25806	25805	26001	1	196	4	92
23761	237	25808	25806	26003	2	197	4	92
23761	238	25811	25806	26008	5	202	5	92
23761	239	25807	25806	26002	1	196	4	92
23761	240	25794	25789	25991	5	202	5	92
23761	241	25807	25803	26013	4	210	7	93
23761	242	25808	25806	26004	2	198	4	92
23761	243	25810	25807	26006	3	199	4	92
23761	244	25808	25805	26005	3	200	4	92
23761	245	25806	25804	26001	2	197	4	92
23761	246	25794	25790	25991	4	201	4	92
23761	247	25807	25806	26002	1	196	4	92
23761	248	25808	25806	26003	2	197	4	92
23761	249	25809	25806	26003	3	197	4	92
23761	250	25799	25797	25995	2	198	4	92
23761	251	25806	25803	26000	3	197	4	92
23761	252	25807	25804	26002	3	198	4	92
23761	253	25809	25806	26004	3	198	5	92
23761	254	25809	25805	26005	4	200	5	92
23761	255	25797	25794	25992	3	198	4	92
23761	256	25810	25806	26007	4	201	4	92
23761	257	25810	25806	26007	4	201	4	92
23761	258	25808	25805	26004	3	199	5	92
23761	259	25810	25807	26006	3	199	4	92
23761	260	25808	25805	26004	3	199	4	92
23761	261	25807	25803	26002	4	199	5	92
23761	262	25809	25806	26005	3	199	4	92
23761	263	25808	25805	26003	3	198	4	92
23761	264	25797	25794	25991	3	197	4	92
23761	265	25792	25789	25988	3	199	4	92
23761	266	25807	25805	26002	2	197	4	92
23761	267	25810	25806	26005	4	199	4	92
23761	268	25809	25806	26004	3	198	5	92
23761	269	25807	25805	26003	2	198	4	92
23761	270	25810	25805	26005	5	200	5	92
23761	271	25810	25808	26004	2	196	4	92
23761	272	25806	25804	26002	2	198	4	92
23761	273	25809	25806	26005	3	199	4	92
23761	274	25809	25808	26004	1	196	4	92
23761	275	25809	25804	26004	5	200	5	92
23761	276	25809	25807	26004	2	197	4	92
23761	277	25808	25804	26002	4	198	5	92
23761	278	25810	25807	26006	3	199	4	92
23761	279	25809	25806	26004	3	198	4	92
23761	280	25808	25806	26004	2	198	4	92
23761	281	25805	25802	26001	3	199	4	92
23761	282	25809	25807	26003	2	196	4	92
23761	283	25810	25807	26006	3	199	4	92
23761	284	25809	25805	26005	4	200	5	92
23761	285	25809	25806	26005	3	199	5	92
23761	286	25809	25806	26005	3	199	4	92
23761	287	25809	25807	26004	2	197	4	92
23761	288	25807	25804	26003	3	199	5	92
23761	289	25809	25805	26006	4	201	4	92
23761	290	25807	25805	26003	2	198	4	92
23761	291	25808	25806	26002	2	196	4	92
23761	292	25779	25774	25973	5	199	5	92
23761	293	25807	25805	26003	2	198	4	92
23761	294	25812	25808	26005	4	197	4	92
23761	295	25808	25805	26004	3	199	4	92
23761	296	25809	25805	26004	4	199	5	92
23761	297	25808	25806	26003	2	197	4	92
23761	298	25809	25806	26005	3	199	4	92
23761	299	25807	25804	26000	3	196	4	92
23761	300	25801	25797	25996	4	199	4	92
