RUNID	ITERNUM	METIME	PRTIME	TPRTIME	DIFF	TDIFF	NRPROCS	NPROCS
23581	1	13485	13483	13679	2	196	4	92
23581	2	13485	13482	13682	3	200	4	92
23581	3	13484	13483	13679	1	196	4	92
23581	4	13486	13483	13680	3	197	5	92
23581	5	13474	13473	13668	1	195	3	92
23581	6	13486	13485	13681	1	196	4	92
23581	7	13485	13484	13681	1	197	3	92
23581	8	13485	13483	13681	2	198	4	92
23581	9	13479	13477	13675	2	198	4	92
23581	10	13485	13483	13682	2	199	3	92
23581	11	13486	13485	13681	1	196	4	92
23581	12	13485	13484	13679	1	195	3	92
23581	13	13477	13477	13672	0	195	3	92
23581	14	13487	13483	13684	4	201	5	92
23581	15	13485	13485	13678	0	193	3	92
23581	16	13487	13483	13684	4	201	5	92
23581	17	13480	13477	13677	3	200	4	92
23581	18	13484	13482	13679	2	197	3	92
23581	19	13486	13484	13682	2	198	4	92
23581	20	13485	13483	13680	2	197	3	92
23581	21	13482	13481	13676	1	195	3	92
23581	22	13481	13480	13677	1	197	3	92
23581	23	13485	13483	13679	2	196	3	92
23581	24	13487	13485	13681	2	196	4	92
23581	25	13484	13483	13680	1	197	3	92
23581	26	13474	13474	13669	0	195	3	92
23581	27	13487	13485	13683	2	198	4	92
23581	28	13485	13484	13679	1	195	3	92
23581	29	13486	13483	13682	3	199	5	92
23581	30	13478	13477	13673	1	196	4	92
23581	31	13485	13483	13682	2	199	3	92
23581	32	13487	13484	13682	3	198	4	92
23581	33	13485	13484	13681	1	197	3	92
23581	34	13482	13480	13678	2	198	4	92
23581	35	13484	13483	13680	1	197	3	92
23581	36	13484	13483	13680	1	197	3	92
23581	37	13486	13485	13681	1	196	4	92
23581	38	13479	13477	13674	2	197	3	92
23581	39	13485	13483	13684	2	201	3	92
23581	40	13485	13484	13679	1	195	3	92
23581	41	13485	13483	13679	2	196	4	92
23581	42	13485	13482	13678	3	196	4	92
23581	43	13475	13474	13670	1	196	4	92
23581	44	13484	13482	13680	2	198	4	92
23581	45	13486	13484	13682	2	198	4	92
23581	46	13485	13484	13679	1	195	3	92
23581	47	13476	13476	13670	0	194	4	92
23581	48	13485	13483	13678	2	195	3	92
23581	49	13485	13484	13681	1	197	3	92
23581	50	13487	13484	13684	3	200	4	92
23581	51	13478	13477	13673	1	196	4	92
23581	52	13487	13484	13681	3	197	5	92
23581	53	13484	13482	13680	2	198	4	92
23581	54	13484	13483	13679	1	196	4	92
23581	55	13479	13477	13674	2	197	5	92
23581	56	13484	13484	13679	0	195	3	92
23581	57	13484	13483	13680	1	197	3	92
23581	58	13485	13483	13680	2	197	3	92
23581	59	13481	13480	13677	1	197	3	92
23581	60	13483	13481	13679	2	198	4	92
23581	61	13484	13484	13679	0	195	3	92
23581	62	13485	13485	13678	0	193	3	92
23581	63	13487	13484	13682	3	198	4	92
23581	64	13476	13475	13672	1	197	3	92
23581	65	13487	13483	13682	4	199	5	92
23581	66	13484	13482	13678	2	196	4	92
23581	67	13485	13483	13681	2	198	4	92
23581	68	13481	13478	13678	3	200	4	92
23581	69	13484	13483	13678	1	195	3	92
23581	70	13485	13483	13682	2	199	3	92
23581	71	13484	13484	13679	0	195	3	92
23581	72	13479	13478	13675	1	197	3	92
23581	73	13487	13484	13684	3	200	4	92
23581	74	13484	13483	13678	1	195	3	92
23581	75	13485	13484	13681	1	197	3	92
23581	76	13482	13480	13677	2	197	5	92
23581	77	13484	13482	13680	2	198	4	92
23581	78	13487	13485	13682	2	197	5	92
23581	79	13485	13483	13680	2	197	3	92
23581	80	13484	13483	13680	1	197	3	92
23581	81	13474	13472	13670	2	198	4	92
23581	82	13485	13483	13682	2	199	3	92
23581	83	13487	13484	13684	3	200	4	92
23581	84	13484	13484	13679	0	195	3	92
23581	85	13480	13479	13674	1	195	3	92
23581	86	13487	13484	13682	3	198	4	92
23581	87	13484	13482	13679	2	197	3	92
23581	88	13484	13483	13679	1	196	4	92
23581	89	13484	13483	13679	1	196	4	92
23581	90	13477	13475	13673	2	198	4	92
23581	91	13486	13484	13682	2	198	4	92
23581	92	13484	13482	13678	2	196	4	92
23581	93	13484	13483	13680	1	197	3	92
23581	94	13486	13484	13680	2	196	4	92
23581	95	13475	13473	13670	2	197	3	92
23581	96	13488	13484	13682	4	198	5	92
23581	97	13487	13484	13683	3	199	4	92
23581	98	13485	13484	13679	1	195	3	92
23581	99	13480	13476	13677	4	201	5	92
23581	100	13484	13483	13679	1	196	4	92
23581	101	13487	13484	13683	3	199	5	92
23581	102	13484	13483	13680	1	197	3	92
23581	103	13485	13484	13681	1	197	3	92
23581	104	13480	13477	13675	3	198	4	92
23581	105	13484	13483	13679	1	196	3	92
23581	106	13485	13484	13679	1	195	3	92
23581	107	13486	13484	13680	2	196	4	92
23581	108	13483	13482	13679	1	197	3	92
23581	109	13477	13474	13673	3	199	5	92
23581	110	13486	13483	13681	3	198	4	92
23581	111	13484	13483	13679	1	196	4	92
23581	112	13487	13483	13682	4	199	5	92
23581	113	13477	13476	13673	1	197	3	92
23581	114	13486	13485	13681	1	196	4	92
23581	115	13484	13483	13680	1	197	3	92
23581	116	13485	13483	13680	2	197	3	92
23581	117	13487	13484	13680	3	196	4	92
23581	118	13474	13473	13670	1	197	3	92
23581	119	13484	13483	13680	1	197	3	92
23581	120	13485	13484	13681	1	197	3	92
23581	121	13484	13482	13680	2	198	4	92
23581	122	13483	13480	13680	3	200	4	92
23581	123	13481	13482	13675	-1	193	3	92
23581	124	13484	13483	13678	1	195	3	92
23581	125	13487	13485	13683	2	198	4	92
23581	126	13484	13483	13678	1	195	3	92
23581	127	13480	13477	13677	3	200	4	92
23581	128	13485	13484	13679	1	195	3	92
23581	129	13484	13484	13679	0	195	3	92
23581	130	13486	13484	13682	2	198	4	92
23581	131	13484	13483	13678	1	195	3	92
23581	132	13476	13473	13672	3	199	5	92
23581	133	13484	13484	13678	0	194	4	92
23581	134	13484	13481	13681	3	200	4	92
23581	135	13487	13484	13684	3	200	4	92
23581	136	13478	13477	13672	1	195	3	92
23581	137	13485	13484	13681	1	197	3	92
23581	138	13487	13485	13683	2	198	4	92
23581	139	13484	13482	13678	2	196	4	92
23581	140	13487	13485	13683	2	198	4	92
23581	141	13478	13477	13674	1	197	3	92
23581	142	13484	13483	13680	1	197	3	92
23581	143	13487	13483	13682	4	199	5	92
23581	144	13484	13483	13679	1	196	4	92
23581	145	13484	13480	13679	4	199	5	92
23581	146	13479	13478	13675	1	197	3	92
23581	147	13485	13483	13680	2	197	3	92
23581	148	13486	13485	13681	1	196	4	92
23581	149	13484	13483	13680	1	197	3	92
23581	150	13477	13477	13674	0	197	3	92
23581	151	13485	13483	13680	2	197	3	92
23581	152	13484	13483	13680	1	197	3	92
23581	153	13486	13485	13681	1	196	4	92
23581	154	13484	13483	13679	1	196	4	92
23581	155	13473	13471	13669	2	198	4	92
23581	156	13486	13485	13681	1	196	4	92
23581	157	13484	13483	13680	1	197	3	92
23581	158	13487	13484	13684	3	200	4	92
23581	159	13485	13483	13682	2	199	3	92
23581	160	13477	13476	13673	1	197	3	92
23581	161	13487	13484	13682	3	198	4	92
23581	162	13484	13484	13679	0	195	3	92
23581	163	13486	13484	13682	2	198	4	92
23581	164	13484	13483	13679	1	196	4	92
23581	165	13477	13474	13672	3	198	4	92
23581	166	13486	13484	13681	2	197	5	92
23581	167	13484	13484	13679	0	195	3	92
23581	168	13484	13483	13680	1	197	3	92
23581	169	13485	13483	13682	2	199	3	92
23581	170	13478	13477	13672	1	195	3	92
23581	171	13486	13485	13681	1	196	4	92
23581	172	13485	13484	13679	1	195	3	92
23581	173	13485	13484	13681	1	197	3	92
23581	174	13487	13485	13683	2	198	4	92
23581	175	13476	13475	13671	1	196	4	92
23581	176	13486	13484	13681	2	197	5	92
23581	177	13485	13483	13705	2	222	6	93
23581	178	13485	13483	13682	2	199	3	92
23581	179	13487	13484	13681	3	197	4	92
23581	180	13479	13477	13674	2	197	3	92
23581	181	13486	13484	13682	2	198	4	92
23581	182	13484	13483	13680	1	197	3	92
23581	183	13484	13483	13680	1	197	3	92
23581	184	13487	13484	13682	3	198	4	92
23581	185	13476	13475	13671	1	196	4	92
23581	186	13484	13483	13679	1	196	4	92
23581	187	13487	13484	13683	3	199	5	92
23581	188	13484	13483	13679	1	196	3	92
23581	189	13487	13485	13681	2	196	4	92
23581	190	13477	13477	13672	0	195	3	92
23581	191	13484	13483	13680	1	197	3	92
23581	192	13486	13485	13681	1	196	4	92
23581	193	13485	13484	13679	1	195	3	92
23581	194	13486	13485	13681	1	196	4	92
23581	195	13476	13475	13672	1	197	3	92
23581	196	13484	13482	13680	2	198	4	92
23581	197	13487	13484	13681	3	197	5	92
23581	198	13483	13482	13678	1	196	4	92
23581	199	13484	13484	13679	0	195	3	92
23581	200	13478	13477	13674	1	197	3	92
23581	201	13484	13482	13679	2	197	3	92
23581	202	13487	13485	13683	2	198	4	92
23581	203	13485	13484	13681	1	197	3	92
23581	204	13484	13483	13680	1	197	3	92
23581	205	13479	13477	13673	2	196	4	92
23581	206	13484	13483	13680	1	197	3	92
23581	207	13488	13484	13683	4	199	5	92
23581	208	13484	13482	13680	2	198	4	92
23581	209	13485	13484	13681	1	197	3	92
23581	210	13479	13478	13674	1	196	4	92
23581	211	13485	13484	13679	1	195	3	92
23581	212	13487	13483	13688	4	205	6	93
23581	213	13484	13484	13679	0	195	3	92
23581	214	13485	13483	13680	2	197	3	92
23581	215	13479	13477	13675	2	198	4	92
23581	216	13485	13484	13681	1	197	3	92
23581	217	13484	13482	13680	2	198	4	92
23581	218	13484	13482	13680	2	198	4	92
23581	219	13484	13483	13679	1	196	4	92
23581	220	13480	13478	13676	2	198	4	92
23581	221	13484	13483	13680	1	197	3	92
23581	222	13485	13483	13682	2	199	3	92
23581	223	13487	13483	13682	4	199	5	92
23581	224	13485	13484	13680	1	196	4	92
23581	225	13480	13476	13677	4	201	5	92
23581	226	13484	13482	13680	2	198	4	92
23581	227	13485	13483	13682	2	199	3	92
23581	228	13486	13483	13682	3	199	5	92
23581	229	13485	13483	13682	2	199	3	92
23581	230	13478	13477	13673	1	196	4	92
23581	231	13485	13484	13681	1	197	3	92
23581	232	13485	13484	13679	1	195	3	92
23581	233	13487	13483	13684	4	201	5	92
23581	234	13484	13484	13679	0	195	3	92
23581	235	13474	13473	13668	1	195	3	92
23581	236	13487	13484	13684	3	200	4	92
23581	237	13485	13484	13681	1	197	3	92
23581	238	13486	13483	13682	3	199	5	92
23581	239	13484	13482	13680	2	198	4	92
23581	240	13474	13472	13670	2	198	4	92
23581	241	13487	13485	13683	2	198	4	92
23581	242	13485	13483	13680	2	197	3	92
23581	243	13486	13485	13681	1	196	4	92
23581	244	13484	13483	13680	1	197	3	92
23581	245	13474	13473	13670	1	197	3	92
23581	246	13487	13484	13680	3	196	4	92
23581	247	13484	13483	13683	1	200	5	93
23581	248	13485	13484	13683	1	199	3	92
23581	249	13481	13481	13676	0	195	3	92
23581	250	13476	13475	13670	1	195	3	92
23581	251	13487	13484	13682	3	198	4	92
23581	252	13484	13483	13680	1	197	3	92
23581	253	13485	13483	13679	2	196	4	92
23581	254	13483	13480	13679	3	199	5	92
23581	255	13480	13480	13675	0	195	3	92
23581	256	13487	13483	13680	4	197	5	92
23581	257	13484	13484	13679	0	195	3	92
23581	258	13485	13483	13682	2	199	3	92
23581	259	13480	13478	13676	2	198	4	92
23581	260	13484	13484	13679	0	195	3	92
23581	261	13486	13485	13681	1	196	4	92
23581	262	13485	13483	13681	2	198	4	92
23581	263	13485	13484	13681	1	197	3	92
23581	264	13479	13477	13675	2	198	4	92
23581	265	13485	13484	13681	1	197	3	92
23581	266	13485	13482	13678	3	196	3	92
23581	267	13485	13484	13681	1	197	3	92
23581	268	13485	13483	13681	2	198	4	92
23581	269	13480	13476	13675	4	199	5	92
23581	270	13485	13482	13682	3	200	4	92
23581	271	13484	13483	13680	1	197	3	92
23581	272	13486	13484	13681	2	197	5	92
23581	273	13484	13483	13680	1	197	3	92
23581	274	13476	13475	13671	1	196	4	92
23581	275	13485	13483	13681	2	198	4	92
23581	276	13484	13484	13679	0	195	3	92
23581	277	13487	13484	13684	3	200	4	92
23581	278	13484	13482	13680	2	198	4	92
23581	279	13476	13474	13672	2	198	4	92
23581	280	13485	13484	13679	1	195	3	92
23581	281	13484	13484	13679	0	195	3	92
23581	282	13487	13484	13686	3	202	6	93
23581	283	13483	13482	13679	1	197	3	92
23581	284	13474	13473	13669	1	196	4	92
23581	285	13485	13482	13680	3	198	4	92
23581	286	13484	13482	13678	2	196	4	92
23581	287	13486	13484	13682	2	198	4	92
23581	288	13480	13478	13677	2	199	3	92
23581	289	13484	13483	13680	1	197	3	92
23581	290	13487	13484	13682	3	198	4	92
23581	291	13484	13483	13680	1	197	3	92
23581	292	13485	13484	13680	1	196	4	92
23581	293	13478	13476	13675	2	199	3	92
23581	294	13484	13483	13680	1	197	3	92
23581	295	13486	13484	13682	2	198	4	92
23581	296	13484	13484	13679	0	195	3	92
23581	297	13487	13485	13681	2	196	4	92
23581	298	13478	13476	13674	2	198	4	92
23581	299	13484	13481	13678	3	197	4	92
23581	300	13487	13483	13684	4	201	5	92
