ITERNUM	U_TIME	S_TIME	PRTIME	METIME
1	32066	0	32066	32070
2	32064	2	32066	32071
3	32072	0	32072	32075
4	32064	1	32065	32070
5	32064	2	32066	32070
6	32073	0	32073	32078
7	32065	1	32066	32069
8	32072	0	32072	32075
9	32064	0	32064	32069
10	32067	0	32067	32071
11	32072	1	32073	32075
12	32066	0	32066	32070
13	32064	0	32064	32068
14	32072	1	32073	32077
15	32065	1	32066	32069
16	32071	1	32072	32076
17	32064	2	32066	32070
18	32065	2	32067	32069
19	32069	2	32071	32075
20	32066	1	32067	32069
21	32064	2	32066	32069
22	32071	2	32073	32076
23	32064	2	32066	32070
24	32066	0	32066	32069
25	32072	0	32072	32076
26	32063	3	32066	32070
27	32071	1	32072	32075
28	32066	1	32067	32070
29	32065	0	32065	32070
30	32071	1	32072	32076
31	32066	0	32066	32069
32	32064	1	32065	32069
33	32071	0	32071	32075
34	32065	0	32065	32070
35	32067	1	32068	32072
36	32070	2	32072	32075
37	32063	2	32065	32070
38	32071	0	32071	32075
39	32068	2	32070	32073
40	32066	0	32066	32070
41	32070	2	32072	32075
42	32065	1	32066	32069
43	32067	0	32067	32071
44	32070	0	32070	32075
45	32065	0	32065	32070
46	32064	2	32066	32069
47	32072	2	32074	32077
48	32065	0	32065	32070
49	32069	0	32069	32072
50	32071	0	32071	32074
51	32066	0	32066	32072
52	32071	0	32071	32075
53	32064	2	32066	32070
54	32064	1	32065	32069
55	32071	1	32072	32077
56	32065	1	32066	32069
57	32063	3	32066	32069
58	32071	1	32072	32076
59	32066	0	32066	32071
60	32066	1	32067	32069
61	32071	0	32071	32076
62	32066	1	32067	32069
63	32070	2	32072	32078
64	32065	2	32067	32071
65	32068	1	32069	32072
66	32069	3	32072	32076
67	32068	1	32069	32072
68	32064	2	32066	32069
69	32072	0	32072	32076
70	32064	1	32065	32069
71	32067	0	32067	32071
72	32072	0	32072	32076
73	32066	0	32066	32069
74	32066	2	32068	32072
75	32069	3	32072	32077
76	32066	0	32066	32069
77	32071	1	32072	32076
78	32064	2	32066	32070
79	32067	1	32068	32071
80	32072	1	32073	32075
81	32066	0	32066	32069
82	32065	0	32065	32070
83	32071	1	32072	32077
84	32068	0	32068	32071
85	32066	0	32066	32070
86	32070	1	32071	32075
87	32067	2	32069	32072
88	32067	0	32067	32069
89	32071	0	32071	32075
90	32066	2	32068	32072
91	32066	0	32066	32069
92	32070	0	32070	32073
93	32073	0	32073	32076
94	32064	1	32065	32069
95	32069	1	32070	32072
96	32072	0	32072	32076
97	32065	1	32066	32070
98	32067	1	32068	32072
99	32070	2	32072	32075
100	32067	0	32067	32072
101	32067	0	32067	32072
102	32071	1	32072	32076
103	32065	1	32066	32070
104	32069	0	32069	32072
105	32070	1	32071	32075
106	32066	1	32067	32069
107	32065	2	32067	32071
108	32072	1	32073	32077
109	32065	1	32066	32070
110	32067	0	32067	32071
111	32073	0	32073	32076
112	32067	0	32067	32072
113	32066	1	32067	32071
114	32070	3	32073	32076
115	32064	2	32066	32070
116	32069	0	32069	32072
117	32073	0	32073	32075
118	32065	1	32066	32070
119	32066	0	32066	32071
120	32072	2	32074	32078
121	32063	2	32065	32070
122	32067	0	32067	32070
123	32072	0	32072	32075
124	32067	0	32067	32071
125	32067	1	32068	32072
126	32072	0	32072	32075
127	32066	0	32066	32070
128	32068	1	32069	32073
129	32071	0	32071	32075
130	32066	0	32066	32070
131	32069	0	32069	32072
132	32071	1	32072	32077
133	32065	1	32066	32070
134	32069	1	32070	32073
135	32069	2	32071	32074
136	32068	0	32068	32071
137	32070	0	32070	32073
138	32069	0	32069	32073
139	32065	0	32065	32070
140	32072	0	32072	32076
141	32068	2	32070	32072
142	32065	1	32066	32069
143	32067	0	32067	32070
144	32072	1	32073	32077
145	32066	0	32066	32070
146	32066	1	32067	32069
147	32072	1	32073	32076
148	32065	2	32067	32072
149	32067	0	32067	32070
150	32071	1	32072	32075
151	32066	1	32067	32069
152	32066	0	32066	32070
153	32072	1	32073	32075
154	32066	1	32067	32070
155	32066	0	32066	32070
156	32070	2	32072	32076
157	32065	1	32066	32070
158	32067	0	32067	32069
159	32070	1	32071	32074
160	32069	0	32069	32073
161	32065	2	32067	32072
162	32068	0	32068	32071
163	32071	1	32072	32076
164	32065	2	32067	32069
165	32067	1	32068	32071
166	32072	1	32073	32075
167	32064	2	32066	32069
168	32066	1	32067	32070
169	32072	0	32072	32077
170	32066	0	32066	32070
171	32065	1	32066	32070
172	32073	0	32073	32075
173	32067	0	32067	32071
174	32065	1	32066	32070
175	32072	1	32073	32076
176	32067	1	32068	32070
177	32066	2	32068	32072
178	32068	1	32069	32072
179	32071	1	32072	32076
180	32065	2	32067	32069
181	32066	1	32067	32071
182	32071	1	32072	32076
183	32066	0	32066	32069
184	32063	3	32066	32070
185	32070	1	32071	32074
186	32069	2	32071	32074
187	32065	1	32066	32070
188	32066	1	32067	32070
189	32072	0	32072	32078
190	32064	3	32067	32069
191	32066	0	32066	32070
192	32071	1	32072	32076
193	32066	1	32067	32072
194	32066	0	32066	32069
195	32069	1	32070	32074
196	32068	2	32070	32073
197	32064	1	32065	32072
198	32065	1	32066	32069
199	32072	0	32072	32076
200	32063	2	32065	32070
201	32064	2	32066	32072
202	32071	2	32073	32075
203	32065	1	32066	32070
204	32066	1	32067	32070
205	32069	1	32070	32075
206	32068	2	32070	32074
207	32065	0	32065	32070
208	32065	0	32065	32070
209	32072	1	32073	32078
210	32067	0	32067	32070
211	32066	0	32066	32069
212	32067	1	32068	32070
213	32072	0	32072	32076
214	32064	2	32066	32070
215	32067	0	32067	32070
216	32071	2	32073	32075
217	32065	1	32066	32070
218	32066	0	32066	32070
219	32067	0	32067	32070
220	32072	0	32072	32076
221	32067	0	32067	32070
222	32065	1	32066	32072
223	32068	3	32071	32076
224	32065	1	32066	32069
225	32066	0	32066	32070
226	32069	0	32069	32073
227	32072	0	32072	32076
228	32066	0	32066	32069
229	32066	1	32067	32069
230	32073	1	32074	32077
231	32067	1	32068	32070
232	32065	1	32066	32070
233	32069	0	32069	32074
234	32072	0	32072	32076
235	32066	0	32066	32070
236	32066	1	32067	32069
237	32070	1	32071	32076
238	32065	1	32066	32072
239	32064	2	32066	32070
240	32071	1	32072	32076
241	32064	1	32065	32070
242	32065	1	32066	32072
243	32066	1	32067	32070
244	32073	0	32073	32075
245	32065	0	32065	32070
246	32068	0	32068	32071
247	32071	0	32071	32076
248	32065	2	32067	32070
249	32066	1	32067	32070
250	32072	1	32073	32077
251	32068	0	32068	32071
252	32066	0	32066	32069
253	32065	2	32067	32070
254	32073	0	32073	32078
255	32067	0	32067	32069
256	32064	1	32065	32070
257	32069	3	32072	32076
258	32068	0	32068	32071
259	32067	0	32067	32070
260	32070	2	32072	32076
261	32066	2	32068	32070
262	32067	0	32067	32071
263	32065	1	32066	32069
264	32069	2	32071	32076
265	32064	1	32065	32070
266	32066	1	32067	32071
267	32072	1	32073	32076
268	32064	0	32064	32070
269	32065	0	32065	32070
270	32066	1	32067	32072
271	32072	1	32073	32076
272	32065	1	32066	32070
273	32065	2	32067	32070
274	32065	2	32067	32071
275	32072	0	32072	32075
276	32068	1	32069	32072
277	32066	1	32067	32070
278	32066	0	32066	32072
279	32069	0	32069	32073
280	32067	3	32070	32075
281	32064	1	32065	32070
282	32067	1	32068	32071
283	32066	1	32067	32071
284	32071	1	32072	32076
285	32067	0	32067	32070
286	32065	2	32067	32070
287	32065	4	32069	32073
288	32072	0	32072	32076
289	32068	2	32070	32074
290	32065	1	32066	32070
291	32065	0	32065	32070
292	32070	2	32072	32075
293	32066	1	32067	32070
294	32064	1	32065	32070
295	32065	1	32066	32070
296	32072	0	32072	32075
297	32067	0	32067	32070
298	32065	1	32066	32070
299	32065	2	32067	32072
300	32071	2	32073	32076
301	32065	0	32065	32070
302	32067	0	32067	32070
303	32068	0	32068	32072
304	32072	0	32072	32075
305	32065	0	32065	32070
306	32065	2	32067	32070
307	32067	1	32068	32072
308	32071	1	32072	32076
309	32066	1	32067	32070
310	32066	1	32067	32070
311	32066	1	32067	32072
312	32072	1	32073	32076
313	32066	0	32066	32069
314	32064	1	32065	32070
315	32068	0	32068	32074
316	32070	2	32072	32075
317	32066	0	32066	32071
318	32065	1	32066	32070
319	32071	1	32072	32076
320	32066	2	32068	32073
321	32065	1	32066	32070
322	32064	2	32066	32070
323	32073	1	32074	32078
324	32066	1	32067	32070
325	32065	0	32065	32070
326	32066	0	32066	32070
327	32072	0	32072	32078
328	32066	1	32067	32070
329	32065	2	32067	32070
330	32065	1	32066	32070
331	32074	0	32074	32077
332	32065	1	32066	32070
333	32065	1	32066	32069
334	32065	1	32066	32070
335	32072	1	32073	32077
336	32065	1	32066	32070
337	32066	1	32067	32070
338	32065	2	32067	32069
339	32073	1	32074	32077
340	32066	0	32066	32070
341	32065	2	32067	32070
342	32064	2	32066	32070
343	32072	1	32073	32078
344	32066	1	32067	32070
345	32067	0	32067	32070
346	32067	0	32067	32070
347	32073	0	32073	32078
348	32066	1	32067	32069
349	32065	2	32067	32070
350	32064	1	32065	32070
351	32072	1	32073	32077
352	32065	0	32065	32070
353	32065	2	32067	32070
354	32066	0	32066	32070
355	32070	3	32073	32078
356	32066	0	32066	32070
357	32065	2	32067	32070
358	32067	0	32067	32070
359	32072	1	32073	32078
360	32065	1	32066	32070
361	32065	0	32065	32070
362	32064	3	32067	32070
363	32071	1	32072	32076
364	32067	0	32067	32069
365	32064	2	32066	32070
366	32067	0	32067	32069
367	32072	0	32072	32076
368	32064	2	32066	32069
369	32065	2	32067	32071
370	32065	0	32065	32070
371	32073	0	32073	32076
372	32066	1	32067	32070
373	32065	2	32067	32069
374	32071	1	32072	32074
375	32067	2	32069	32073
376	32063	4	32067	32071
377	32064	3	32067	32069
378	32070	1	32071	32075
379	32067	0	32067	32069
380	32067	1	32068	32072
381	32066	1	32067	32070
382	32071	0	32071	32076
383	32067	0	32067	32070
384	32066	2	32068	32071
385	32064	2	32066	32070
386	32073	0	32073	32076
387	32066	0	32066	32070
388	32066	1	32067	32072
389	32068	1	32069	32072
390	32072	1	32073	32075
391	32067	0	32067	32071
392	32065	1	32066	32072
393	32072	0	32072	32076
394	32066	0	32066	32069
395	32066	1	32067	32070
396	32066	0	32066	32072
397	32072	1	32073	32076
398	32066	0	32066	32070
399	32067	0	32067	32070
400	32068	3	32071	32075
401	32072	1	32073	32076
402	32064	1	32065	32070
403	32066	0	32066	32069
404	32072	1	32073	32077
405	32068	1	32069	32072
406	32066	1	32067	32070
407	32064	1	32065	32070
408	32073	0	32073	32078
409	32065	2	32067	32070
410	32066	0	32066	32069
411	32067	0	32067	32069
412	32072	1	32073	32078
413	32067	0	32067	32070
414	32065	2	32067	32070
415	32070	1	32071	32076
416	32069	0	32069	32073
417	32066	1	32067	32070
418	32065	1	32066	32070
419	32073	0	32073	32075
420	32067	0	32067	32071
421	32065	2	32067	32069
422	32066	0	32066	32071
423	32071	1	32072	32076
424	32067	0	32067	32072
425	32065	1	32066	32069
426	32072	1	32073	32076
427	32067	1	32068	32070
428	32067	0	32067	32072
429	32064	3	32067	32070
430	32070	2	32072	32076
431	32065	1	32066	32072
432	32066	1	32067	32072
433	32072	4	32076	32101
434	32072	1	32073	32075
435	32063	3	32066	32070
436	32067	0	32067	32072
437	32066	1	32067	32070
438	32071	0	32071	32075
439	32067	0	32067	32070
440	32065	2	32067	32070
441	32067	1	32068	32072
442	32072	0	32072	32076
443	32066	1	32067	32070
444	32064	1	32065	32070
445	32070	3	32073	32076
446	32067	0	32067	32071
447	32066	1	32067	32070
448	32064	0	32064	32070
449	32071	2	32073	32076
450	32066	0	32066	32070
451	32067	0	32067	32069
452	32067	0	32067	32070
453	32075	2	32077	32080
454	32065	1	32066	32069
455	32067	0	32067	32070
456	32067	1	32068	32071
457	32071	1	32072	32078
458	32065	2	32067	32069
459	32066	1	32067	32070
460	32072	0	32072	32076
461	32066	1	32067	32072
462	32066	0	32066	32070
463	32067	0	32067	32069
464	32070	2	32072	32076
465	32067	0	32067	32072
466	32064	1	32065	32070
467	32070	1	32071	32074
468	32068	1	32069	32073
469	32068	0	32068	32072
470	32066	1	32067	32070
471	32072	1	32073	32075
472	32066	0	32066	32070
473	32067	1	32068	32071
474	32066	1	32067	32071
475	32071	1	32072	32075
476	32066	1	32067	32070
477	32066	1	32067	32072
478	32073	0	32073	32075
479	32065	1	32066	32069
480	32066	0	32066	32069
481	32067	0	32067	32072
482	32070	2	32072	32075
483	32065	1	32066	32071
484	32066	0	32066	32069
485	32068	5	32073	32078
486	32066	1	32067	32071
487	32066	1	32067	32070
488	32066	0	32066	32070
489	32073	1	32074	32078
490	32064	2	32066	32070
491	32065	2	32067	32070
492	32067	2	32069	32072
493	32072	0	32072	32077
494	32065	0	32065	32070
495	32065	1	32066	32069
496	32071	1	32072	32076
497	32067	1	32068	32072
498	32065	1	32066	32070
499	32066	0	32066	32071
500	32070	2	32072	32076
501	32067	1	32068	32072
502	32066	0	32066	32070
503	32071	2	32073	32075
504	32065	1	32066	32069
505	32065	1	32066	32072
506	32066	1	32067	32069
507	32070	1	32071	32076
508	32066	0	32066	32070
509	32066	2	32068	32072
510	32071	1	32072	32076
511	32068	3	32071	32074
512	32066	0	32066	32070
513	32067	1	32068	32071
514	32071	2	32073	32075
515	32064	1	32065	32070
516	32065	1	32066	32069
517	32071	1	32072	32075
518	32068	0	32068	32071
519	32067	0	32067	32069
520	32067	0	32067	32070
521	32073	0	32073	32077
522	32066	1	32067	32070
523	32064	2	32066	32069
524	32072	1	32073	32075
525	32066	0	32066	32070
526	32065	2	32067	32070
527	32067	1	32068	32071
528	32072	1	32073	32075
529	32064	2	32066	32070
530	32066	1	32067	32070
531	32072	1	32073	32076
532	32066	1	32067	32069
533	32065	0	32065	32070
534	32073	1	32074	32077
535	32065	2	32067	32069
536	32066	0	32066	32070
537	32065	1	32066	32070
538	32071	1	32072	32077
539	32065	1	32066	32070
540	32066	1	32067	32069
541	32070	1	32071	32076
542	32067	0	32067	32071
543	32066	0	32066	32070
544	32072	0	32072	32076
545	32066	1	32067	32071
546	32066	1	32067	32072
547	32065	2	32067	32069
548	32071	2	32073	32075
549	32066	0	32066	32070
550	32066	1	32067	32072
551	32072	2	32074	32077
552	32064	2	32066	32070
553	32065	2	32067	32070
554	32072	1	32073	32077
555	32068	0	32068	32071
556	32066	1	32067	32069
557	32067	0	32067	32069
558	32074	0	32074	32077
559	32065	1	32066	32070
560	32063	4	32067	32070
561	32071	1	32072	32076
562	32066	0	32066	32071
563	32065	0	32065	32070
564	32073	0	32073	32075
565	32069	0	32069	32072
566	32066	1	32067	32071
567	32064	1	32065	32070
568	32071	2	32073	32076
569	32065	1	32066	32070
570	32067	0	32067	32071
571	32072	1	32073	32075
572	32066	1	32067	32070
573	32064	1	32065	32069
574	32071	2	32073	32077
575	32067	0	32067	32071
576	32063	2	32065	32070
577	32067	0	32067	32069
578	32073	1	32074	32078
579	32064	1	32065	32070
580	32065	1	32066	32070
581	32070	2	32072	32076
582	32068	0	32068	32071
583	32065	1	32066	32070
584	32071	1	32072	32074
585	32068	0	32068	32073
586	32065	2	32067	32072
587	32066	0	32066	32069
588	32071	1	32072	32075
589	32067	0	32067	32069
590	32067	1	32068	32071
591	32071	0	32071	32076
592	32064	2	32066	32070
593	32066	1	32067	32069
594	32069	3	32072	32076
595	32069	1	32070	32073
596	32067	0	32067	32070
597	32066	1	32067	32070
598	32074	0	32074	32078
599	32066	1	32067	32070
600	32066	0	32066	32070
601	32070	2	32072	32076
602	32066	1	32067	32070
603	32066	0	32066	32070
604	32067	2	32069	32072
605	32072	0	32072	32074
606	32064	2	32066	32069
607	32065	0	32065	32070
608	32071	2	32073	32076
609	32066	1	32067	32069
610	32065	0	32065	32069
611	32071	0	32071	32076
612	32065	0	32065	32069
613	32066	1	32067	32070
614	32066	1	32067	32070
615	32073	0	32073	32078
616	32065	1	32066	32070
617	32066	0	32066	32070
618	32070	1	32071	32076
619	32066	1	32067	32072
620	32064	2	32066	32070
621	32071	1	32072	32076
622	32064	4	32068	32074
623	32066	1	32067	32071
624	32066	1	32067	32070
625	32069	2	32071	32076
626	32066	1	32067	32069
627	32068	0	32068	32071
628	32072	1	32073	32075
629	32066	0	32066	32070
630	32064	0	32064	32070
631	32073	0	32073	32077
632	32066	2	32068	32072
633	32066	0	32066	32070
634	32065	1	32066	32069
635	32074	0	32074	32077
636	32066	0	32066	32069
637	32065	0	32065	32069
638	32071	0	32071	32076
639	32068	0	32068	32072
640	32065	2	32067	32069
641	32068	1	32069	32072
642	32069	2	32071	32075
643	32068	0	32068	32071
644	32065	1	32066	32070
645	32070	2	32072	32075
646	32065	1	32066	32069
647	32068	0	32068	32072
648	32069	2	32071	32076
649	32065	1	32066	32070
650	32064	2	32066	32070
651	32068	0	32068	32071
652	32071	1	32072	32075
653	32066	1	32067	32070
654	32065	2	32067	32069
655	32072	1	32073	32077
656	32067	0	32067	32069
657	32066	0	32066	32070
658	32071	1	32072	32075
659	32067	2	32069	32074
660	32064	2	32066	32070
661	32063	2	32065	32070
662	32071	1	32072	32075
663	32066	1	32067	32072
664	32067	0	32067	32069
665	32071	0	32071	32075
666	32067	0	32067	32071
667	32065	1	32066	32072
668	32067	2	32069	32073
669	32066	5	32071	32074
670	32066	0	32066	32069
671	32066	2	32068	32071
672	32071	1	32072	32076
673	32065	0	32065	32070
674	32066	1	32067	32069
675	32071	1	32072	32076
676	32065	1	32066	32069
677	32067	0	32067	32070
678	32065	2	32067	32070
679	32071	1	32072	32076
680	32066	0	32066	32070
681	32066	1	32067	32070
682	32070	2	32072	32076
683	32065	1	32066	32070
684	32067	0	32067	32069
685	32071	0	32071	32076
686	32068	0	32068	32071
687	32066	1	32067	32069
688	32064	2	32066	32070
689	32071	0	32071	32076
690	32067	0	32067	32069
691	32065	1	32066	32070
692	32069	3	32072	32076
693	32066	1	32067	32069
694	32067	0	32067	32070
695	32069	1	32070	32073
696	32070	0	32070	32076
697	32064	1	32065	32070
698	32066	0	32066	32069
699	32072	1	32073	32076
700	32065	2	32067	32072
701	32066	1	32067	32069
702	32072	1	32073	32076
703	32067	0	32067	32069
704	32066	1	32067	32072
705	32068	0	32068	32071
706	32072	0	32072	32075
707	32066	1	32067	32070
708	32066	0	32066	32071
709	32071	0	32071	32076
710	32064	3	32067	32070
711	32066	0	32066	32070
712	32073	0	32073	32078
713	32066	0	32066	32070
714	32067	0	32067	32070
715	32070	1	32071	32073
716	32069	1	32070	32076
717	32065	0	32065	32070
718	32066	0	32066	32069
719	32072	0	32072	32076
720	32066	0	32066	32071
721	32064	3	32067	32070
722	32072	0	32072	32076
723	32067	0	32067	32069
724	32066	1	32067	32072
725	32070	2	32072	32076
726	32064	2	32066	32069
727	32067	0	32067	32070
728	32067	0	32067	32073
729	32071	1	32072	32076
730	32064	1	32065	32070
731	32067	0	32067	32070
732	32073	0	32073	32077
733	32066	3	32069	32072
734	32064	1	32065	32070
735	32069	2	32071	32076
736	32065	2	32067	32071
737	32064	2	32066	32069
738	32068	2	32070	32074
739	32068	1	32069	32074
740	32065	3	32068	32072
741	32065	2	32067	32069
742	32070	1	32071	32076
743	32066	0	32066	32070
744	32066	1	32067	32072
745	32072	0	32072	32076
746	32066	0	32066	32070
747	32064	1	32065	32070
748	32072	1	32073	32078
749	32065	0	32065	32069
750	32065	1	32066	32069
751	32068	0	32068	32071
752	32072	0	32072	32077
753	32066	0	32066	32069
754	32065	1	32066	32070
755	32072	1	32073	32076
756	32065	2	32067	32071
757	32065	0	32065	32070
758	32072	3	32075	32079
759	32065	1	32066	32070
760	32064	3	32067	32072
761	32069	1	32070	32074
762	32069	1	32070	32073
763	32065	1	32066	32069
764	32065	1	32066	32069
765	32071	2	32073	32075
766	32065	2	32067	32070
767	32066	0	32066	32069
768	32071	1	32072	32076
769	32065	0	32065	32069
770	32065	1	32066	32070
771	32071	2	32073	32075
772	32077	9	32086	32131
773	32064	2	32066	32069
774	32067	1	32068	32072
775	32072	0	32072	32075
776	32065	0	32065	32069
777	32066	1	32067	32071
778	32072	1	32073	32075
779	32065	1	32066	32070
780	32065	1	32066	32070
781	32072	1	32073	32077
782	32066	0	32066	32069
783	32066	0	32066	32070
784	32070	2	32072	32076
785	32065	3	32068	32072
786	32065	1	32066	32070
787	32067	0	32067	32071
788	32073	0	32073	32076
789	32067	0	32067	32072
790	32065	1	32066	32070
791	32070	1	32071	32075
792	32065	1	32066	32070
793	32065	2	32067	32071
794	32072	0	32072	32076
795	32067	0	32067	32070
796	32066	1	32067	32070
797	32072	0	32072	32078
798	32066	1	32067	32071
799	32067	0	32067	32070
800	32065	0	32065	32070
801	32072	1	32073	32078
802	32067	0	32067	32069
803	32067	0	32067	32070
804	32070	1	32071	32076
805	32068	0	32068	32071
806	32065	0	32065	32070
807	32071	1	32072	32076
808	32066	0	32066	32069
809	32067	0	32067	32072
810	32068	1	32069	32073
811	32069	0	32069	32074
812	32065	2	32067	32070
813	32067	0	32067	32071
814	32073	1	32074	32077
815	32066	0	32066	32070
816	32066	1	32067	32070
817	32073	1	32074	32077
818	32066	0	32066	32070
819	32064	1	32065	32070
820	32071	1	32072	32076
821	32068	0	32068	32072
822	32064	1	32065	32070
823	32066	1	32067	32070
824	32071	2	32073	32076
825	32068	0	32068	32071
826	32066	1	32067	32070
827	32071	1	32072	32076
828	32066	1	32067	32069
829	32067	0	32067	32072
830	32072	1	32073	32076
831	32066	0	32066	32070
832	32066	0	32066	32070
833	32070	2	32072	32075
834	32068	3	32071	32074
835	32065	1	32066	32070
836	32064	2	32066	32070
837	32072	2	32074	32077
838	32065	1	32066	32070
839	32065	1	32066	32069
840	32072	1	32073	32075
841	32065	1	32066	32072
842	32064	2	32066	32070
843	32070	1	32071	32075
844	32067	0	32067	32070
845	32066	0	32066	32070
846	32069	1	32070	32074
847	32067	1	32068	32074
848	32065	0	32065	32070
849	32065	1	32066	32070
850	32072	0	32072	32076
851	32067	0	32067	32070
852	32065	0	32065	32070
853	32072	1	32073	32076
854	32064	3	32067	32069
855	32066	0	32066	32070
856	32072	1	32073	32076
857	32064	2	32066	32069
858	32066	2	32068	32072
859	32070	1	32071	32074
860	32066	2	32068	32073
861	32066	1	32067	32070
862	32066	1	32067	32072
863	32071	1	32072	32075
864	32067	0	32067	32070
865	32065	0	32065	32070
866	32071	2	32073	32078
867	32064	1	32065	32070
868	32066	1	32067	32069
869	32070	1	32071	32076
870	32066	2	32068	32071
871	32063	2	32065	32070
872	32072	0	32072	32075
873	32066	3	32069	32071
874	32064	2	32066	32071
875	32067	0	32067	32070
876	32072	0	32072	32076
877	32064	3	32067	32070
878	32067	0	32067	32072
879	32072	0	32072	32076
880	32066	1	32067	32070
881	32065	1	32066	32070
882	32071	1	32072	32078
883	32065	1	32066	32070
884	32065	2	32067	32069
885	32072	0	32072	32075
886	32066	1	32067	32071
887	32064	2	32066	32070
888	32066	2	32068	32071
889	32071	1	32072	32075
890	32065	2	32067	32071
891	32064	2	32066	32070
892	32072	0	32072	32076
893	32066	1	32067	32069
894	32066	0	32066	32072
895	32072	1	32073	32076
896	32064	1	32065	32070
897	32066	1	32067	32070
898	32072	1	32073	32078
899	32065	2	32067	32070
900	32066	0	32066	32069
901	32070	1	32071	32073
902	32070	1	32071	32075
903	32064	0	32064	32070
904	32066	0	32066	32070
905	32070	3	32073	32076
906	32066	1	32067	32072
907	32065	1	32066	32070
908	32072	1	32073	32076
909	32066	0	32066	32070
910	32066	0	32066	32072
911	32072	1	32073	32075
912	32063	2	32065	32069
913	32066	1	32067	32070
914	32071	2	32073	32078
915	32065	3	32068	32071
916	32066	0	32066	32070
917	32067	0	32067	32070
918	32072	1	32073	32078
919	32065	1	32066	32070
920	32063	1	32064	32069
921	32070	2	32072	32076
922	32064	4	32068	32072
923	32066	0	32066	32070
924	32072	0	32072	32076
925	32066	0	32066	32070
926	32066	1	32067	32072
927	32071	1	32072	32076
928	32065	2	32067	32070
929	32065	1	32066	32069
930	32069	0	32069	32073
931	32071	0	32071	32076
932	32065	2	32067	32071
933	32065	0	32065	32069
934	32072	1	32073	32075
935	32065	1	32066	32070
936	32064	2	32066	32070
937	32071	0	32071	32076
938	32065	1	32066	32070
939	32065	1	32066	32069
940	32071	1	32072	32076
941	32064	1	32065	32070
942	32064	3	32067	32069
943	32068	1	32069	32073
944	32070	2	32072	32076
945	32065	2	32067	32070
946	32066	1	32067	32070
947	32072	1	32073	32077
948	32065	1	32066	32070
949	32066	1	32067	32070
950	32070	1	32071	32076
951	32067	0	32067	32072
952	32067	2	32069	32073
953	32072	1	32073	32075
954	32066	2	32068	32072
955	32067	1	32068	32075
956	32067	0	32067	32071
957	32070	2	32072	32076
958	32068	0	32068	32075
959	32064	2	32066	32072
960	32072	1	32073	32076
961	32065	2	32067	32069
962	32065	1	32066	32069
963	32071	2	32073	32078
964	32066	0	32066	32070
965	32066	1	32067	32069
966	32069	1	32070	32073
967	32069	2	32071	32076
968	32065	0	32065	32070
969	32066	1	32067	32069
970	32072	0	32072	32075
971	32066	2	32068	32071
972	32066	1	32067	32069
973	32070	3	32073	32076
974	32066	0	32066	32070
975	32065	1	32066	32072
976	32072	1	32073	32076
977	32065	2	32067	32070
978	32066	0	32066	32069
979	32067	0	32067	32072
980	32072	4	32076	32079
981	32066	0	32066	32069
982	32065	0	32065	32070
983	32073	0	32073	32077
984	32067	0	32067	32071
985	32066	0	32066	32069
986	32070	1	32071	32076
987	32065	2	32067	32072
988	32066	1	32067	32070
989	32068	0	32068	32072
990	32071	1	32072	32075
991	32067	1	32068	32071
992	32066	1	32067	32069
993	32072	1	32073	32075
994	32065	1	32066	32070
995	32068	0	32068	32071
996	32071	2	32073	32075
997	32067	0	32067	32069
998	32063	3	32066	32069
999	32072	0	32072	32076
1000	32069	0	32069	32073
