"NUM"	"PRTIME"
1	1003
2	1003
3	1003
4	999
5	1001
6	1004
7	1003
8	1002
9	1003
10	1002
11	1003
12	1002
13	1003
14	1003
15	1002
16	1003
17	1003
18	1002
19	998
20	1003
21	1003
22	1003
23	1003
24	1003
25	1003
26	1003
27	1003
28	1004
29	1002
30	1003
31	1002
32	1003
33	999
34	1001
35	1003
36	1003
37	1003
38	1003
39	1002
40	1003
41	1003
42	1002
43	1004
44	1002
45	1003
46	1002
47	1002
48	999
49	1003
50	1003
51	1003
52	1003
53	1003
54	1003
55	1002
56	1003
57	1002
58	1003
59	1003
60	1003
61	1002
62	1000
63	1000
64	1003
65	1003
66	1003
67	1002
68	1003
69	1003
70	1003
71	1003
72	1003
73	1003
74	1002
75	1003
76	1003
77	999
78	1003
79	1003
80	1003
81	1003
82	1003
83	1002
84	1002
85	1003
86	1003
87	1004
88	1003
89	1002
90	1002
91	999
92	1002
93	1003
94	1003
95	1002
96	1003
97	1002
98	1003
99	1002
100	1002
101	1003
102	1004
103	1003
104	1003
105	1002
106	999
107	1003
108	1003
109	1003
110	1003
111	1003
112	1003
113	1003
114	1003
115	1002
116	1003
117	1003
118	1003
119	1003
120	998
121	1002
122	1003
123	1003
124	1004
125	1003
126	1003
127	1003
128	1003
129	1002
130	1003
131	1003
132	1002
133	1002
134	1001
135	999
136	1003
137	1003
138	1003
139	1003
140	1003
141	1002
142	1003
143	1003
144	1003
145	1003
146	1004
147	1003
148	1003
149	999
150	1001
151	1002
152	1003
153	1003
154	1003
155	1003
156	1003
157	1003
158	1003
159	1003
160	1002
161	1004
162	1003
163	1002
164	998
165	1003
166	1003
167	1002
168	1002
169	1003
170	1003
171	1003
172	1003
173	1002
174	1002
175	1003
176	1004
177	1002
178	999
179	1001
180	1003
181	1002
182	1003
183	1004
184	1003
185	1003
186	1003
187	1002
188	1003
189	1003
190	1002
191	1004
192	1002
193	999
194	1002
195	1003
196	1003
197	1003
198	1004
199	1003
200	1002
201	1002
202	1003
203	1003
204	1003
205	1002
206	1003
207	999
208	1002
209	1002
210	1003
211	1003
212	1003
213	1004
214	1003
215	1003
216	1003
217	1003
218	1003
219	1003
220	1003
221	1001
222	999
223	1003
224	1003
225	1003
226	1002
227	1003
228	1002
229	1003
230	1003
231	1002
232	1003
233	1002
234	1003
235	1004
236	999
237	1002
238	1003
239	1002
240	1003
241	1003
242	1003
243	1003
244	1003
245	1002
246	1003
247	1003
248	1003
249	1003
250	1002
251	1000
252	1003
253	1003
254	1003
255	1002
256	1002
257	1003
258	1003
259	1002
260	1003
261	1002
262	1003
263	1002
264	1003
265	999
266	1002
267	1003
268	1002
269	1003
270	1003
271	1003
272	1003
273	1003
274	1003
275	1003
276	1002
277	1002
278	1003
279	1001
280	1000
281	1002
282	1003
283	1003
284	1003
285	1002
286	1003
287	1003
288	1002
289	1002
290	1003
291	1003
292	1003
293	1002
294	1000
295	1002
296	1002
297	1003
298	1003
299	1003
300	1003
301	1002
302	1003
303	1002
304	1002
305	1003
306	1003
307	1003
308	1001
309	1001
310	1002
311	1003
312	1002
313	1003
314	1003
315	1003
316	1003
317	1002
318	1003
319	1003
320	1003
321	1003
322	1003
323	999
324	1004
325	1003
326	1003
327	1002
328	1003
329	1002
330	1003
331	1003
332	1003
333	1003
334	1003
335	1003
336	1002
337	1000
338	1000
339	1002
340	1003
341	1003
342	1002
343	1003
344	1002
345	1003
346	1004
347	1002
348	1003
349	1003
350	1003
351	1003
352	999
353	1004
354	1002
355	1003
356	1003
357	1003
358	1002
359	1003
360	1002
361	1003
362	1003
363	1003
364	1003
365	1002
366	1000
367	1000
368	1003
369	1003
370	1003
371	1003
372	1002
373	1003
374	1002
375	1003
376	1003
377	1003
378	1003
379	1003
380	1003
381	999
382	1003
383	1004
384	1002
385	1003
386	1003
387	1003
388	1002
389	1003
390	1003
391	1003
392	1002
393	1003
394	1002
395	1001
396	1000
397	1003
398	1004
399	1003
400	1003
401	1003
402	1002
403	1003
404	1003
405	1004
406	1003
407	1003
408	1002
409	1003
410	999
411	1003
412	1003
413	1003
414	1003
415	1002
416	1003
417	1002
418	1002
419	1003
420	1003
421	1003
422	1003
423	1003
424	1001
425	1001
426	1002
427	1002
428	1003
429	1003
430	1002
431	1003
432	1003
433	1003
434	1002
435	1004
436	1002
437	1002
438	1003
439	998
440	1003
441	1003
442	1003
443	1003
444	1002
445	1002
446	1003
447	1002
448	1003
449	1003
450	1003
451	1002
452	1003
453	1001
454	1000
455	1003
456	1003
457	1004
458	1003
459	1002
460	1002
461	1003
462	1003
463	1003
464	1003
465	1002
466	1002
467	1003
468	999
469	1003
470	1002
471	1002
472	1004
473	1003
474	1002
475	1003
476	1003
477	1003
478	1003
479	1003
480	1003
481	1003
482	1001
483	1001
484	1002
485	1003
486	1002
487	1003
488	1003
489	1003
490	1002
491	1003
492	1003
493	1003
494	1003
495	1003
496	1002
497	999
498	1003
499	1003
500	1003
501	1003
502	1003
503	1003
504	1003
505	1002
506	1002
507	1003
508	1003
509	1004
510	1003
511	1000
512	1001
513	1002
514	1003
515	1003
516	1003
517	1003
518	1003
519	1002
520	1003
521	1003
522	1003
523	1002
524	1004
525	1002
526	998
527	1003
528	1003
529	1003
530	1003
531	1004
532	1003
533	1002
534	1003
535	1003
536	1003
537	1003
538	1002
539	1004
540	1000
541	1001
542	1003
543	1003
544	1002
545	1003
546	1004
547	1003
548	1003
549	1003
550	1003
551	1003
552	1003
553	1002
554	1002
555	998
556	1002
557	1002
558	1003
559	1003
560	1003
561	1004
562	1002
563	1003
564	1002
565	1003
566	1003
567	1003
568	1003
569	1001
570	1000
571	1003
572	1003
573	1003
574	1003
575	1003
576	1003
577	1003
578	1003
579	1003
580	1003
581	1003
582	1003
583	1004
584	999
585	1002
586	1002
587	1003
588	1003
589	1003
590	1003
591	1002
592	1002
593	1003
594	1002
595	1002
596	1002
597	1003
598	1002
599	1000
600	1002
601	1003
602	1002
603	1003
604	1002
605	1003
606	1003
607	1003
608	1002
609	1003
610	1003
611	1002
612	1003
613	1000
614	1002
615	1002
616	1003
617	1003
618	1002
619	1003
620	1004
621	1003
622	1003
623	1003
624	1003
625	1003
626	1003
627	1001
628	1000
629	1003
630	1003
631	1003
632	1003
633	1003
634	1003
635	1004
636	1003
637	1003
638	1002
639	1002
640	1003
641	1003
642	1000
643	1002
644	1002
645	1003
646	1002
647	1003
648	1003
649	1002
650	1003
651	1002
652	1002
653	1002
654	1002
655	1003
656	1001
657	1001
658	1003
659	1003
660	1003
661	1002
662	1002
663	1003
664	1003
665	1003
666	1003
667	1003
668	1003
669	1003
670	1003
671	999
672	1003
673	1002
674	1003
675	1003
676	1003
677	1003
678	1003
679	1003
680	1003
681	1002
682	1002
683	1003
684	1003
685	1002
686	998
687	1003
688	1003
689	1003
690	1003
691	1003
692	1003
693	1003
694	1004
695	1003
696	1003
697	1003
698	1003
699	1003
700	999
701	1002
702	1003
703	1002
704	1002
705	1002
706	1002
707	1003
708	1002
709	1004
710	1003
711	1003
712	1002
713	1003
714	1002
715	999
716	1002
717	1003
718	1003
719	1003
720	1002
721	1002
722	1002
723	1003
724	1004
725	1003
726	1002
727	1002
728	1003
729	999
730	1002
731	1004
732	1003
733	1003
734	1003
735	1003
736	1003
737	1002
738	1003
739	1004
740	1003
741	1002
742	1003
743	1003
744	999
745	1002
746	1004
747	1002
748	1003
749	1002
750	1002
751	1003
752	1003
753	1003
754	1003
755	1003
756	1002
757	1002
758	1001
759	999
760	1003
761	1003
762	1002
763	1003
764	1002
765	1003
766	1003
767	1002
768	1003
769	1002
770	1003
771	1003
772	1003
773	999
774	1003
775	1003
776	1004
777	1003
778	1002
779	1002
780	1003
781	1003
782	1003
783	1003
784	1003
785	1002
786	1003
787	1001
788	999
789	1003
790	1003
791	1003
792	1003
793	1003
794	1003
795	1003
796	1002
797	1002
798	1004
799	1002
800	1003
801	1002
802	999
803	1001
804	1003
805	1003
806	1003
807	1003
808	1002
809	1003
810	1002
811	1003
812	1003
813	1004
814	1003
815	1002
816	1002
817	1000
818	1003
819	1003
820	1003
821	1003
822	1003
823	1003
824	1003
825	1002
826	1002
827	1003
828	1004
829	1003
830	1003
831	998
832	1002
833	1003
834	1002
835	1004
836	1002
837	1003
838	1003
839	1003
840	1002
841	1003
842	1002
843	1003
844	1003
845	1001
846	1000
847	1003
848	1003
849	1002
850	1004
851	1003
852	1003
853	1003
854	1003
855	1003
856	1003
857	1003
858	1003
859	1003
860	998
861	1002
862	1003
863	1003
864	1003
865	1003
866	1003
867	1003
868	1003
869	1003
870	1003
871	1003
872	1003
873	1003
874	1000
875	1000
876	1003
877	1002
878	1003
879	1003
880	1003
881	1003
882	1002
883	1003
884	1002
885	1003
886	1003
887	1004
888	1002
889	999
890	1003
891	1002
892	1002
893	1003
894	1004
895	1003
896	1003
897	1003
898	1003
899	1002
900	1003
901	1003
902	1003
903	1001
904	1000
905	1003
906	1003
907	1002
908	1003
909	1004
910	1003
911	1003
912	1002
913	1002
914	1003
915	1002
916	1002
917	1003
918	999
919	1002
920	1003
921	1003
922	1003
923	1003
924	1002
925	1003
926	1002
927	1003
928	1002
929	1003
930	999
931	1003
932	1003
933	1003
934	1003
935	1003
936	1004
937	1003
938	1003
939	1003
940	1003
941	1002
942	1003
943	1003
944	1000
945	1000
946	1003
947	1003
948	1003
949	1003
950	1003
951	1003
952	1003
953	1003
954	1002
955	1003
956	1003
957	1003
958	1003
959	999
960	1002
961	1002
962	1002
963	1002
964	1003
965	1002
966	1004
967	1002
968	1002
969	1003
970	1002
971	1003
972	1002
973	1000
974	1001
975	1003
976	1003
977	1003
978	1003
979	1003
980	1003
981	1003
982	1002
983	1003
984	1002
985	1003
986	1002
987	1001
988	999
989	1003
990	1003
991	1003
992	1002
993	1003
994	1003
995	1003
996	1003
997	1003
998	1003
999	1003
1000	1002
1001	1003
1002	1003
1003	1003
1004	999
1005	1002
1006	1002
1007	1002
1008	1002
1009	1003
1010	1003
1011	1003
1012	1003
1013	1003
1014	1003
1015	1002
1016	1003
1017	1003
1018	998
1019	1003
1020	1003
1021	1003
1022	1003
1023	1003
1024	1002
1025	1003
1026	1002
1027	1004
1028	1002
1029	1003
1030	1003
1031	1003
1032	1001
1033	1001
1034	1003
1035	1002
1036	1002
1037	1002
1038	1003
1039	1003
1040	1002
1041	1003
1042	1003
1043	1003
1044	1003
1045	1002
1046	1002
1047	999
1048	1003
1049	1004
1050	1003
1051	1003
1052	1003
1053	1003
1054	1003
1055	1003
1056	1003
1057	1003
1058	1002
1059	1002
1060	1003
1061	999
1062	1002
1063	1002
1064	1004
1065	1003
1066	1003
1067	1002
1068	1003
1069	1003
1070	1003
1071	1003
1072	1003
1073	1002
1074	1002
1075	1000
1076	1000
1077	1003
1078	1003
1079	1004
1080	1002
1081	1003
1082	1003
1083	1003
1084	1002
1085	1002
1086	1003
1087	1002
1088	1003
1089	1001
1090	1000
1091	1002
1092	1003
1093	1002
1094	1003
1095	1003
1096	1003
1097	1003
1098	1003
1099	1003
1100	1003
1101	1004
1102	1002
1103	1001
1104	1000
1105	1003
1106	1002
1107	1003
1108	1004
1109	1003
1110	1002
1111	1002
1112	1002
1113	1003
1114	1002
1115	1004
1116	1002
1117	1001
1118	1000
1119	1002
1120	1003
1121	1003
1122	1003
1123	1003
1124	1003
1125	1003
1126	1003
1127	1003
1128	1003
1129	1003
1130	1004
1131	1001
1132	1001
1133	1002
1134	1003
1135	1002
1136	1003
1137	1004
1138	1003
1139	1002
1140	1002
1141	1003
1142	1003
1143	1003
1144	1002
1145	1001
1146	1000
1147	1003
1148	1003
1149	1003
1150	1003
1151	1003
1152	1004
1153	1003
1154	1003
1155	1002
1156	1003
1157	1003
1158	1002
1159	1002
1160	999
1161	1003
1162	1003
1163	1002
1164	1003
1165	1002
1166	1002
1167	1003
1168	1003
1169	1003
1170	1003
1171	1001
1172	1003
1173	1002
1174	1000
1175	1003
1176	1003
1177	1002
1178	1003
1179	1003
1180	1003
1181	1004
1182	1003
1183	1003
1184	1003
1185	1003
1186	1002
1187	1003
1188	999
1189	1004
1190	1002
1191	1003
1192	1003
1193	1003
1194	1003
1195	1003
1196	1004
1197	1003
1198	1002
1199	1003
1200	1003
1201	1002
1202	998
1203	1002
1204	1003
1205	1003
1206	1003
1207	1003
1208	1003
1209	1002
1210	1003
1211	1003
1212	1003
1213	1003
1214	1003
1215	1003
1216	1000
1217	1002
1218	1004
1219	1002
1220	1003
1221	1003
1222	1003
1223	1003
1224	1003
1225	1003
1226	1002
1227	1003
1228	1003
1229	1002
1230	1001
1231	1000
1232	1003
1233	1003
1234	1003
1235	1003
1236	1002
1237	1003
1238	1002
1239	1002
1240	1004
1241	1002
1242	1003
1243	1003
1244	1000
1245	1001
1246	1003
1247	1004
1248	1003
1249	1002
1250	1003
1251	1003
1252	1003
1253	1003
1254	1003
1255	1002
1256	1003
1257	1003
1258	999
1259	1003
1260	1003
1261	1003
1262	1003
1263	1003
1264	1003
1265	1002
1266	1002
1267	1003
1268	1003
1269	1004
1270	1003
1271	1002
1272	999
1273	1003
1274	1003
1275	1002
1276	1004
1277	1003
1278	1002
1279	1003
1280	1003
1281	1003
1282	1003
1283	1003
1284	1003
1285	1002
1286	999
1287	1002
1288	1003
1289	1002
1290	1003
1291	1004
1292	1002
1293	1003
1294	1003
1295	1003
1296	1002
1297	1003
1298	1004
1299	1003
1300	999
1301	1002
1302	1003
1303	1003
1304	1003
1305	1003
1306	1003
1307	1003
1308	1002
1309	1003
1310	1003
1311	1003
1312	1003
1313	1003
1314	998
1315	1002
1316	1002
1317	1003
1318	1002
1319	1003
1320	1003
1321	1003
1322	1003
1323	1003
1324	1003
1325	1002
1326	1002
1327	1002
1328	999
1329	1003
1330	1003
1331	1002
1332	1003
1333	1003
1334	1003
1335	1003
1336	1002
1337	1002
1338	1003
1339	1003
1340	1002
1341	1003
1342	1000
1343	1001
1344	1003
1345	1002
1346	1003
1347	1002
1348	1002
1349	1003
1350	1003
1351	1002
1352	1003
1353	1003
1354	1003
1355	1003
1356	999
1357	1003
1358	1003
1359	1002
1360	1003
1361	1003
1362	1003
1363	1003
1364	1004
1365	1003
1366	1003
1367	1003
1368	1003
1369	1002
1370	1000
1371	1002
1372	1002
1373	1003
1374	1002
1375	1003
1376	1002
1377	1003
1378	1003
1379	1004
1380	1002
1381	1002
1382	1003
1383	1002
1384	1001
1385	1001
1386	1004
1387	1003
1388	1003
1389	1003
1390	1003
1391	1002
1392	1003
1393	1004
1394	1003
1395	1002
1396	1003
1397	1003
1398	1000
1399	1001
1400	1002
1401	1003
1402	1003
1403	1003
1404	1003
1405	1003
1406	1003
1407	1003
1408	1004
1409	1003
1410	1003
1411	1003
1412	1001
1413	1000
1414	1003
1415	1004
1416	1002
1417	1003
1418	1002
1419	1003
1420	1002
1421	1002
1422	1003
1423	1004
1424	1003
1425	1003
1426	1002
1427	1000
1428	1003
1429	1003
1430	1004
1431	1002
1432	1002
1433	1003
1434	1003
1435	1003
1436	1002
1437	1004
1438	1003
1439	1003
1440	1001
1441	999
1442	1002
1443	1002
1444	1003
1445	1002
1446	1003
1447	1003
1448	1003
1449	1003
1450	1003
1451	1003
1452	1004
1453	1003
1454	1002
1455	999
1456	1002
1457	1003
1458	1003
1459	1003
1460	1003
1461	1002
1462	1002
1463	1002
1464	1002
1465	1002
1466	1003
1467	1003
1468	1001
1469	999
1470	1003
1471	1002
1472	1003
1473	1003
1474	1004
1475	1002
1476	1003
1477	1003
1478	1003
1479	1004
1480	1002
1481	1004
1482	1002
1483	999
1484	1003
1485	1002
1486	1003
1487	1003
1488	1003
1489	1003
1490	1002
1491	1003
1492	1002
1493	1003
1494	1003
1495	1003
1496	1003
1497	999
1498	1003
1499	1003
1500	1003
1501	1003
1502	1003
1503	1004
1504	1002
1505	1002
1506	1003
1507	1002
1508	1003
1509	1003
1510	1003
1511	1000
1512	1003
1513	1002
1514	1003
1515	1003
1516	1003
1517	1003
1518	1002
1519	1003
1520	1003
1521	1003
1522	1003
1523	1003
1524	1002
1525	999
1526	1003
1527	1002
1528	1003
1529	1003
1530	1002
1531	1003
1532	1004
1533	1003
1534	1003
1535	1003
1536	1002
1537	1003
1538	1003
1539	999
1540	1003
1541	1003
1542	1002
1543	1003
1544	1003
1545	1003
1546	1003
1547	1003
1548	1003
1549	1003
1550	1002
1551	1002
1552	1003
1553	999
1554	1004
1555	1003
1556	1003
1557	1003
1558	1003
1559	1003
1560	1003
1561	1003
1562	1003
1563	1003
1564	1003
1565	1003
1566	1002
1567	999
1568	1003
1569	1004
1570	1003
1571	1002
1572	1002
1573	1002
1574	1003
1575	1003
1576	1004
1577	1003
1578	1002
1579	1002
1580	1003
1581	999
1582	1002
1583	1003
1584	1002
1585	1003
1586	1003
1587	1003
1588	1002
1589	1003
1590	1003
1591	1003
1592	1003
1593	1003
1594	1003
1595	999
1596	1002
1597	1002
1598	1004
1599	1002
1600	1003
1601	1002
1602	1003
1603	1002
1604	1002
1605	1003
1606	1003
1607	1003
1608	1003
1609	999
1610	1000
1611	1003
1612	1002
1613	1004
1614	1002
1615	1003
1616	1003
1617	1003
1618	1003
1619	1003
1620	1003
1621	1003
1622	1003
1623	999
1624	1002
1625	1003
1626	1003
1627	1003
1628	1003
1629	1003
1630	1002
1631	1003
1632	1003
1633	1002
1634	1003
1635	1003
1636	1003
1637	999
1638	1001
1639	1003
1640	1003
1641	1003
1642	1004
1643	1003
1644	1003
1645	1002
1646	1003
1647	1003
1648	1003
1649	1004
1650	1002
1651	999
1652	1002
1653	1002
1654	1002
1655	1003
1656	1003
1657	1002
1658	1003
1659	1003
1660	1002
1661	1003
1662	1003
1663	1003
1664	1004
1665	999
1666	1002
1667	1002
1668	1003
1669	1003
1670	1002
1671	1004
1672	1003
1673	1003
1674	1002
1675	1003
1676	1003
1677	1003
1678	1003
1679	1000
1680	1001
1681	1003
1682	1002
1683	1003
1684	1002
1685	1003
1686	1004
1687	1002
1688	1003
1689	1003
1690	1003
1691	1002
1692	1003
1693	1001
1694	1002
1695	1003
1696	1003
1697	1003
1698	1003
1699	1002
1700	1003
1701	1003
1702	1003
1703	1003
1704	1003
1705	1002
1706	1003
1707	1000
1708	1001
1709	1003
1710	1003
1711	1002
1712	1003
1713	1003
1714	1003
1715	1004
1716	1002
1717	1002
1718	1003
1719	1003
1720	1002
1721	1001
1722	999
1723	1003
1724	1003
1725	1003
1726	1002
1727	1003
1728	1002
1729	1002
1730	1004
1731	1003
1732	1003
1733	1003
1734	1003
1735	1001
1736	999
1737	1003
1738	1003
1739	1003
1740	1003
1741	1003
1742	1003
1743	1003
1744	1003
1745	1002
1746	1002
1747	1003
1748	1003
1749	1002
1750	999
1751	1003
1752	1004
1753	1002
1754	1002
1755	1002
1756	1002
1757	1002
1758	1003
1759	1004
1760	1003
1761	1003
1762	1003
1763	1002
1764	999
1765	1003
1766	1003
1767	1003
1768	1003
1769	1002
1770	1003
1771	1003
1772	1002
1773	1003
1774	1004
1775	1003
1776	1002
1777	1002
1778	998
1779	1003
1780	1002
1781	1003
1782	1002
1783	1002
1784	1003
1785	1002
1786	1003
1787	1002
1788	1003
1789	1003
1790	1003
1791	1003
1792	999
1793	1003
1794	1003
1795	1003
1796	1003
1797	1003
1798	1003
1799	1003
1800	1003
1801	1003
1802	1003
1803	1004
1804	1002
1805	1002
1806	999
1807	1003
1808	1003
1809	1003
1810	1003
1811	1002
1812	1002
1813	1003
1814	1003
1815	1002
1816	1003
1817	1002
1818	1003
1819	1002
1820	999
1821	1003
1822	1003
1823	1003
1824	1003
1825	1004
1826	1003
1827	1003
1828	1003
1829	1003
1830	1003
1831	1003
1832	1004
1833	1002
1834	999
1835	1003
1836	1003
1837	1003
1838	1003
1839	1002
1840	1002
1841	1002
1842	1002
1843	1003
1844	1003
1845	1003
1846	1003
1847	1004
1848	999
1849	1003
1850	1003
1851	1002
1852	1003
1853	1002
1854	1004
1855	1003
1856	1003
1857	1003
1858	1002
1859	1003
1860	1002
1861	1003
1862	1000
1863	1002
1864	1003
1865	1003
1866	1003
1867	1003
1868	1003
1869	1003
1870	1003
1871	1003
1872	1002
1873	1003
1874	1003
1875	1000
1876	1003
1877	1002
1878	1003
1879	1003
1880	1003
1881	1002
1882	1003
1883	1003
1884	1002
1885	1003
1886	1003
1887	1002
1888	1002
1889	999
1890	1004
1891	1002
1892	1002
1893	1002
1894	1003
1895	1003
1896	1003
1897	1003
1898	1003
1899	1002
1900	1002
1901	1003
1902	1002
1903	999
1904	1003
1905	1002
1906	1003
1907	1003
1908	1003
1909	1003
1910	1003
1911	1003
1912	1003
1913	1003
1914	1003
1915	1003
1916	1002
1917	999
1918	1002
1919	1004
1920	1003
1921	1002
1922	1002
1923	1003
1924	1002
1925	1003
1926	1004
1927	1003
1928	1002
1929	1003
1930	1002
1931	998
1932	1002
1933	1003
1934	1002
1935	1003
1936	1003
1937	1002
1938	1003
1939	1002
1940	1003
1941	1003
1942	1003
1943	1003
1944	1002
1945	1000
1946	1001
1947	1003
1948	1003
1949	1003
1950	1003
1951	1003
1952	1003
1953	1002
1954	1003
1955	1002
1956	1004
1957	1002
1958	1003
1959	999
1960	1001
1961	1002
1962	1003
1963	1004
1964	1003
1965	1002
1966	1002
1967	1003
1968	1003
1969	1002
1970	1003
1971	1003
1972	1003
1973	1001
1974	1000
1975	1003
1976	1004
1977	1003
1978	1003
1979	1003
1980	1003
1981	1003
1982	1002
1983	1003
1984	1003
1985	1004
1986	1003
1987	1001
1988	1000
1989	1003
1990	1002
1991	1003
1992	1002
1993	1003
1994	1003
1995	1003
1996	1002
1997	1002
1998	1003
1999	1003
2000	1004
