ALGRUNID	ITERNUM	U_TIME	S_TIME	PRTIME	ALL_U_TIME	ALL_S_TIME	ALL_MIN_FLT	ALL_MAJ_FLT	ALL_NIVCSW	ALL_NVCSW	ALL_CPU_COUNT	ALL_CPU_DELAY	ALL_BLKIO_COUNT	ALL_SWAPIN_COUNT	ALL_SWAPIN_DELAY	ALL_FREEPGS_COUNT	ALL_FREEPGS_DELAY	ALL_READ_BYTES	ALL_READ_CHAR	ALL_READ_SYSCALLS	ALL_WRITE_BYTES	ALL_WRITE_CHAR	ALL_WRITE_SYSCALLS
19340	1	104221	2	104223	192	20	1117	0	0	0	0	0	0	0	0	0	0	0	11480	20	16384	0	0
19340	2	104222	2	104224	198	14	1117	0	0	0	0	0	0	0	0	0	0	0	11480	23	16384	0	0
19340	3	104222	1	104223	196	18	1116	0	0	0	0	0	0	0	0	0	0	0	11480	20	16384	0	0
19340	4	104217	1	104218	196	15	1117	0	0	0	0	0	0	0	0	0	0	0	11480	20	16384	0	0
19340	5	104221	5	104226	194	18	1115	0	0	0	0	0	0	0	0	0	0	0	11480	23	16384	0	0
19340	6	104214	6	104220	198	13	1116	0	0	0	0	0	0	0	0	0	0	0	11480	20	16384	0	0
19340	7	104223	1	104224	196	17	1115	0	0	0	0	0	0	0	0	0	0	0	11480	20	16384	0	0
19340	8	104220	0	104220	197	12	1119	0	0	0	0	0	0	0	0	0	0	0	11480	23	16384	0	0
19340	9	104218	4	104222	194	20	1121	0	0	0	0	0	0	0	0	0	0	0	11480	20	16384	0	0
19340	10	104218	2	104220	198	14	1117	0	0	0	0	0	0	0	0	0	0	0	11480	20	12288	0	0
19340	11	104227	1	104228	198	16	1116	0	0	0	0	0	0	0	0	0	0	0	11480	23	16384	0	0
19340	12	104219	2	104221	194	15	1116	0	0	0	0	0	0	0	0	0	0	0	11480	20	16384	0	0
19340	13	104222	4	104226	198	14	1116	0	0	0	0	0	0	0	0	0	0	0	11480	20	16384	0	0
19340	14	104224	2	104226	199	13	1115	0	0	0	0	0	0	0	0	0	0	0	11480	23	16384	0	0
19340	15	104215	4	104219	198	14	1117	0	0	0	0	0	0	0	0	0	0	0	11480	20	16384	0	0
19340	16	104223	2	104225	196	12	1116	0	0	0	0	0	0	0	0	0	0	0	11480	23	16384	0	0
19340	17	104216	1	104217	192	21	1121	0	0	0	0	0	0	0	0	0	0	0	11480	20	16384	0	0
19340	18	104224	2	104226	196	14	1121	0	0	0	0	0	0	0	0	0	0	0	11480	20	32768	0	0
19340	19	104217	2	104219	190	20	1116	0	0	0	0	0	0	0	0	0	0	0	11480	23	16384	0	0
19340	20	104224	0	104224	198	13	1116	0	0	0	0	0	0	0	0	0	0	0	11480	20	16384	0	0
19340	21	104218	2	104220	192	18	1117	0	0	0	0	0	0	0	0	0	0	0	11480	20	16384	0	0
19340	22	104222	2	104224	195	16	1116	0	0	0	0	0	0	0	0	0	0	0	11480	23	16384	0	0
19340	23	104218	2	104220	194	17	1115	0	0	0	0	0	0	0	0	0	0	0	11480	20	16384	0	0
19340	24	104222	3	104225	196	16	1117	0	0	0	0	0	0	0	0	0	0	0	11480	20	16384	0	0
19340	25	104220	2	104222	198	11	1114	0	0	0	0	0	0	0	0	0	0	0	11480	23	16384	0	0
19340	26	104225	0	104225	194	18	1121	0	0	0	0	0	0	0	0	0	0	0	11480	20	16384	0	0
19340	27	104219	4	104223	192	20	1121	0	0	0	0	0	0	0	0	0	0	0	11480	20	16384	0	0
19340	28	104212	5	104217	198	17	1116	0	0	0	0	0	0	0	0	0	0	0	11480	23	16384	0	0
19340	29	104222	4	104226	196	14	2235	0	0	0	0	0	0	0	0	0	0	0	22960	40	16384	0	0
19340	30	104216	3	104219	194	16	1116	0	0	0	0	0	0	0	0	0	0	0	11480	20	16384	0	0
19340	31	104225	1	104226	194	15	1116	0	0	0	0	0	0	0	0	0	0	0	11480	23	16384	0	0
19340	32	104217	1	104218	194	20	1114	0	0	0	0	0	0	0	0	0	0	0	11480	20	16384	0	0
19340	33	104219	5	104224	195	15	1115	0	0	0	0	0	0	0	0	0	0	0	11480	20	16384	0	0
19340	34	104220	3	104223	196	15	1114	0	0	0	0	0	0	0	0	0	0	0	11480	23	53248	7	0
19340	35	104223	2	104225	192	19	1120	0	0	0	0	0	0	0	0	0	0	0	11480	20	16384	0	0
19340	36	104221	0	104221	192	19	1121	0	0	0	0	0	0	0	0	0	0	0	11480	23	16384	0	0
19340	37	104222	3	104225	195	17	1116	0	0	0	0	0	0	0	0	0	0	0	11480	20	16384	0	0
19340	38	104218	2	104220	194	18	1115	0	0	0	0	0	0	0	0	0	0	0	11480	20	16384	0	0
19340	39	104222	3	104225	196	14	1115	0	0	0	0	0	0	0	0	0	0	0	11480	23	16384	0	0
19340	40	104215	4	104219	194	15	1115	0	0	0	0	0	0	0	0	0	0	0	11480	20	16384	0	0
19340	41	104222	2	104224	194	18	1113	0	0	0	0	0	0	0	0	0	0	0	11480	20	16384	0	0
19340	42	104217	3	104220	200	12	1116	0	0	0	0	0	0	0	0	0	0	0	11480	23	16384	0	0
19340	43	104224	4	104228	194	18	1114	0	0	0	0	0	0	0	0	0	0	0	11480	20	12288	0	0
19340	44	104214	4	104218	195	15	1120	0	0	0	0	0	0	0	0	0	0	0	11480	20	16384	0	0
19340	45	104224	3	104227	192	18	1120	0	0	0	0	0	0	0	0	0	0	0	11480	23	16384	0	0
19340	46	104215	3	104218	198	14	1115	0	0	0	0	0	0	0	0	0	0	0	11480	20	16384	0	0
19340	47	104220	5	104225	198	14	1115	0	0	0	0	0	0	0	0	0	0	0	11480	20	16384	0	0
19340	48	104214	5	104219	196	14	1115	0	0	0	0	0	0	0	0	0	0	0	11480	23	16384	0	0
19340	49	104224	0	104224	194	19	1115	0	0	0	0	0	0	0	0	0	0	0	11480	20	16384	0	0
19340	50	104215	3	104218	199	15	1113	0	0	0	0	0	0	0	0	0	0	0	11480	20	16384	0	0
19340	51	104221	4	104225	192	18	1116	0	0	0	0	0	0	0	0	0	0	0	11480	23	12288	0	0
19340	52	104216	3	104219	196	15	1114	0	0	0	0	0	0	0	0	0	0	0	11480	20	16384	0	0
19340	53	104223	4	104227	192	20	1119	0	0	0	0	0	0	0	0	0	0	0	11480	20	12288	0	0
19340	54	104217	4	104221	196	12	1119	0	0	0	0	0	0	0	0	0	0	0	11480	23	16384	0	0
19340	55	104223	2	104225	196	16	1115	0	0	0	0	0	0	0	0	0	0	0	11480	20	16384	0	0
19340	56	104213	6	104219	192	19	1115	0	0	0	0	0	0	0	0	0	0	0	11480	23	16384	0	0
19340	57	104227	0	104227	196	13	1116	0	0	0	0	0	0	0	0	0	0	0	11480	20	16384	0	0
19340	58	104215	2	104217	194	16	1115	0	0	0	0	0	0	0	0	0	0	0	11480	20	16384	0	0
19340	59	104219	5	104224	196	13	1115	0	0	0	0	0	0	0	0	0	0	0	11480	23	16384	0	0
19340	60	104215	4	104219	196	16	1116	0	0	0	0	0	0	0	0	0	0	0	11480	20	16384	0	0
19340	61	104223	2	104225	196	13	1114	0	0	0	0	0	0	0	0	0	0	0	11480	20	16384	0	0
19340	62	104217	2	104219	194	19	1120	0	0	0	0	0	0	0	0	0	0	0	11480	23	16384	0	0
19340	63	104219	6	104225	196	15	1119	0	0	0	0	0	0	0	0	0	0	0	11480	20	16384	0	0
19340	64	104218	2	104220	196	16	1115	0	0	0	0	0	0	0	0	0	0	0	11480	20	16384	0	0
19340	65	104222	4	104226	194	14	1117	0	0	0	0	0	0	0	0	0	0	0	11480	23	16384	0	0
19340	66	104216	4	104220	196	16	1116	0	0	0	0	0	0	0	0	0	0	0	11480	20	16384	0	0
19340	67	104225	2	104227	197	12	1115	0	0	0	0	0	0	0	0	0	0	0	11480	20	16384	0	0
19340	68	104219	4	104223	192	19	1114	0	0	0	0	0	0	0	0	0	0	0	11480	23	53248	7	0
19340	69	104220	4	104224	198	14	1115	0	0	0	0	0	0	0	0	0	0	0	11480	20	16384	0	0
19340	70	104218	2	104220	194	16	1114	0	0	0	0	0	0	0	0	0	0	0	11480	20	16384	0	0
19340	71	104222	3	104225	198	13	1119	0	0	0	0	0	0	0	0	0	0	0	11480	23	16384	0	0
19340	72	104217	2	104219	198	14	1121	0	0	0	0	0	0	0	0	0	0	0	11480	20	16384	0	0
19340	73	104222	2	104224	192	18	1115	0	0	0	0	0	0	0	0	0	0	0	11480	20	16384	0	0
19340	74	104213	5	104218	196	16	1115	0	0	0	0	0	0	0	0	0	0	0	11480	23	16384	0	0
19340	75	104224	1	104225	196	13	1115	0	0	0	0	0	0	0	0	0	0	0	11480	20	16384	0	0
19340	76	104215	3	104218	194	15	1116	0	0	0	0	0	0	0	0	0	0	0	11480	20	16384	0	0
19340	77	104223	2	104225	197	15	1115	0	0	0	0	0	0	0	0	0	0	0	11480	23	16384	0	0
19340	78	104218	4	104222	194	15	1115	0	0	0	0	0	0	0	0	0	0	0	11480	20	12288	0	0
19340	79	104225	0	104225	196	16	1113	0	0	0	0	0	0	0	0	0	0	0	11480	23	16384	0	0
19340	80	104216	3	104219	196	15	1118	0	0	0	0	0	0	0	0	0	0	0	11480	20	16384	0	0
19340	81	104222	3	104225	192	19	1118	0	0	0	0	0	0	0	0	0	0	0	11480	20	16384	0	0
19340	82	104217	1	104218	192	17	1115	0	0	0	0	0	0	0	0	0	0	0	11480	23	16384	0	0
19340	83	104224	2	104226	196	14	1115	0	0	0	0	0	0	0	0	0	0	0	11480	20	16384	0	0
19340	84	104217	2	104219	196	13	1116	0	0	0	0	0	0	0	0	0	0	0	11480	20	16384	0	0
19340	85	104221	2	104223	195	17	1116	0	0	0	0	0	0	0	0	0	0	0	11480	23	16384	0	0
19340	86	104215	4	104219	198	15	1114	0	0	0	0	0	0	0	0	0	0	0	11480	20	16384	0	0
19340	87	104223	1	104224	196	17	1116	0	0	0	0	0	0	0	0	0	0	0	11480	20	16384	0	0
19340	88	104217	4	104221	196	13	1113	0	0	0	0	0	0	0	0	0	0	0	11480	23	16384	0	0
19340	89	104217	7	104224	198	14	1119	0	0	0	0	0	0	0	0	0	0	0	11480	20	16384	0	0
19340	90	104218	5	104223	194	18	1117	0	0	0	0	0	0	0	0	0	0	0	11480	20	16384	0	0
19340	91	104221	3	104224	200	15	2230	0	0	0	0	0	0	0	0	0	0	0	22960	43	20480	0	0
19340	92	104219	3	104222	198	14	1116	0	0	0	0	0	0	0	0	0	0	0	11480	20	16384	0	0
19340	93	104223	1	104224	194	18	1116	0	0	0	0	0	0	0	0	0	0	0	11480	20	16384	0	0
19340	94	104224	1	104225	192	17	1117	0	0	0	0	0	0	0	0	0	0	0	11480	23	16384	0	0
19340	95	104220	4	104224	198	11	1114	0	0	0	0	0	0	0	0	0	0	0	11480	20	16384	0	0
19340	96	104219	3	104222	194	16	1115	0	0	0	0	0	0	0	0	0	0	0	11480	20	16384	0	0
19340	97	104219	2	104221	196	17	1114	0	0	0	0	0	0	0	0	0	0	0	11480	23	16384	0	0
19340	98	104219	3	104222	198	12	1119	0	0	0	0	0	0	0	0	0	0	0	11480	20	16384	0	0
19340	99	104217	4	104221	196	16	1119	0	0	0	0	0	0	0	0	0	0	0	11480	23	16384	0	0
19340	100	104221	2	104223	194	20	1116	0	0	0	0	0	0	0	0	0	0	0	11480	20	16384	0	0
19340	101	104217	3	104220	192	21	1115	0	0	0	0	0	0	0	0	0	0	0	11480	20	16384	0	0
19340	102	104224	5	104229	200	12	1116	0	0	0	0	0	0	0	0	0	0	0	11480	23	53248	7	0
19340	103	104216	6	104222	201	12	1115	0	0	0	0	0	0	0	0	0	0	0	11480	20	16384	0	0
19340	104	104222	3	104225	194	17	1113	0	0	0	0	0	0	0	0	0	0	0	11480	20	16384	0	0
19340	105	104221	2	104223	190	20	1115	0	0	0	0	0	0	0	0	0	0	0	11480	23	16384	0	0
19340	106	104219	2	104221	198	12	1113	0	0	0	0	0	0	0	0	0	0	0	11480	20	16384	0	0
19340	107	104223	0	104223	196	14	1119	0	0	0	0	0	0	0	0	0	0	0	11480	20	16384	0	0
19340	108	104221	1	104222	194	15	1119	0	0	0	0	0	0	0	0	0	0	0	11480	23	16384	0	0
19340	109	104219	5	104224	200	12	1116	0	0	0	0	0	0	0	0	0	0	0	11480	20	16384	0	0
19340	110	104218	2	104220	197	14	1115	0	0	0	0	0	0	0	0	0	0	0	11480	20	16384	0	0
19340	111	104222	1	104223	194	19	1116	0	0	0	0	0	0	0	0	0	0	0	11480	23	16384	0	0
19340	112	104218	1	104219	194	19	1116	0	0	0	0	0	0	0	0	0	0	0	11480	20	16384	0	0
19340	113	104222	4	104226	196	12	1115	0	0	0	0	0	0	0	0	0	0	0	11480	20	16384	0	0
19340	114	104219	0	104219	194	18	1117	0	0	0	0	0	0	0	0	0	0	0	11480	23	16384	0	0
19340	115	104223	2	104225	194	16	1113	0	0	0	0	0	0	0	0	0	0	0	11480	20	16384	0	0
19340	116	104219	2	104221	196	12	1120	0	0	0	0	0	0	0	0	0	0	0	11480	20	16384	0	0
19340	117	104219	6	104225	198	15	1120	0	0	0	0	0	0	0	0	0	0	0	11480	23	16384	0	0
19340	118	104215	3	104218	196	14	1115	0	0	0	0	0	0	0	0	0	0	0	11480	20	16384	0	0
19340	119	104218	6	104224	196	18	1115	0	0	0	0	0	0	0	0	0	0	0	11480	20	16384	0	0
19340	120	104219	1	104220	194	18	1115	0	0	0	0	0	0	0	0	0	0	0	11480	23	16384	0	0
19340	121	104220	7	104227	200	11	1116	0	0	0	0	0	0	0	0	0	0	0	11480	20	16384	0	0
19340	122	104220	4	104224	192	18	1113	0	0	0	0	0	0	0	0	0	0	0	11480	23	16384	0	0
19340	123	104219	2	104221	200	13	1116	0	0	0	0	0	0	0	0	0	0	0	11480	20	16384	0	0
19340	124	104220	5	104225	198	13	1113	0	0	0	0	0	0	0	0	0	0	0	11480	20	16384	0	0
19340	125	104214	4	104218	200	13	1119	0	0	0	0	0	0	0	0	0	0	0	11480	23	16384	0	0
19340	126	104222	2	104224	200	12	1120	0	0	0	0	0	0	0	0	0	0	0	11480	20	16384	0	0
19340	127	104214	5	104219	198	13	1116	0	0	0	0	0	0	0	0	0	0	0	11480	20	16384	0	0
19340	128	104223	2	104225	198	14	1115	0	0	0	0	0	0	0	0	0	0	0	11480	23	16384	0	0
19340	129	104217	1	104218	198	15	1115	0	0	0	0	0	0	0	0	0	0	0	11480	20	16384	0	0
19340	130	104223	1	104224	192	20	1116	0	0	0	0	0	0	0	0	0	0	0	11480	20	16384	0	0
19340	131	104213	4	104217	196	17	1114	0	0	0	0	0	0	0	0	0	0	0	11480	23	16384	0	0
19340	132	104224	1	104225	196	14	1115	0	0	0	0	0	0	0	0	0	0	0	11480	20	16384	0	0
19340	133	104212	6	104218	198	11	1113	0	0	0	0	0	0	0	0	0	0	0	11480	20	16384	0	0
19340	134	104219	6	104225	194	18	1120	0	0	0	0	0	0	0	0	0	0	0	11480	23	16384	0	0
19340	135	104214	5	104219	198	15	1119	0	0	0	0	0	0	0	0	0	0	0	11480	20	16384	0	0
19340	136	104219	3	104222	198	16	1115	0	0	0	0	0	0	0	0	0	0	0	11480	20	16384	0	0
19340	137	104226	2	104228	192	18	1117	0	0	0	0	0	0	0	0	0	0	0	11480	23	53248	7	0
19340	138	104218	3	104221	194	16	1115	0	0	0	0	0	0	0	0	0	0	0	11480	20	16384	0	0
19340	139	104222	1	104223	199	15	1115	0	0	0	0	0	0	0	0	0	0	0	11480	20	16384	0	0
19340	140	104215	3	104218	192	22	1113	0	0	0	0	0	0	0	0	0	0	0	11480	23	16384	0	0
19340	141	104223	1	104224	200	12	1116	0	0	0	0	0	0	0	0	0	0	0	11480	20	16384	0	0
19340	142	104214	4	104218	201	12	1113	0	0	0	0	0	0	0	0	0	0	0	11480	23	16384	0	0
19340	143	104223	3	104226	198	14	1119	0	0	0	0	0	0	0	0	0	0	0	11480	20	16384	0	0
19340	144	104218	1	104219	198	12	1119	0	0	0	0	0	0	0	0	0	0	0	11480	20	16384	0	0
19340	145	104223	2	104225	192	19	1115	0	0	0	0	0	0	0	0	0	0	0	11480	23	16384	0	0
19340	146	104217	2	104219	194	20	1115	0	0	0	0	0	0	0	0	0	0	0	11480	20	16384	0	0
19340	147	104222	2	104224	196	14	1116	0	0	0	0	0	0	0	0	0	0	0	11480	20	16384	0	0
19340	148	104222	2	104224	193	17	1115	0	0	0	0	0	0	0	0	0	0	0	11480	23	16384	0	0
19340	149	104217	2	104219	196	17	1113	0	0	0	0	0	0	0	0	0	0	0	11480	20	16384	0	0
19340	150	104220	3	104223	196	13	1115	0	0	0	0	0	0	0	0	0	0	0	11480	20	16384	0	0
19340	151	104220	1	104221	192	18	1114	0	0	0	0	0	0	0	0	0	0	0	11480	23	16384	0	0
19340	152	104222	2	104224	199	11	1120	0	0	0	0	0	0	0	0	0	0	0	11480	20	16384	0	0
19340	153	104221	2	104223	196	17	1120	0	0	0	0	0	0	0	0	0	0	0	11480	20	16384	0	0
19340	154	104219	3	104222	198	11	1115	0	0	0	0	0	0	0	0	0	0	0	11480	23	16384	0	0
19340	155	104221	4	104225	198	13	1115	0	0	0	0	0	0	0	0	0	0	0	11480	20	16384	0	0
19340	156	104213	8	104221	196	13	1115	0	0	0	0	0	0	0	0	0	0	0	11480	20	16384	0	0
19340	157	104224	1	104225	196	15	1115	0	0	0	0	0	0	0	0	0	0	0	11480	23	16384	0	0
19340	158	104221	4	104225	195	19	1113	0	0	0	0	0	0	0	0	0	0	0	11480	20	16384	0	0
19340	159	104216	2	104218	192	20	1115	0	0	0	0	0	0	0	0	0	0	0	11480	20	16384	0	0
19340	160	104226	2	104228	192	21	1113	0	0	0	0	0	0	0	0	0	0	0	11480	23	32768	0	0
19340	161	104214	2	104216	196	16	1120	0	0	0	0	0	0	0	0	0	0	0	11480	20	16384	0	0
19340	162	104222	3	104225	200	13	1119	0	0	0	0	0	0	0	0	0	0	0	11480	20	16384	0	0
19340	163	104224	3	104227	194	14	1115	0	0	0	0	0	0	0	0	0	0	0	11480	23	16384	0	0
19340	164	104218	1	104219	195	19	1115	0	0	0	0	0	0	0	0	0	0	0	11480	20	16384	0	0
19340	165	104222	2	104224	199	14	1115	0	0	0	0	0	0	0	0	0	0	0	11480	23	16384	0	0
19340	166	104219	2	104221	198	15	1115	0	0	0	0	0	0	0	0	0	0	0	11480	20	16384	0	0
19340	167	104221	3	104224	198	14	1114	0	0	0	0	0	0	0	0	0	0	0	11480	20	16384	0	0
19340	168	104224	4	104228	194	19	1116	0	0	0	0	0	0	0	0	0	0	0	11480	23	32768	0	0
19340	169	104216	3	104219	196	15	1114	0	0	0	0	0	0	0	0	0	0	0	11480	20	16384	0	0
19340	170	104221	4	104225	194	16	1119	0	0	0	0	0	0	0	0	0	0	0	11480	20	16384	0	0
19340	171	104220	6	104226	193	21	1120	0	0	0	0	0	0	0	0	0	0	0	11480	23	69632	7	0
19340	172	104221	2	104223	196	14	1116	0	0	0	0	0	0	0	0	0	0	0	11480	20	16384	0	0
19340	173	104219	4	104223	195	18	1116	0	0	0	0	0	0	0	0	0	0	0	11480	20	16384	0	0
19340	174	104214	3	104217	198	13	1115	0	0	0	0	0	0	0	0	0	0	0	11480	23	16384	0	0
19340	175	104223	1	104224	196	16	1115	0	0	0	0	0	0	0	0	0	0	0	11480	20	16384	0	0
19340	176	104215	4	104219	196	17	1114	0	0	0	0	0	0	0	0	0	0	0	11480	20	16384	0	0
19340	177	104220	2	104222	195	19	1115	0	0	0	0	0	0	0	0	0	0	0	11480	23	16384	0	0
19340	178	104218	5	104223	196	14	1113	0	0	0	0	0	0	0	0	0	0	0	11480	20	16384	0	0
19340	179	104216	2	104218	198	14	1119	0	0	0	0	0	0	0	0	0	0	0	11480	20	16384	0	0
19340	180	104222	1	104223	194	15	1120	0	0	0	0	0	0	0	0	0	0	0	11570	26	20480	0	0
19340	181	104219	2	104221	194	17	1115	0	0	0	0	0	0	0	0	0	0	0	11480	20	12288	0	0
19340	182	104222	3	104225	192	17	1115	0	0	0	0	0	0	0	0	0	0	0	11480	20	16384	0	0
19340	183	104226	0	104226	194	18	1116	0	0	0	0	0	0	0	0	0	0	0	11480	23	16384	0	0
19340	184	104216	1	104217	198	12	1116	0	0	0	0	0	0	0	0	0	0	0	11480	20	16384	0	0
19340	185	104224	2	104226	194	16	2228	0	0	0	0	0	0	0	0	0	0	0	22960	43	20480	0	0
19340	186	104214	3	104217	196	18	1115	0	0	0	0	0	0	0	0	0	0	0	11480	20	16384	0	0
19340	187	104224	2	104226	194	15	1114	0	0	0	0	0	0	0	0	0	0	0	11480	20	16384	0	0
19340	188	104218	2	104220	194	17	1119	0	0	0	0	0	0	0	0	0	0	0	11480	23	16384	0	0
19340	189	104221	3	104224	196	16	1119	0	0	0	0	0	0	0	0	0	0	0	11480	20	16384	0	0
19340	190	104225	1	104226	195	17	1116	0	0	0	0	0	0	0	0	0	0	0	11480	20	16384	0	0
19340	191	104214	4	104218	196	16	1115	0	0	0	0	0	0	0	0	0	0	0	11480	23	16384	0	0
19340	192	104225	2	104227	196	14	1115	0	0	0	0	0	0	0	0	0	0	0	11480	20	16384	0	0
19340	193	104213	4	104217	196	17	1115	0	0	0	0	0	0	0	0	0	0	0	11480	20	16384	0	0
19340	194	104221	4	104225	197	13	1114	0	0	0	0	0	0	0	0	0	0	0	11480	23	16384	0	0
19340	195	104217	2	104219	196	16	1115	0	0	0	0	0	0	0	0	0	0	0	11480	20	16384	0	0
19340	196	104223	2	104225	194	16	1114	0	0	0	0	0	0	0	0	0	0	0	11480	20	16384	0	0
19340	197	104219	3	104222	194	15	1119	0	0	0	0	0	0	0	0	0	0	0	11480	23	16384	0	0
19340	198	104219	1	104220	192	22	1120	0	0	0	0	0	0	0	0	0	0	0	11480	20	16384	0	0
19340	199	104223	2	104225	196	16	1115	0	0	0	0	0	0	0	0	0	0	0	11480	20	16384	0	0
19340	200	104217	2	104219	199	10	1116	0	0	0	0	0	0	0	0	0	0	0	11480	23	16384	0	0
19340	201	104224	2	104226	192	19	1116	0	0	0	0	0	0	0	0	0	0	0	11480	20	16384	0	0
19340	202	104215	3	104218	198	13	1115	0	0	0	0	0	0	0	0	0	0	0	11480	20	16384	0	0
19340	203	104223	3	104226	196	16	1113	0	0	0	0	0	0	0	0	0	0	0	11480	23	16384	0	0
19340	204	104215	4	104219	192	18	1115	0	0	0	0	0	0	0	0	0	0	0	11480	20	16384	0	0
19340	205	104216	7	104223	192	21	1113	0	0	0	0	0	0	0	0	0	0	0	11480	20	16384	0	0
19340	206	104217	1	104218	194	19	1119	0	0	0	0	0	0	0	0	0	0	0	11480	23	16384	0	0
19340	207	104218	6	104224	194	17	1119	0	0	0	0	0	0	0	0	0	0	0	11480	20	16384	0	0
19340	208	104222	2	104224	194	18	1115	0	0	0	0	0	0	0	0	0	0	0	11480	23	16384	0	0
19340	209	104218	3	104221	198	13	1116	0	0	0	0	0	0	0	0	0	0	0	11480	20	16384	0	0
19340	210	104222	4	104226	196	13	1115	0	0	0	0	0	0	0	0	0	0	0	11480	20	16384	0	0
19340	211	104219	4	104223	194	18	1115	0	0	0	0	0	0	0	0	0	0	0	11480	23	12288	0	0
19340	212	104219	6	104225	196	15	1113	0	0	0	0	0	0	0	0	0	0	0	11480	20	16384	0	0
19340	213	104212	7	104219	194	15	1115	0	0	0	0	0	0	0	0	0	0	0	11480	20	16384	0	0
19340	214	104223	2	104225	198	13	1114	0	0	0	0	0	0	0	0	0	0	0	11480	23	16384	0	0
19340	215	104218	2	104220	197	13	1120	0	0	0	0	0	0	0	0	0	0	0	11480	20	16384	0	0
19340	216	104225	2	104227	194	18	2234	0	0	0	0	0	0	0	0	0	0	0	22960	40	24576	0	0
19340	217	104216	4	104220	197	14	1115	0	0	0	0	0	0	0	0	0	0	0	11480	23	16384	0	0
19340	218	104222	4	104226	198	14	1115	0	0	0	0	0	0	0	0	0	0	0	11480	20	16384	0	0
19340	219	104216	2	104218	198	15	1115	0	0	0	0	0	0	0	0	0	0	0	11480	20	16384	0	0
19340	220	104223	3	104226	196	16	1115	0	0	0	0	0	0	0	0	0	0	0	11480	23	16384	0	0
19340	221	104222	2	104224	196	14	1114	0	0	0	0	0	0	0	0	0	0	0	11480	20	16384	0	0
19340	222	104218	4	104222	196	14	1115	0	0	0	0	0	0	0	0	0	0	0	11480	20	16384	0	0
19340	223	104219	4	104223	198	14	1113	0	0	0	0	0	0	0	0	0	0	0	11480	23	16384	0	0
19340	224	104217	4	104221	192	19	1119	0	0	0	0	0	0	0	0	0	0	0	11480	20	16384	0	0
19340	225	104223	1	104224	196	13	1120	0	0	0	0	0	0	0	0	0	0	0	11480	20	16384	0	0
19340	226	104216	4	104220	194	18	1115	0	0	0	0	0	0	0	0	0	0	0	11480	23	12288	0	0
19340	227	104221	4	104225	194	17	1116	0	0	0	0	0	0	0	0	0	0	0	11480	20	16384	0	0
19340	228	104214	2	104216	192	22	1115	0	0	0	0	0	0	0	0	0	0	0	11480	23	16384	0	0
19340	229	104223	4	104227	195	15	1115	0	0	0	0	0	0	0	0	0	0	0	11480	20	16384	0	0
19340	230	104215	2	104217	198	14	1113	0	0	0	0	0	0	0	0	0	0	0	11480	20	16384	0	0
19340	231	104220	4	104224	194	16	1116	0	0	0	0	0	0	0	0	0	0	0	11480	23	16384	0	0
19340	232	104215	6	104221	194	14	1113	0	0	0	0	0	0	0	0	0	0	0	11480	20	16384	0	0
19340	233	104225	1	104226	196	14	1119	0	0	0	0	0	0	0	0	0	0	0	11480	20	16384	0	0
19340	234	104217	4	104221	198	10	1119	0	0	0	0	0	0	0	0	0	0	0	11480	23	16384	0	0
19340	235	104220	3	104223	198	15	1115	0	0	0	0	0	0	0	0	0	0	0	11480	20	16384	0	0
19340	236	104213	6	104219	196	13	1115	0	0	0	0	0	0	0	0	0	0	0	11480	20	12288	0	0
19340	237	104221	3	104224	196	16	1115	0	0	0	0	0	0	0	0	0	0	0	11480	23	16384	0	0
19340	238	104217	2	104219	188	21	1115	0	0	0	0	0	0	0	0	0	0	0	11480	20	16384	0	0
19340	239	104225	1	104226	200	11	1117	0	0	0	0	0	0	0	0	0	0	0	11480	20	16384	0	0
19340	240	104218	4	104222	194	15	1116	0	0	0	0	0	0	0	0	0	0	0	11480	23	53248	7	0
19340	241	104224	1	104225	198	13	1113	0	0	0	0	0	0	0	0	0	0	0	11480	20	16384	0	0
19340	242	104217	5	104222	194	15	1117	0	0	0	0	0	0	0	0	0	0	0	11480	20	16384	0	0
19340	243	104221	4	104225	192	18	1119	0	0	0	0	0	0	0	0	0	0	0	11480	23	16384	0	0
19340	244	104215	6	104221	198	12	1116	0	0	0	0	0	0	0	0	0	0	0	11480	20	16384	0	0
19340	245	104221	4	104225	192	18	1115	0	0	0	0	0	0	0	0	0	0	0	11480	20	16384	0	0
19340	246	104218	4	104222	196	16	1115	0	0	0	0	0	0	0	0	0	0	0	11480	23	32768	0	0
19340	247	104221	3	104224	192	20	2230	0	0	0	0	0	0	0	0	0	0	0	22960	40	20480	0	0
19340	248	104217	3	104220	194	16	1115	0	0	0	0	0	0	0	0	0	0	0	11480	20	16384	0	0
19340	249	104222	2	104224	199	13	1115	0	0	0	0	0	0	0	0	0	0	0	11480	23	16384	0	0
19340	250	104218	2	104220	198	14	1113	0	0	0	0	0	0	0	0	0	0	0	11480	20	16384	0	0
19340	251	104220	4	104224	192	16	1120	0	0	0	0	0	0	0	0	0	0	0	11480	23	16384	0	0
19340	252	104220	0	104220	194	18	1118	0	0	0	0	0	0	0	0	0	0	0	11480	20	16384	0	0
19340	253	104221	3	104224	196	13	1115	0	0	0	0	0	0	0	0	0	0	0	11480	20	16384	0	0
19340	254	104220	2	104222	196	18	1115	0	0	0	0	0	0	0	0	0	0	0	11480	23	32768	0	0
19340	255	104221	2	104223	194	18	1115	0	0	0	0	0	0	0	0	0	0	0	11480	20	16384	0	0
19340	256	104218	3	104221	196	14	1116	0	0	0	0	0	0	0	0	0	0	0	11480	20	16384	0	0
19340	257	104213	5	104218	194	16	1113	0	0	0	0	0	0	0	0	0	0	0	11480	23	16384	0	0
19340	258	104221	2	104223	192	20	1116	0	0	0	0	0	0	0	0	0	0	0	11480	20	16384	0	0
19340	259	104216	3	104219	192	19	1113	0	0	0	0	0	0	0	0	0	0	0	11480	20	16384	0	0
19340	260	104221	2	104223	194	20	1120	0	0	0	0	0	0	0	0	0	0	0	11480	23	32768	0	0
19340	261	104218	2	104220	190	20	1119	0	0	0	0	0	0	0	0	0	0	0	11480	20	16384	0	0
19340	262	104222	2	104224	196	14	1116	0	0	0	0	0	0	0	0	0	0	0	11480	20	16384	0	0
19340	263	104216	5	104221	192	20	1116	0	0	0	0	0	0	0	0	0	0	0	11480	23	32768	0	0
19340	264	104222	2	104224	196	13	1115	0	0	0	0	0	0	0	0	0	0	0	11480	20	16384	0	0
19340	265	104217	2	104219	196	17	1116	0	0	0	0	0	0	0	0	0	0	0	11480	20	16384	0	0
19340	266	104223	2	104225	196	14	1114	0	0	0	0	0	0	0	0	0	0	0	11480	23	16384	0	0
19340	267	104215	3	104218	196	18	1115	0	0	0	0	0	0	0	0	0	0	0	11480	20	16384	0	0
19340	268	104222	3	104225	192	20	1113	0	0	0	0	0	0	0	0	0	0	0	11480	20	16384	0	0
19340	269	104220	1	104221	194	18	1119	0	0	0	0	0	0	0	0	0	0	0	11480	23	16384	0	0
19340	270	104221	3	104224	198	12	1120	0	0	0	0	0	0	0	0	0	0	0	11480	20	16384	0	0
19340	271	104217	3	104220	196	15	1115	0	0	0	0	0	0	0	0	0	0	0	11480	23	16384	0	0
19340	272	104224	2	104226	198	13	1117	0	0	0	0	0	0	0	0	0	0	0	11480	20	16384	0	0
19340	273	104220	1	104221	196	14	1115	0	0	0	0	0	0	0	0	0	0	0	11480	20	16384	0	0
19340	274	104227	1	104228	194	16	1116	0	0	0	0	0	0	0	0	0	0	0	11480	23	53248	7	0
19340	275	104216	7	104223	196	15	1114	0	0	0	0	0	0	0	0	0	0	0	11480	20	16384	0	0
19340	276	104216	3	104219	198	12	1116	0	0	0	0	0	0	0	0	0	0	0	11480	20	16384	0	0
19340	277	104223	1	104224	196	13	1113	0	0	0	0	0	0	0	0	0	0	0	11480	23	16384	0	0
19340	278	104218	3	104221	202	14	2234	0	0	0	0	0	0	0	0	0	0	0	23051	43	24576	0	0
19340	279	104221	3	104224	194	15	1121	0	0	0	0	0	0	0	0	0	0	0	11480	20	16384	0	0
19340	280	104218	1	104219	196	16	1116	0	0	0	0	0	0	0	0	0	0	0	11480	23	16384	0	0
19340	281	104222	2	104224	196	15	1115	0	0	0	0	0	0	0	0	0	0	0	11480	20	16384	0	0
19340	282	104218	2	104220	198	15	1115	0	0	0	0	0	0	0	0	0	0	0	11480	20	16384	0	0
19340	283	104220	4	104224	196	15	1115	0	0	0	0	0	0	0	0	0	0	0	11480	23	16384	0	0
19340	284	104215	4	104219	194	17	1113	0	0	0	0	0	0	0	0	0	0	0	11480	20	16384	0	0
19340	285	104218	7	104225	192	18	1115	0	0	0	0	0	0	0	0	0	0	0	11480	20	16384	0	0
19340	286	104218	1	104219	200	11	1113	0	0	0	0	0	0	0	0	0	0	0	11480	23	16384	0	0
19340	287	104223	2	104225	200	11	1119	0	0	0	0	0	0	0	0	0	0	0	11480	20	16384	0	0
19340	288	104214	5	104219	194	14	1119	0	0	0	0	0	0	0	0	0	0	0	11480	20	16384	0	0
19340	289	104223	2	104225	194	19	1115	0	0	0	0	0	0	0	0	0	0	0	11480	23	16384	0	0
19340	290	104216	3	104219	191	18	1115	0	0	0	0	0	0	0	0	0	0	0	11480	20	16384	0	0
19340	291	104222	3	104225	197	14	1115	0	0	0	0	0	0	0	0	0	0	0	11480	23	16384	0	0
19340	292	104215	3	104218	196	16	1117	0	0	0	0	0	0	0	0	0	0	0	11480	20	16384	0	0
19340	293	104223	2	104225	192	21	1113	0	0	0	0	0	0	0	0	0	0	0	11480	20	16384	0	0
19340	294	104217	1	104218	196	16	1115	0	0	0	0	0	0	0	0	0	0	0	11480	23	16384	0	0
19340	295	104225	1	104226	196	16	1113	0	0	0	0	0	0	0	0	0	0	0	11480	20	16384	0	0
19340	296	104216	2	104218	192	18	1119	0	0	0	0	0	0	0	0	0	0	0	11480	20	16384	0	0
19340	297	104223	1	104224	198	16	1119	0	0	0	0	0	0	0	0	0	0	0	11480	23	16384	0	0
19340	298	104217	0	104217	196	19	1116	0	0	0	0	0	0	0	0	0	0	0	11480	20	16384	0	0
19340	299	104218	8	104226	194	18	1115	0	0	0	0	0	0	0	0	0	0	0	11480	20	16384	0	0
19340	300	104216	4	104220	190	19	1115	0	0	0	0	0	0	0	0	0	0	0	11480	23	16384	0	0
19340	301	104221	4	104225	196	12	1115	0	0	0	0	0	0	0	0	0	0	0	11480	20	16384	0	0
19340	302	104215	1	104216	192	19	1113	0	0	0	0	0	0	0	0	0	0	0	11480	20	16384	0	0
19340	303	104218	2	104220	194	20	1115	0	0	0	0	0	0	0	0	0	0	0	11480	23	16384	0	0
19340	304	104221	3	104224	196	15	1115	0	0	0	0	0	0	0	0	0	0	0	11480	20	16384	0	0
19340	305	104217	2	104219	196	13	1119	0	0	0	0	0	0	0	0	0	0	0	11480	20	16384	0	0
19340	306	104224	2	104226	192	20	1119	0	0	0	0	0	0	0	0	0	0	0	11480	23	16384	0	0
19340	307	104213	4	104217	198	13	1115	0	0	0	0	0	0	0	0	0	0	0	11480	20	16384	0	0
19340	308	104224	1	104225	192	19	1116	0	0	0	0	0	0	0	0	0	0	0	11480	20	16384	0	0
19340	309	104222	5	104227	196	17	2231	0	0	0	0	0	0	0	0	0	0	0	22960	43	57344	7	0
19340	310	104217	2	104219	194	15	1116	0	0	0	0	0	0	0	0	0	0	0	11480	20	16384	0	0
19340	311	104224	2	104226	196	13	1114	0	0	0	0	0	0	0	0	0	0	0	11480	20	32768	0	0
19340	312	104213	5	104218	198	16	1116	0	0	0	0	0	0	0	0	0	0	0	11480	23	16384	0	0
19340	313	104224	2	104226	198	12	1113	0	0	0	0	0	0	0	0	0	0	0	11480	20	16384	0	0
19340	314	104224	2	104226	198	13	1119	0	0	0	0	0	0	0	0	0	0	0	11480	23	16384	0	0
19340	315	104212	5	104217	194	20	1119	0	0	0	0	0	0	0	0	0	0	0	11480	20	16384	0	0
19340	316	104223	1	104224	200	14	1115	0	0	0	0	0	0	0	0	0	0	0	11480	20	16384	0	0
19340	317	104220	5	104225	198	13	1116	0	0	0	0	0	0	0	0	0	0	0	11480	23	16384	0	0
19340	318	104221	2	104223	192	18	1115	0	0	0	0	0	0	0	0	0	0	0	11480	20	16384	0	0
19340	319	104220	4	104224	196	14	1116	0	0	0	0	0	0	0	0	0	0	0	11480	20	16384	0	0
19340	320	104215	5	104220	196	13	1113	0	0	0	0	0	0	0	0	0	0	0	11480	23	16384	0	0
19340	321	104224	2	104226	197	15	1115	0	0	0	0	0	0	0	0	0	0	0	11480	20	16384	0	0
19340	322	104223	2	104225	196	13	1114	0	0	0	0	0	0	0	0	0	0	0	11480	20	16384	0	0
19340	323	104217	2	104219	194	18	1120	0	0	0	0	0	0	0	0	0	0	0	11480	23	16384	0	0
19340	324	104220	6	104226	192	20	1119	0	0	0	0	0	0	0	0	0	0	0	11480	20	12288	0	0
19340	325	104218	3	104221	196	15	1115	0	0	0	0	0	0	0	0	0	0	0	11480	20	16384	0	0
19340	326	104220	4	104224	192	18	1116	0	0	0	0	0	0	0	0	0	0	0	11480	23	16384	0	0
19340	327	104223	1	104224	196	16	1115	0	0	0	0	0	0	0	0	0	0	0	11480	20	16384	0	0
19340	328	104212	4	104216	198	14	1115	0	0	0	0	0	0	0	0	0	0	0	11480	20	16384	0	0
19340	329	104222	5	104227	198	13	1114	0	0	0	0	0	0	0	0	0	0	0	11480	23	16384	0	0
19340	330	104220	4	104224	196	15	1116	0	0	0	0	0	0	0	0	0	0	0	11480	20	16384	0	0
19340	331	104215	2	104217	196	17	1114	0	0	0	0	0	0	0	0	0	0	0	11480	20	16384	0	0
19340	332	104222	2	104224	195	17	1119	0	0	0	0	0	0	0	0	0	0	0	11480	23	16384	0	0
19340	333	104223	1	104224	198	14	1119	0	0	0	0	0	0	0	0	0	0	0	11480	20	16384	0	0
19340	334	104214	5	104219	194	15	1115	0	0	0	0	0	0	0	0	0	0	0	11480	23	16384	0	0
19340	335	104220	9	104229	196	14	1116	0	0	0	0	0	0	0	0	0	0	0	11480	20	16384	0	0
19340	336	104223	1	104224	194	20	1116	0	0	0	0	0	0	0	0	0	0	0	11480	20	16384	0	0
19340	337	104213	3	104216	192	19	1116	0	0	0	0	0	0	0	0	0	0	0	11480	23	16384	0	0
19340	338	104224	2	104226	200	12	1113	0	0	0	0	0	0	0	0	0	0	0	11480	20	16384	0	0
19340	339	104224	1	104225	196	15	1115	0	0	0	0	0	0	0	0	0	0	0	11480	20	16384	0	0
19340	340	104215	2	104217	196	19	2229	0	0	0	0	0	0	0	0	0	0	0	22960	43	20480	0	0
19340	341	104223	1	104224	194	18	1120	0	0	0	0	0	0	0	0	0	0	0	11480	20	16384	0	0
19340	342	104222	4	104226	196	14	1120	0	0	0	0	0	0	0	0	0	0	0	11480	20	16384	0	0
19340	343	104217	6	104223	194	16	1116	0	0	0	0	0	0	0	0	0	0	0	11480	23	53248	7	0
19340	344	104223	2	104225	196	15	1115	0	0	0	0	0	0	0	0	0	0	0	11480	20	16384	0	0
19340	345	104214	3	104217	196	14	1115	0	0	0	0	0	0	0	0	0	0	0	11480	20	16384	0	0
19340	346	104223	2	104225	197	17	1115	0	0	0	0	0	0	0	0	0	0	0	11480	23	16384	0	0
19340	347	104221	1	104222	196	17	1113	0	0	0	0	0	0	0	0	0	0	0	11480	20	16384	0	0
19340	348	104223	1	104224	192	18	1115	0	0	0	0	0	0	0	0	0	0	0	11480	20	16384	0	0
19340	349	104216	3	104219	198	14	1114	0	0	0	0	0	0	0	0	0	0	0	11480	23	28672	0	0
19340	350	104223	1	104224	198	13	1119	0	0	0	0	0	0	0	0	0	0	0	11480	20	16384	0	0
19340	351	104220	4	104224	194	18	1119	0	0	0	0	0	0	0	0	0	0	0	11480	20	16384	0	0
19340	352	104221	4	104225	194	15	1115	0	0	0	0	0	0	0	0	0	0	0	11480	23	16384	0	0
19340	353	104222	1	104223	195	18	1115	0	0	0	0	0	0	0	0	0	0	0	11480	20	16384	0	0
19340	354	104220	1	104221	194	16	1115	0	0	0	0	0	0	0	0	0	0	0	11480	20	16384	0	0
19340	355	104222	0	104222	194	19	1116	0	0	0	0	0	0	0	0	0	0	0	11480	23	16384	0	0
19340	356	104218	5	104223	190	19	1113	0	0	0	0	0	0	0	0	0	0	0	11480	20	16384	0	0
19340	357	104218	4	104222	196	17	1115	0	0	0	0	0	0	0	0	0	0	0	11480	23	16384	0	0
19340	358	104212	4	104216	194	17	1113	0	0	0	0	0	0	0	0	0	0	0	11480	20	16384	0	0
19340	359	104222	3	104225	196	14	1120	0	0	0	0	0	0	0	0	0	0	0	11480	20	16384	0	0
19340	360	104219	2	104221	192	19	1119	0	0	0	0	0	0	0	0	0	0	0	11480	23	16384	0	0
19340	361	104222	3	104225	198	14	1115	0	0	0	0	0	0	0	0	0	0	0	11480	20	16384	0	0
19340	362	104218	5	104223	192	18	1115	0	0	0	0	0	0	0	0	0	0	0	11480	20	16384	0	0
19340	363	104214	2	104216	199	15	1116	0	0	0	0	0	0	0	0	0	0	0	11480	23	16384	0	0
19340	364	104220	4	104224	192	17	1116	0	0	0	0	0	0	0	0	0	0	0	11480	20	16384	0	0
19340	365	104223	3	104226	194	15	1114	0	0	0	0	0	0	0	0	0	0	0	11480	20	12288	0	0
19340	366	104220	2	104222	199	15	1115	0	0	0	0	0	0	0	0	0	0	0	11480	23	16384	0	0
19340	367	104222	2	104224	196	15	1114	0	0	0	0	0	0	0	0	0	0	0	11480	20	16384	0	0
19340	368	104217	2	104219	192	18	1120	0	0	0	0	0	0	0	0	0	0	0	11480	20	16384	0	0
19340	369	104221	2	104223	190	21	1120	0	0	0	0	0	0	0	0	0	0	0	11480	23	16384	0	0
19340	370	104218	5	104223	198	16	1115	0	0	0	0	0	0	0	0	0	0	0	11480	20	16384	0	0
19340	371	104222	2	104224	196	17	2230	0	0	0	0	0	0	0	0	0	0	0	22960	40	20480	0	0
19340	372	104217	1	104218	200	12	1115	0	0	0	0	0	0	0	0	0	0	0	11480	23	16384	0	0
19340	373	104218	3	104221	196	18	1115	0	0	0	0	0	0	0	0	0	0	0	11480	20	16384	0	0
19340	374	104221	3	104224	194	18	1113	0	0	0	0	0	0	0	0	0	0	0	11480	20	20480	0	0
19340	375	104219	3	104222	196	16	1116	0	0	0	0	0	0	0	0	0	0	0	11480	23	16384	0	0
19340	376	104216	4	104220	193	18	1113	0	0	0	0	0	0	0	0	0	0	0	11480	20	16384	0	0
19340	377	104219	5	104224	198	13	1120	0	0	0	0	0	0	0	0	0	0	0	11480	23	20480	7	0
19340	378	104219	3	104222	198	11	1119	0	0	0	0	0	0	0	0	0	0	0	11480	20	16384	0	0
19340	379	104219	4	104223	196	17	1116	0	0	0	0	0	0	0	0	0	0	0	11480	20	16384	0	0
19340	380	104221	2	104223	197	14	1115	0	0	0	0	0	0	0	0	0	0	0	11480	23	16384	0	0
19340	381	104220	2	104222	195	17	1116	0	0	0	0	0	0	0	0	0	0	0	11480	20	16384	0	0
19340	382	104218	3	104221	196	14	1116	0	0	0	0	0	0	0	0	0	0	0	11480	20	16384	0	0
19340	383	104217	2	104219	198	14	1114	0	0	0	0	0	0	0	0	0	0	0	11480	23	16384	0	0
19340	384	104218	3	104221	192	22	1115	0	0	0	0	0	0	0	0	0	0	0	11480	20	16384	0	0
19340	385	104218	6	104224	196	15	1113	0	0	0	0	0	0	0	0	0	0	0	11480	20	16384	0	0
19340	386	104223	1	104224	192	19	1120	0	0	0	0	0	0	0	0	0	0	0	11480	23	16384	0	0
19340	387	104219	5	104224	192	19	1119	0	0	0	0	0	0	0	0	0	0	0	11480	20	16384	0	0
19340	388	104220	1	104221	194	17	1116	0	0	0	0	0	0	0	0	0	0	0	11480	20	16384	0	0
19340	389	104216	2	104218	192	18	1115	0	0	0	0	0	0	0	0	0	0	0	11480	23	16384	0	0
19340	390	104216	7	104223	194	16	1115	0	0	0	0	0	0	0	0	0	0	0	11480	20	16384	0	0
19340	391	104221	3	104224	196	15	1117	0	0	0	0	0	0	0	0	0	0	0	11480	20	16384	0	0
19340	392	104222	1	104223	194	16	1113	0	0	0	0	0	0	0	0	0	0	0	11480	23	16384	0	0
19340	393	104220	3	104223	194	17	1115	0	0	0	0	0	0	0	0	0	0	0	11480	20	16384	0	0
19340	394	104224	2	104226	196	13	1113	0	0	0	0	0	0	0	0	0	0	0	11480	20	16384	0	0
19340	395	104217	0	104217	192	19	1119	0	0	0	0	0	0	0	0	0	0	0	11480	23	16384	0	0
19340	396	104221	4	104225	196	14	1119	0	0	0	0	0	0	0	0	0	0	0	11480	20	16384	0	0
19340	397	104218	3	104221	198	15	1115	0	0	0	0	0	0	0	0	0	0	0	11480	20	16384	0	0
19340	398	104219	4	104223	198	14	1117	0	0	0	0	0	0	0	0	0	0	0	11480	23	16384	0	0
19340	399	104221	1	104222	194	17	1116	0	0	0	0	0	0	0	0	0	0	0	11480	20	16384	0	0
19340	400	104216	4	104220	192	19	1116	0	0	0	0	0	0	0	0	0	0	0	11480	23	32768	0	0
19340	401	104222	2	104224	196	14	1113	0	0	0	0	0	0	0	0	0	0	0	11480	20	16384	0	0
19340	402	104222	1	104223	201	14	2229	0	0	0	0	0	0	0	0	0	0	0	22960	40	16384	0	0
19340	403	104221	1	104222	196	15	1113	0	0	0	0	0	0	0	0	0	0	0	11480	23	16384	0	0
19340	404	104224	1	104225	190	20	1120	0	0	0	0	0	0	0	0	0	0	0	11480	20	16384	0	0
19340	405	104217	1	104218	197	13	1119	0	0	0	0	0	0	0	0	0	0	0	11480	20	16384	0	0
19340	406	104220	2	104222	196	16	1117	0	0	0	0	0	0	0	0	0	0	0	11480	23	16384	0	0
19340	407	104216	6	104222	194	18	1116	0	0	0	0	0	0	0	0	0	0	0	11480	20	16384	0	0
19340	408	104221	1	104222	192	18	1116	0	0	0	0	0	0	0	0	0	0	0	11480	20	16384	0	0
19340	409	104223	1	104224	198	15	1116	0	0	0	0	0	0	0	0	0	0	0	11480	23	16384	0	0
19340	410	104219	6	104225	192	17	1115	0	0	0	0	0	0	0	0	0	0	0	11480	20	16384	0	0
19340	411	104213	5	104218	194	18	1116	0	0	0	0	0	0	0	0	0	0	0	11480	20	16384	0	0
19340	412	104223	2	104225	192	23	1114	0	0	0	0	0	0	0	0	0	0	0	11480	23	53248	7	0
19340	413	104224	1	104225	195	18	1119	0	0	0	0	0	0	0	0	0	0	0	11480	20	16384	0	0
19340	414	104220	3	104223	194	18	1118	0	0	0	0	0	0	0	0	0	0	0	11480	20	16384	0	0
19340	415	104224	2	104226	196	16	1115	0	0	0	0	0	0	0	0	0	0	0	11480	23	16384	0	0
19340	416	104211	5	104216	192	19	1116	0	0	0	0	0	0	0	0	0	0	0	11480	20	16384	0	0
19340	417	104223	1	104224	198	15	1115	0	0	0	0	0	0	0	0	0	0	0	11480	20	16384	0	0
19340	418	104222	2	104224	196	13	1115	0	0	0	0	0	0	0	0	0	0	0	11480	23	16384	0	0
19340	419	104223	0	104223	196	16	1114	0	0	0	0	0	0	0	0	0	0	0	11480	20	16384	0	0
19340	420	104212	5	104217	198	11	1115	0	0	0	0	0	0	0	0	0	0	0	11480	23	16384	0	0
19340	421	104222	2	104224	192	17	1113	0	0	0	0	0	0	0	0	0	0	0	11480	20	16384	0	0
19340	422	104219	4	104223	194	20	1120	0	0	0	0	0	0	0	0	0	0	0	11480	20	16384	0	0
19340	423	104221	3	104224	196	15	1117	0	0	0	0	0	0	0	0	0	0	0	11480	23	16384	0	0
19340	424	104214	3	104217	194	19	1118	0	0	0	0	0	0	0	0	0	0	0	11480	20	16384	0	0
19340	425	104221	2	104223	188	24	1116	0	0	0	0	0	0	0	0	0	0	0	11480	20	16384	0	0
19340	426	104223	3	104226	198	14	1116	0	0	0	0	0	0	0	0	0	0	0	11480	23	16384	0	0
19340	427	104213	4	104217	192	19	1116	0	0	0	0	0	0	0	0	0	0	0	11480	20	16384	0	0
19340	428	104221	4	104225	196	16	1113	0	0	0	0	0	0	0	0	0	0	0	11480	20	16384	0	0
19340	429	104220	4	104224	196	15	1116	0	0	0	0	0	0	0	0	0	0	0	11480	23	16384	0	0
19340	430	104218	3	104221	194	17	1113	0	0	0	0	0	0	0	0	0	0	0	11480	20	16384	0	0
19340	431	104219	2	104221	198	13	1119	0	0	0	0	0	0	0	0	0	0	0	11480	20	16384	0	0
19340	432	104221	3	104224	196	18	1119	0	0	0	0	0	0	0	0	0	0	0	11480	23	16384	0	0
19340	433	104223	0	104223	198	15	2230	0	0	0	0	0	0	0	0	0	0	0	22960	40	20480	0	0
19340	434	104214	2	104216	194	17	1115	0	0	0	0	0	0	0	0	0	0	0	11480	20	16384	0	0
19340	435	104223	3	104226	198	12	1115	0	0	0	0	0	0	0	0	0	0	0	11480	23	16384	0	0
19340	436	104220	6	104226	189	24	1115	0	0	0	0	0	0	0	0	0	0	0	11480	20	12288	0	0
19340	437	104214	4	104218	196	17	1114	0	0	0	0	0	0	0	0	0	0	0	11480	20	16384	0	0
19340	438	104219	5	104224	198	10	1116	0	0	0	0	0	0	0	0	0	0	0	11480	23	16384	0	0
19340	439	104219	6	104225	196	15	1113	0	0	0	0	0	0	0	0	0	0	0	11480	20	16384	0	0
19340	440	104217	2	104219	194	17	1119	0	0	0	0	0	0	0	0	0	0	0	11480	20	16384	0	0
19340	441	104222	3	104225	198	12	1119	0	0	0	0	0	0	0	0	0	0	0	11480	23	16384	0	0
19340	442	104217	5	104222	199	14	1116	0	0	0	0	0	0	0	0	0	0	0	11480	20	16384	0	0
19340	443	104220	2	104222	194	16	1115	0	0	0	0	0	0	0	0	0	0	0	11480	23	16384	0	0
19340	444	104221	4	104225	192	17	1115	0	0	0	0	0	0	0	0	0	0	0	11480	20	16384	0	0
19340	445	104218	2	104220	194	21	1115	0	0	0	0	0	0	0	0	0	0	0	11480	20	16384	0	0
19340	446	104222	3	104225	196	15	1114	0	0	0	0	0	0	0	0	0	0	0	11480	23	53248	7	0
19340	447	104217	6	104223	196	16	1115	0	0	0	0	0	0	0	0	0	0	0	11480	20	16384	0	0
19340	448	104222	1	104223	196	17	1113	0	0	0	0	0	0	0	0	0	0	0	11480	20	16384	0	0
19340	449	104217	2	104219	194	18	1120	0	0	0	0	0	0	0	0	0	0	0	11480	23	16384	0	0
19340	450	104222	3	104225	196	16	1120	0	0	0	0	0	0	0	0	0	0	0	11480	20	16384	0	0
19340	451	104220	1	104221	194	18	1116	0	0	0	0	0	0	0	0	0	0	0	11480	20	16384	0	0
19340	452	104219	2	104221	198	14	1115	0	0	0	0	0	0	0	0	0	0	0	11480	23	16384	0	0
19340	453	104218	3	104221	196	18	1115	0	0	0	0	0	0	0	0	0	0	0	11480	20	16384	0	0
19340	454	104223	2	104225	194	15	1115	0	0	0	0	0	0	0	0	0	0	0	11480	20	16384	0	0
19340	455	104213	4	104217	198	12	1113	0	0	0	0	0	0	0	0	0	0	0	11480	23	16384	0	0
19340	456	104222	3	104225	192	19	1115	0	0	0	0	0	0	0	0	0	0	0	11480	20	16384	0	0
19340	457	104214	2	104216	196	14	1113	0	0	0	0	0	0	0	0	0	0	0	11480	20	16384	0	0
19340	458	104221	3	104224	198	12	1119	0	0	0	0	0	0	0	0	0	0	0	11480	23	16384	0	0
19340	459	104223	1	104224	198	13	1119	0	0	0	0	0	0	0	0	0	0	0	11480	20	16384	0	0
19340	460	104218	4	104222	196	14	1116	0	0	0	0	0	0	0	0	0	0	0	11480	20	16384	0	0
19340	461	104226	1	104227	192	19	1115	0	0	0	0	0	0	0	0	0	0	0	11480	23	12288	0	0
19340	462	104218	0	104218	198	14	1115	0	0	0	0	0	0	0	0	0	0	0	11480	20	16384	0	0
19340	463	104223	4	104227	194	15	1115	0	0	0	0	0	0	0	0	0	0	0	11480	23	16384	0	0
19340	464	104218	1	104219	196	21	2228	0	0	0	0	0	0	0	0	0	0	0	22960	40	20480	0	0
19340	465	104220	3	104223	199	13	1116	0	0	0	0	0	0	0	0	0	0	0	11480	20	16384	0	0
19340	466	104221	2	104223	196	15	1113	0	0	0	0	0	0	0	0	0	0	0	11480	23	16384	0	0
19340	467	104217	3	104220	194	18	1120	0	0	0	0	0	0	0	0	0	0	0	11480	20	16384	0	0
19340	468	104219	5	104224	196	15	1119	0	0	0	0	0	0	0	0	0	0	0	11480	20	16384	0	0
19340	469	104219	2	104221	199	12	1115	0	0	0	0	0	0	0	0	0	0	0	11480	23	16384	0	0
19340	470	104222	1	104223	192	18	1115	0	0	0	0	0	0	0	0	0	0	0	11480	20	16384	0	0
19340	471	104216	2	104218	192	18	1115	0	0	0	0	0	0	0	0	0	0	0	11480	20	16384	0	0
19340	472	104217	7	104224	198	13	1116	0	0	0	0	0	0	0	0	0	0	0	11480	23	16384	0	0
19340	473	104217	2	104219	190	20	1114	0	0	0	0	0	0	0	0	0	0	0	11480	20	16384	0	0
19340	474	104225	1	104226	196	14	1115	0	0	0	0	0	0	0	0	0	0	0	11480	20	16384	0	0
19340	475	104215	4	104219	198	13	1113	0	0	0	0	0	0	0	0	0	0	0	11480	23	16384	0	0
19340	476	104227	0	104227	190	19	1120	0	0	0	0	0	0	0	0	0	0	0	11480	20	16384	0	0
19340	477	104217	2	104219	194	15	1119	0	0	0	0	0	0	0	0	0	0	0	11480	20	16384	0	0
19340	478	104223	0	104223	196	19	1115	0	0	0	0	0	0	0	0	0	0	0	11480	23	16384	0	0
19340	479	104224	1	104225	192	19	1116	0	0	0	0	0	0	0	0	0	0	0	11480	20	16384	0	0
19340	480	104217	3	104220	194	17	1115	0	0	0	0	0	0	0	0	0	0	0	11480	20	16384	0	0
19340	481	104223	4	104227	196	13	1117	0	0	0	0	0	0	0	0	0	0	0	11480	23	53248	7	0
19340	482	104216	3	104219	198	13	1115	0	0	0	0	0	0	0	0	0	0	0	11480	20	16384	0	0
19340	483	104223	2	104225	194	15	1115	0	0	0	0	0	0	0	0	0	0	0	11480	20	16384	0	0
19340	484	104215	4	104219	195	18	1113	0	0	0	0	0	0	0	0	0	0	0	11480	23	16384	0	0
19340	485	104224	1	104225	196	14	1119	0	0	0	0	0	0	0	0	0	0	0	11480	20	16384	0	0
19340	486	104216	3	104219	190	21	1119	0	0	0	0	0	0	0	0	0	0	0	11480	23	16384	0	0
19340	487	104216	3	104219	194	18	1116	0	0	0	0	0	0	0	0	0	0	0	11480	20	16384	0	0
19340	488	104223	1	104224	198	11	1116	0	0	0	0	0	0	0	0	0	0	0	11480	20	16384	0	0
19340	489	104216	3	104219	192	20	1115	0	0	0	0	0	0	0	0	0	0	0	11480	23	32768	0	0
19340	490	104219	3	104222	196	14	1116	0	0	0	0	0	0	0	0	0	0	0	11480	20	12288	0	0
19340	491	104221	7	104228	196	13	1113	0	0	0	0	0	0	0	0	0	0	0	11480	20	16384	0	0
19340	492	104216	4	104220	196	15	1116	0	0	0	0	0	0	0	0	0	0	0	11480	23	16384	0	0
19340	493	104218	3	104221	196	16	1113	0	0	0	0	0	0	0	0	0	0	0	11480	20	16384	0	0
19340	494	104219	3	104222	196	17	1119	0	0	0	0	0	0	0	0	0	0	0	11480	20	16384	0	0
19340	495	104216	4	104220	194	18	1120	0	0	0	0	0	0	0	0	0	0	0	11480	23	16384	0	0
19340	496	104215	2	104217	192	20	1117	0	0	0	0	0	0	0	0	0	0	0	11480	20	16384	0	0
19340	497	104216	6	104222	196	17	1115	0	0	0	0	0	0	0	0	0	0	0	11480	20	16384	0	0
19340	498	104225	0	104225	194	16	1115	0	0	0	0	0	0	0	0	0	0	0	11480	23	16384	0	0
19340	499	104213	6	104219	196	14	1116	0	0	0	0	0	0	0	0	0	0	0	11480	20	16384	0	0
19340	500	104218	0	104218	196	17	1113	0	0	0	0	0	0	0	0	0	0	0	11480	20	16384	0	0
19340	501	104220	3	104223	194	18	1115	0	0	0	0	0	0	0	0	0	0	0	11480	23	16384	0	0
19340	502	104217	3	104220	196	14	1113	0	0	0	0	0	0	0	0	0	0	0	11480	20	16384	0	0
19340	503	104223	0	104223	196	15	1120	0	0	0	0	0	0	0	0	0	0	0	11480	20	16384	0	0
19340	504	104223	5	104228	198	14	1120	0	0	0	0	0	0	0	0	0	0	0	11480	23	32768	0	0
19340	505	104216	2	104218	194	20	1116	0	0	0	0	0	0	0	0	0	0	0	11480	20	16384	0	0
19340	506	104223	1	104224	196	17	1115	0	0	0	0	0	0	0	0	0	0	0	11480	23	16384	0	0
19340	507	104216	2	104218	194	16	1115	0	0	0	0	0	0	0	0	0	0	0	11480	20	16384	0	0
19340	508	104218	4	104222	194	17	1116	0	0	0	0	0	0	0	0	0	0	0	11480	20	16384	0	0
19340	509	104224	2	104226	191	21	1113	0	0	0	0	0	0	0	0	0	0	0	11480	23	16384	0	0
19340	510	104219	1	104220	196	17	1115	0	0	0	0	0	0	0	0	0	0	0	11480	20	16384	0	0
19340	511	104221	2	104223	198	13	1113	0	0	0	0	0	0	0	0	0	0	0	11480	20	16384	0	0
19340	512	104222	3	104225	196	15	1119	0	0	0	0	0	0	0	0	0	0	0	11480	23	16384	0	0
19340	513	104219	1	104220	198	13	1119	0	0	0	0	0	0	0	0	0	0	0	11480	20	16384	0	0
19340	514	104217	5	104222	198	12	1116	0	0	0	0	0	0	0	0	0	0	0	11480	20	16384	0	0
19340	515	104223	5	104228	198	14	1117	0	0	0	0	0	0	0	0	0	0	0	11480	23	49152	7	0
19340	516	104227	7	104234	209	19	5247	0	0	0	0	0	0	0	0	0	0	0	852637	631	20480	26318	0
19340	517	104216	4	104220	193	16	1115	0	0	0	0	0	0	0	0	0	0	0	11480	20	16384	0	0
19340	518	104221	3	104224	196	15	1113	0	0	0	0	0	0	0	0	0	0	0	11480	23	16384	0	0
19340	519	104222	1	104223	192	22	1115	0	0	0	0	0	0	0	0	0	0	0	11480	20	16384	0	0
19340	520	104216	1	104217	192	18	1113	0	0	0	0	0	0	0	0	0	0	0	11480	20	16384	0	0
19340	521	104222	2	104224	190	23	1119	0	0	0	0	0	0	0	0	0	0	0	11480	23	32768	0	0
19340	522	104220	2	104222	194	18	1119	0	0	0	0	0	0	0	0	0	0	0	11480	20	16384	0	0
19340	523	104218	4	104222	194	18	1115	0	0	0	0	0	0	0	0	0	0	0	11480	20	16384	0	0
19340	524	104220	1	104221	194	16	1115	0	0	0	0	0	0	0	0	0	0	0	11480	23	16384	0	0
19340	525	104222	1	104223	196	14	1116	0	0	0	0	0	0	0	0	0	0	0	11480	20	16384	0	0
19340	526	104220	1	104221	194	16	1117	0	0	0	0	0	0	0	0	0	0	0	11480	20	16384	0	0
19340	527	104219	2	104221	196	16	1114	0	0	0	0	0	0	0	0	0	0	0	11480	23	16384	0	0
19340	528	104216	7	104223	198	13	1115	0	0	0	0	0	0	0	0	0	0	0	11480	20	16384	0	0
19340	529	104223	3	104226	200	11	1114	0	0	0	0	0	0	0	0	0	0	0	11480	23	16384	0	0
19340	530	104214	4	104218	192	21	1119	0	0	0	0	0	0	0	0	0	0	0	11480	20	16384	0	0
19340	531	104216	4	104220	198	12	1119	0	0	0	0	0	0	0	0	0	0	0	11480	20	16384	0	0
19340	532	104217	3	104220	194	18	1115	0	0	0	0	0	0	0	0	0	0	0	11480	23	16384	0	0
19340	533	104220	4	104224	196	17	1116	0	0	0	0	0	0	0	0	0	0	0	11480	20	16384	0	0
19340	534	104219	2	104221	196	14	1115	0	0	0	0	0	0	0	0	0	0	0	11480	20	16384	0	0
19340	535	104214	5	104219	192	17	1115	0	0	0	0	0	0	0	0	0	0	0	11480	23	16384	0	0
19340	536	104221	1	104222	192	21	1114	0	0	0	0	0	0	0	0	0	0	0	11480	20	16384	0	0
19340	537	104213	4	104217	196	16	1116	0	0	0	0	0	0	0	0	0	0	0	11480	20	16384	0	0
19340	538	104219	1	104220	196	15	1113	0	0	0	0	0	0	0	0	0	0	0	11480	23	16384	0	0
19340	539	104224	2	104226	192	18	1119	0	0	0	0	0	0	0	0	0	0	0	11480	20	16384	0	0
19340	540	104218	3	104221	194	14	1119	0	0	0	0	0	0	0	0	0	0	0	11480	20	16384	0	0
19340	541	104218	1	104219	197	14	1115	0	0	0	0	0	0	0	0	0	0	0	11480	23	16384	0	0
19340	542	104223	2	104225	190	20	1117	0	0	0	0	0	0	0	0	0	0	0	11480	20	16384	0	0
19340	543	104218	3	104221	194	15	1115	0	0	0	0	0	0	0	0	0	0	0	11480	20	16384	0	0
19340	544	104215	5	104220	196	14	1115	0	0	0	0	0	0	0	0	0	0	0	11480	23	16384	0	0
19340	545	104223	2	104225	192	21	1114	0	0	0	0	0	0	0	0	0	0	0	11480	20	16384	0	0
19340	546	104216	3	104219	198	11	1116	0	0	0	0	0	0	0	0	0	0	0	11480	20	16384	0	0
19340	547	104216	4	104220	198	15	1113	0	0	0	0	0	0	0	0	0	0	0	11480	23	16384	0	0
19340	548	104224	2	104226	194	15	1120	0	0	0	0	0	0	0	0	0	0	0	11480	20	16384	0	0
19340	549	104217	4	104221	196	16	1121	0	0	0	0	0	0	0	0	0	0	0	11480	23	20480	7	0
19340	550	104222	3	104225	196	16	1116	0	0	0	0	0	0	0	0	0	0	0	11480	20	16384	0	0
19340	551	104217	3	104220	198	14	1115	0	0	0	0	0	0	0	0	0	0	0	11480	20	16384	0	0
19340	552	104217	2	104219	196	15	1115	0	0	0	0	0	0	0	0	0	0	0	11480	23	16384	0	0
19340	553	104222	2	104224	196	16	1115	0	0	0	0	0	0	0	0	0	0	0	11480	20	16384	0	0
19340	554	104214	5	104219	194	19	1113	0	0	0	0	0	0	0	0	0	0	0	11480	20	16384	0	0
19340	555	104223	2	104225	194	17	1115	0	0	0	0	0	0	0	0	0	0	0	11480	23	16384	0	0
19340	556	104217	2	104219	196	17	1114	0	0	0	0	0	0	0	0	0	0	0	11480	20	16384	0	0
19340	557	104217	2	104219	194	15	1119	0	0	0	0	0	0	0	0	0	0	0	11480	20	16384	0	0
19340	558	104218	7	104225	192	18	1120	0	0	0	0	0	0	0	0	0	0	0	11480	23	16384	0	0
19340	559	104216	2	104218	200	11	1115	0	0	0	0	0	0	0	0	0	0	0	11480	20	16384	0	0
19340	560	104224	2	104226	198	14	1116	0	0	0	0	0	0	0	0	0	0	0	11480	20	16384	0	0
19340	561	104218	2	104220	198	12	1116	0	0	0	0	0	0	0	0	0	0	0	11480	23	16384	0	0
19340	562	104221	2	104223	196	16	1115	0	0	0	0	0	0	0	0	0	0	0	11480	20	16384	0	0
19340	563	104216	4	104220	196	13	1113	0	0	0	0	0	0	0	0	0	0	0	11480	20	16384	0	0
19340	564	104221	5	104226	190	22	1115	0	0	0	0	0	0	0	0	0	0	0	11480	23	16384	0	0
19340	565	104214	3	104217	196	16	1114	0	0	0	0	0	0	0	0	0	0	0	11480	20	16384	0	0
19340	566	104224	2	104226	196	13	1119	0	0	0	0	0	0	0	0	0	0	0	11480	20	16384	0	0
19340	567	104215	4	104219	196	17	1119	0	0	0	0	0	0	0	0	0	0	0	11480	23	16384	0	0
19340	568	104216	3	104219	194	18	1115	0	0	0	0	0	0	0	0	0	0	0	11480	20	16384	0	0
19340	569	104222	3	104225	198	15	1116	0	0	0	0	0	0	0	0	0	0	0	11480	20	16384	0	0
19340	570	104215	4	104219	200	11	1115	0	0	0	0	0	0	0	0	0	0	0	11480	23	16384	0	0
19340	571	104222	5	104227	194	16	1115	0	0	0	0	0	0	0	0	0	0	0	11480	20	16384	0	0
19340	572	104218	1	104219	192	17	1115	0	0	0	0	0	0	0	0	0	0	0	11480	23	16384	0	0
19340	573	104221	5	104226	196	15	1115	0	0	0	0	0	0	0	0	0	0	0	11480	20	16384	0	0
19340	574	104218	1	104219	194	16	1113	0	0	0	0	0	0	0	0	0	0	0	11480	20	16384	0	0
19340	575	104224	2	104226	196	14	1119	0	0	0	0	0	0	0	0	0	0	0	11480	23	16384	0	0
19340	576	104215	4	104219	194	18	1117	0	0	0	0	0	0	0	0	0	0	0	11480	20	16384	0	0
19340	577	104225	1	104226	192	19	1115	0	0	0	0	0	0	0	0	0	0	0	11480	20	16384	0	0
19340	578	104219	2	104221	196	15	1116	0	0	0	0	0	0	0	0	0	0	0	11480	23	32768	0	0
19340	579	104221	2	104223	196	16	1116	0	0	0	0	0	0	0	0	0	0	0	11480	20	16384	0	0
19340	580	104219	4	104223	194	18	1116	0	0	0	0	0	0	0	0	0	0	0	11480	20	16384	0	0
19340	581	104221	5	104226	197	13	1113	0	0	0	0	0	0	0	0	0	0	0	11480	23	32768	0	0
19340	582	104222	2	104224	196	16	1115	0	0	0	0	0	0	0	0	0	0	0	11480	20	16384	0	0
19340	583	104215	4	104219	194	16	1113	0	0	0	0	0	0	0	0	0	0	0	11480	20	16384	0	0
19340	584	104222	4	104226	188	23	1119	0	0	0	0	0	0	0	0	0	0	0	11480	23	16384	0	0
19340	585	104218	2	104220	196	14	1117	0	0	0	0	0	0	0	0	0	0	0	11480	20	16384	0	0
19340	586	104224	2	104226	194	16	1116	0	0	0	0	0	0	0	0	0	0	0	11480	20	16384	0	0
19340	587	104216	4	104220	192	18	1115	0	0	0	0	0	0	0	0	0	0	0	11480	23	16384	0	0
19340	588	104223	2	104225	194	19	1118	0	0	0	0	0	0	0	0	0	0	0	11480	20	16384	0	0
19340	589	104217	1	104218	196	16	1115	0	0	0	0	0	0	0	0	0	0	0	11480	20	16384	0	0
19340	590	104222	5	104227	196	17	1114	0	0	0	0	0	0	0	0	0	0	0	11480	23	16384	0	0
19340	591	104220	4	104224	195	17	1115	0	0	0	0	0	0	0	0	0	0	0	11480	20	12288	0	0
19340	592	104219	3	104222	199	16	1113	0	0	0	0	0	0	0	0	0	0	0	11480	23	16384	0	0
19340	593	104216	4	104220	199	12	1119	0	0	0	0	0	0	0	0	0	0	0	11480	20	16384	0	0
19340	594	104219	5	104224	192	18	1119	0	0	0	0	0	0	0	0	0	0	0	11480	20	16384	0	0
19340	595	104217	3	104220	197	16	1115	0	0	0	0	0	0	0	0	0	0	0	11480	23	16384	0	0
19340	596	104220	2	104222	198	14	1116	0	0	0	0	0	0	0	0	0	0	0	11480	20	16384	0	0
19340	597	104215	2	104217	199	15	1116	0	0	0	0	0	0	0	0	0	0	0	11480	20	16384	0	0
19340	598	104222	2	104224	198	13	1116	0	0	0	0	0	0	0	0	0	0	0	11480	23	16384	0	0
19340	599	104218	2	104220	196	16	1114	0	0	0	0	0	0	0	0	0	0	0	11480	20	16384	0	0
19340	600	104224	1	104225	194	18	1115	0	0	0	0	0	0	0	0	0	0	0	11480	20	16384	0	0
19340	601	104222	4	104226	198	13	1113	0	0	0	0	0	0	0	0	0	0	0	11480	23	16384	0	0
19340	602	104218	2	104220	194	16	1119	0	0	0	0	0	0	0	0	0	0	0	11480	20	16384	0	0
19340	603	104222	3	104225	194	17	1120	0	0	0	0	0	0	0	0	0	0	0	11480	20	16384	0	0
19340	604	104217	1	104218	196	14	1115	0	0	0	0	0	0	0	0	0	0	0	11480	23	16384	0	0
19340	605	104223	3	104226	198	12	1117	0	0	0	0	0	0	0	0	0	0	0	11480	20	16384	0	0
19340	606	104217	2	104219	192	20	1115	0	0	0	0	0	0	0	0	0	0	0	11480	20	16384	0	0
19340	607	104220	5	104225	192	19	1115	0	0	0	0	0	0	0	0	0	0	0	11480	23	16384	0	0
19340	608	104217	3	104220	194	16	1113	0	0	0	0	0	0	0	0	0	0	0	11480	20	12288	0	0
19340	609	104220	3	104223	198	14	1116	0	0	0	0	0	0	0	0	0	0	0	11480	20	16384	0	0
19340	610	104215	5	104220	190	22	1113	0	0	0	0	0	0	0	0	0	0	0	11480	23	16384	0	0
19340	611	104221	4	104225	196	14	1120	0	0	0	0	0	0	0	0	0	0	0	11480	20	16384	0	0
19340	612	104218	3	104221	200	11	1120	0	0	0	0	0	0	0	0	0	0	0	11480	20	16384	0	0
19340	613	104221	2	104223	192	19	1115	0	0	0	0	0	0	0	0	0	0	0	11480	23	16384	0	0
19340	614	104216	3	104219	194	18	1116	0	0	0	0	0	0	0	0	0	0	0	11480	20	16384	0	0
19340	615	104220	6	104226	194	17	1115	0	0	0	0	0	0	0	0	0	0	0	11480	23	16384	0	0
19340	616	104216	4	104220	200	13	1116	0	0	0	0	0	0	0	0	0	0	0	11480	20	16384	0	0
19340	617	104220	4	104224	198	12	1113	0	0	0	0	0	0	0	0	0	0	0	11480	20	16384	0	0
19340	618	104219	2	104221	194	18	1117	0	0	0	0	0	0	0	0	0	0	0	11480	23	53248	7	0
19340	619	104222	3	104225	196	14	1113	0	0	0	0	0	0	0	0	0	0	0	11480	20	16384	0	0
19340	620	104215	4	104219	194	16	1120	0	0	0	0	0	0	0	0	0	0	0	11480	20	16384	0	0
19340	621	104218	4	104222	192	20	1119	0	0	0	0	0	0	0	0	0	0	0	11480	23	16384	0	0
19340	622	104222	2	104224	198	13	1115	0	0	0	0	0	0	0	0	0	0	0	11480	20	16384	0	0
19340	623	104214	4	104218	194	17	1115	0	0	0	0	0	0	0	0	0	0	0	11480	20	16384	0	0
19340	624	104222	4	104226	196	15	1115	0	0	0	0	0	0	0	0	0	0	0	11480	23	16384	0	0
19340	625	104222	4	104226	196	14	1115	0	0	0	0	0	0	0	0	0	0	0	11480	20	16384	0	0
19340	626	104217	1	104218	196	15	1114	0	0	0	0	0	0	0	0	0	0	0	11480	20	16384	0	0
19340	627	104220	6	104226	200	12	1116	0	0	0	0	0	0	0	0	0	0	0	11480	23	16384	0	0
19340	628	104217	2	104219	196	15	1113	0	0	0	0	0	0	0	0	0	0	0	11480	20	16384	0	0
19340	629	104224	4	104228	198	11	1120	0	0	0	0	0	0	0	0	0	0	0	11480	20	32768	0	0
19340	630	104230	12	104242	222	31	9114	0	0	0	0	0	0	0	0	0	0	0	1693011	1266	196608	51872	0
19340	631	104214	3	104217	200	13	1115	0	0	0	0	0	0	0	0	0	0	0	11480	20	16384	0	0
19340	632	104220	5	104225	194	16	1116	0	0	0	0	0	0	0	0	0	0	0	11480	20	16384	0	0
19340	633	104215	3	104218	196	15	1115	0	0	0	0	0	0	0	0	0	0	0	11480	23	16384	0	0
19340	634	104227	0	104227	194	14	1115	0	0	0	0	0	0	0	0	0	0	0	11480	20	16384	0	0
19340	635	104223	2	104225	197	14	1113	0	0	0	0	0	0	0	0	0	0	0	11480	23	16384	0	0
19340	636	104217	2	104219	192	16	1115	0	0	0	0	0	0	0	0	0	0	0	11480	20	16384	0	0
19340	637	104226	1	104227	194	16	1113	0	0	0	0	0	0	0	0	0	0	0	11480	20	16384	0	0
19340	638	104218	1	104219	194	17	1119	0	0	0	0	0	0	0	0	0	0	0	11480	23	16384	0	0
19340	639	104223	2	104225	198	15	1119	0	0	0	0	0	0	0	0	0	0	0	11480	20	16384	0	0
19340	640	104223	3	104226	196	14	1115	0	0	0	0	0	0	0	0	0	0	0	11480	20	12288	0	0
19340	641	104215	3	104218	192	18	1115	0	0	0	0	0	0	0	0	0	0	0	11480	23	16384	0	0
19340	642	104228	1	104229	194	20	1115	0	0	0	0	0	0	0	0	0	0	0	11480	20	16384	0	0
19340	643	104219	6	104225	192	21	1115	0	0	0	0	0	0	0	0	0	0	0	11480	20	16384	0	0
19340	644	104219	1	104220	194	15	1113	0	0	0	0	0	0	0	0	0	0	0	11480	23	16384	0	0
19340	645	104224	0	104224	196	14	1115	0	0	0	0	0	0	0	0	0	0	0	11480	20	16384	0	0
19340	646	104221	4	104225	194	17	1114	0	0	0	0	0	0	0	0	0	0	0	11480	20	16384	0	0
19340	647	104214	2	104216	190	22	1120	0	0	0	0	0	0	0	0	0	0	0	11480	23	16384	0	0
19340	648	104225	2	104227	194	15	1119	0	0	0	0	0	0	0	0	0	0	0	11480	20	16384	0	0
19340	649	104222	1	104223	198	13	1116	0	0	0	0	0	0	0	0	0	0	0	11480	20	16384	0	0
19340	650	104213	5	104218	196	14	1115	0	0	0	0	0	0	0	0	0	0	0	11480	23	16384	0	0
19340	651	104220	3	104223	192	18	1116	0	0	0	0	0	0	0	0	0	0	0	11480	20	16384	0	0
19340	652	104224	2	104226	200	12	1115	0	0	0	0	0	0	0	0	0	0	0	11480	20	16384	0	0
19340	653	104220	3	104223	194	15	1114	0	0	0	0	0	0	0	0	0	0	0	11480	23	53248	7	0
19340	654	104221	3	104224	195	16	1115	0	0	0	0	0	0	0	0	0	0	0	11480	20	16384	0	0
19340	655	104225	1	104226	196	14	1114	0	0	0	0	0	0	0	0	0	0	0	11480	20	16384	0	0
19340	656	104217	2	104219	192	17	1120	0	0	0	0	0	0	0	0	0	0	0	11480	23	16384	0	0
19340	657	104223	2	104225	192	19	1119	0	0	0	0	0	0	0	0	0	0	0	11480	20	16384	0	0
19340	658	104221	3	104224	196	16	1116	0	0	0	0	0	0	0	0	0	0	0	11480	23	16384	0	0
19340	659	104216	3	104219	194	16	1115	0	0	0	0	0	0	0	0	0	0	0	11480	20	16384	0	0
19340	660	104222	2	104224	192	18	1115	0	0	0	0	0	0	0	0	0	0	0	11480	20	16384	0	0
19340	661	104222	3	104225	196	15	1116	0	0	0	0	0	0	0	0	0	0	0	11480	23	16384	0	0
19340	662	104213	3	104216	193	19	1113	0	0	0	0	0	0	0	0	0	0	0	11480	20	16384	0	0
19340	663	104223	3	104226	198	14	1115	0	0	0	0	0	0	0	0	0	0	0	11480	20	16384	0	0
19340	664	104219	2	104221	198	11	1114	0	0	0	0	0	0	0	0	0	0	0	11480	23	16384	0	0
19340	665	104221	2	104223	196	14	1120	0	0	0	0	0	0	0	0	0	0	0	11480	20	16384	0	0
19340	666	104220	4	104224	192	18	1119	0	0	0	0	0	0	0	0	0	0	0	11480	20	16384	0	0
19340	667	104217	4	104221	198	13	1115	0	0	0	0	0	0	0	0	0	0	0	11480	23	57344	0	0
19340	668	104224	2	104226	198	14	1116	0	0	0	0	0	0	0	0	0	0	0	11480	20	16384	0	0
19340	669	104221	4	104225	196	15	1116	0	0	0	0	0	0	0	0	0	0	0	11480	20	16384	0	0
19340	670	104219	1	104220	196	14	1115	0	0	0	0	0	0	0	0	0	0	0	11480	23	16384	0	0
19340	671	104223	2	104225	194	17	1113	0	0	0	0	0	0	0	0	0	0	0	11480	20	16384	0	0
19340	672	104220	5	104225	194	18	1115	0	0	0	0	0	0	0	0	0	0	0	11480	20	16384	0	0
19340	673	104218	2	104220	196	14	1113	0	0	0	0	0	0	0	0	0	0	0	11480	23	16384	0	0
19340	674	104220	3	104223	194	19	1119	0	0	0	0	0	0	0	0	0	0	0	11480	20	16384	0	0
19340	675	104218	4	104222	192	16	1119	0	0	0	0	0	0	0	0	0	0	0	11480	20	16384	0	0
19340	676	104223	1	104224	196	14	1116	0	0	0	0	0	0	0	0	0	0	0	11480	23	16384	0	0
19340	677	104218	4	104222	196	17	1115	0	0	0	0	0	0	0	0	0	0	0	11480	20	16384	0	0
19340	678	104215	3	104218	194	17	1115	0	0	0	0	0	0	0	0	0	0	0	11480	23	16384	0	0
19340	679	104221	4	104225	192	18	1115	0	0	0	0	0	0	0	0	0	0	0	11480	20	16384	0	0
19340	680	104222	2	104224	196	14	1114	0	0	0	0	0	0	0	0	0	0	0	11480	20	16384	0	0
19340	681	104217	2	104219	194	18	1115	0	0	0	0	0	0	0	0	0	0	0	11480	23	16384	0	0
19340	682	104221	2	104223	196	15	1113	0	0	0	0	0	0	0	0	0	0	0	11480	20	16384	0	0
19340	683	104218	3	104221	194	20	1121	0	0	0	0	0	0	0	0	0	0	0	11480	20	16384	0	0
19340	684	104223	3	104226	195	17	1119	0	0	0	0	0	0	0	0	0	0	0	11480	23	40960	0	0
19340	685	104222	2	104224	196	15	1116	0	0	0	0	0	0	0	0	0	0	0	11480	20	16384	0	0
19340	686	104214	4	104218	198	11	1116	0	0	0	0	0	0	0	0	0	0	0	11480	20	16384	0	0
19340	687	104225	3	104228	198	14	1116	0	0	0	0	0	0	0	0	0	0	0	11480	23	53248	7	0
19340	688	104221	2	104223	196	14	1115	0	0	0	0	0	0	0	0	0	0	0	11480	20	16384	0	0
19340	689	104216	3	104219	196	14	1113	0	0	0	0	0	0	0	0	0	0	0	11480	20	16384	0	0
19340	690	104225	0	104225	198	11	1115	0	0	0	0	0	0	0	0	0	0	0	11480	23	16384	0	0
19340	691	104225	1	104226	192	19	1113	0	0	0	0	0	0	0	0	0	0	0	11480	20	16384	0	0
19340	692	104213	5	104218	200	12	1119	0	0	0	0	0	0	0	0	0	0	0	11480	20	16384	0	0
19340	693	104221	4	104225	188	22	1120	0	0	0	0	0	0	0	0	0	0	0	11480	23	16384	0	0
19340	694	104218	3	104221	196	17	1115	0	0	0	0	0	0	0	0	0	0	0	11480	20	16384	0	0
19340	695	104215	3	104218	194	18	1115	0	0	0	0	0	0	0	0	0	0	0	11480	20	16384	0	0
19340	696	104224	0	104224	196	17	1115	0	0	0	0	0	0	0	0	0	0	0	11480	23	16384	0	0
19340	697	104221	3	104224	196	13	1116	0	0	0	0	0	0	0	0	0	0	0	11480	20	16384	0	0
19340	698	104215	2	104217	194	17	1113	0	0	0	0	0	0	0	0	0	0	0	11480	20	16384	0	0
19340	699	104217	7	104224	196	16	1115	0	0	0	0	0	0	0	0	0	0	0	11480	23	16384	0	0
19340	700	104224	1	104225	194	19	1114	0	0	0	0	0	0	0	0	0	0	0	11480	20	16384	0	0
19340	701	104217	3	104220	194	14	1119	0	0	0	0	0	0	0	0	0	0	0	11480	23	16384	0	0
19340	702	104223	1	104224	199	16	1119	0	0	0	0	0	0	0	0	0	0	0	11480	20	16384	0	0
19340	703	104220	4	104224	196	15	1115	0	0	0	0	0	0	0	0	0	0	0	11480	20	16384	0	0
19340	704	104218	3	104221	198	13	1116	0	0	0	0	0	0	0	0	0	0	0	11480	23	16384	0	0
19340	705	104224	1	104225	194	15	1115	0	0	0	0	0	0	0	0	0	0	0	11480	20	16384	0	0
19340	706	104215	2	104217	196	19	1115	0	0	0	0	0	0	0	0	0	0	0	11480	20	16384	0	0
19340	707	104225	0	104225	192	16	1113	0	0	0	0	0	0	0	0	0	0	0	11480	23	16384	0	0
19340	708	104221	3	104224	194	16	1115	0	0	0	0	0	0	0	0	0	0	0	11480	20	16384	0	0
19340	709	104217	6	104223	194	17	1113	0	0	0	0	0	0	0	0	0	0	0	11480	20	16384	0	0
19340	710	104220	2	104222	196	15	1119	0	0	0	0	0	0	0	0	0	0	0	11480	23	16384	0	0
19340	711	104224	3	104227	196	13	1119	0	0	0	0	0	0	0	0	0	0	0	11480	20	16384	0	0
19340	712	104219	1	104220	196	19	1116	0	0	0	0	0	0	0	0	0	0	0	11480	20	16384	0	0
19340	713	104215	4	104219	194	17	1115	0	0	0	0	0	0	0	0	0	0	0	11480	23	16384	0	0
19340	714	104221	4	104225	190	22	1116	0	0	0	0	0	0	0	0	0	0	0	11480	20	16384	0	0
19340	715	104221	4	104225	192	20	1116	0	0	0	0	0	0	0	0	0	0	0	11480	20	16384	0	0
19340	716	104221	1	104222	196	18	1113	0	0	0	0	0	0	0	0	0	0	0	11480	23	16384	0	0
19340	717	104215	3	104218	195	17	1115	0	0	0	0	0	0	0	0	0	0	0	11480	20	16384	0	0
19340	718	104221	3	104224	194	18	1113	0	0	0	0	0	0	0	0	0	0	0	11480	20	32768	0	0
19340	719	104214	7	104221	198	17	1120	0	0	0	0	0	0	0	0	0	0	0	11480	23	16384	0	0
19340	720	104214	3	104217	198	12	1119	0	0	0	0	0	0	0	0	0	0	0	11480	20	16384	0	0
19340	721	104223	4	104227	195	17	1116	0	0	0	0	0	0	0	0	0	0	0	11480	23	20480	7	0
19340	722	104222	2	104224	194	17	1115	0	0	0	0	0	0	0	0	0	0	0	11480	20	16384	0	0
19340	723	104220	3	104223	196	16	1115	0	0	0	0	0	0	0	0	0	0	0	11480	20	16384	0	0
19340	724	104214	4	104218	194	19	1117	0	0	0	0	0	0	0	0	0	0	0	11480	23	16384	0	0
19340	725	104221	2	104223	195	15	1113	0	0	0	0	0	0	0	0	0	0	0	11480	20	16384	0	0
19340	726	104221	5	104226	196	14	1115	0	0	0	0	0	0	0	0	0	0	0	11480	20	16384	0	0
19340	727	104214	4	104218	196	13	1113	0	0	0	0	0	0	0	0	0	0	0	11480	23	16384	0	0
19340	728	104217	6	104223	196	18	1119	0	0	0	0	0	0	0	0	0	0	0	11480	20	16384	0	0
19340	729	104218	7	104225	194	16	1119	0	0	0	0	0	0	0	0	0	0	0	11480	20	16384	0	0
19340	730	104223	2	104225	198	15	1115	0	0	0	0	0	0	0	0	0	0	0	11480	23	16384	0	0
19340	731	104215	3	104218	198	13	1115	0	0	0	0	0	0	0	0	0	0	0	11480	20	16384	0	0
19340	732	104222	2	104224	194	17	1115	0	0	0	0	0	0	0	0	0	0	0	11480	20	16384	0	0
19340	733	104224	1	104225	194	17	1115	0	0	0	0	0	0	0	0	0	0	0	11480	23	16384	0	0
19340	734	104218	1	104219	196	14	1115	0	0	0	0	0	0	0	0	0	0	0	11480	20	16384	0	0
19340	735	104223	1	104224	194	19	1115	0	0	0	0	0	0	0	0	0	0	0	11480	20	16384	0	0
19340	736	104222	4	104226	195	14	1113	0	0	0	0	0	0	0	0	0	0	0	11480	23	16384	0	0
19340	737	104221	3	104224	192	19	1117	0	0	0	0	0	0	0	0	0	0	0	11480	20	16384	0	0
19340	738	104213	5	104218	197	16	1119	0	0	0	0	0	0	0	0	0	0	0	11480	20	16384	0	0
19340	739	104223	2	104225	192	18	1116	0	0	0	0	0	0	0	0	0	0	0	11480	23	16384	0	0
19340	740	104220	3	104223	198	13	1116	0	0	0	0	0	0	0	0	0	0	0	11480	20	16384	0	0
19340	741	104219	4	104223	195	15	1116	0	0	0	0	0	0	0	0	0	0	0	11480	20	16384	0	0
19340	742	104220	4	104224	196	13	1115	0	0	0	0	0	0	0	0	0	0	0	11480	23	16384	0	0
19340	743	104222	3	104225	198	15	1115	0	0	0	0	0	0	0	0	0	0	0	11480	20	16384	0	0
19340	744	104216	4	104220	194	20	1116	0	0	0	0	0	0	0	0	0	0	0	11480	23	16384	0	0
19340	745	104210	7	104217	192	19	1113	0	0	0	0	0	0	0	0	0	0	0	11480	20	16384	0	0
19340	746	104222	2	104224	194	18	1120	0	0	0	0	0	0	0	0	0	0	0	11480	20	16384	0	0
19340	747	104221	3	104224	192	17	1117	0	0	0	0	0	0	0	0	0	0	0	11480	23	16384	0	0
19340	748	104214	6	104220	199	13	1115	0	0	0	0	0	0	0	0	0	0	0	11480	20	16384	0	0
19340	749	104219	2	104221	194	17	1116	0	0	0	0	0	0	0	0	0	0	0	11480	20	16384	0	0
19340	750	104223	1	104224	196	17	1115	0	0	0	0	0	0	0	0	0	0	0	11480	23	16384	0	0
19340	751	104220	1	104221	192	20	1115	0	0	0	0	0	0	0	0	0	0	0	11480	20	16384	0	0
19340	752	104215	5	104220	194	16	1113	0	0	0	0	0	0	0	0	0	0	0	11480	20	16384	0	0
19340	753	104221	4	104225	196	14	1115	0	0	0	0	0	0	0	0	0	0	0	11480	23	16384	0	0
19340	754	104218	6	104224	190	23	1113	0	0	0	0	0	0	0	0	0	0	0	11480	20	16384	0	0
19340	755	104211	5	104216	194	17	1120	0	0	0	0	0	0	0	0	0	0	0	11480	20	16384	0	0
19340	756	104221	5	104226	196	16	1121	0	0	0	0	0	0	0	0	0	0	0	11480	23	53248	7	0
19340	757	104224	1	104225	198	12	1115	0	0	0	0	0	0	0	0	0	0	0	11480	20	16384	0	0
19340	758	104213	3	104216	198	14	1115	0	0	0	0	0	0	0	0	0	0	0	11480	20	16384	0	0
19340	759	104223	2	104225	192	19	1115	0	0	0	0	0	0	0	0	0	0	0	11480	23	16384	0	0
19340	760	104223	2	104225	194	17	1115	0	0	0	0	0	0	0	0	0	0	0	11480	20	16384	0	0
19340	761	104216	4	104220	196	14	1116	0	0	0	0	0	0	0	0	0	0	0	11480	20	16384	0	0
19340	762	104224	4	104228	196	14	1115	0	0	0	0	0	0	0	0	0	0	0	11480	23	32768	0	0
19340	763	104223	1	104224	194	18	1114	0	0	0	0	0	0	0	0	0	0	0	11480	20	16384	0	0
19340	764	104220	3	104223	198	10	1119	0	0	0	0	0	0	0	0	0	0	0	11480	23	16384	0	0
19340	765	104224	2	104226	194	15	1119	0	0	0	0	0	0	0	0	0	0	0	11480	20	16384	0	0
19340	766	104216	4	104220	196	12	1115	0	0	0	0	0	0	0	0	0	0	0	11480	20	16384	0	0
19340	767	104218	3	104221	198	18	1116	0	0	0	0	0	0	0	0	0	0	0	11480	23	16384	0	0
19340	768	104221	3	104224	194	18	1116	0	0	0	0	0	0	0	0	0	0	0	11480	20	16384	0	0
19340	769	104215	3	104218	196	17	1115	0	0	0	0	0	0	0	0	0	0	0	11480	20	16384	0	0
19340	770	104220	4	104224	192	20	1113	0	0	0	0	0	0	0	0	0	0	0	11480	23	16384	0	0
19340	771	104224	1	104225	200	13	1116	0	0	0	0	0	0	0	0	0	0	0	11480	20	16384	0	0
19340	772	104214	3	104217	192	19	1114	0	0	0	0	0	0	0	0	0	0	0	11480	20	16384	0	0
19340	773	104224	1	104225	194	16	1119	0	0	0	0	0	0	0	0	0	0	0	11480	23	16384	0	0
19340	774	104223	0	104223	192	19	1119	0	0	0	0	0	0	0	0	0	0	0	11480	20	16384	0	0
19340	775	104220	4	104224	194	17	1116	0	0	0	0	0	0	0	0	0	0	0	11480	20	16384	0	0
19340	776	104221	5	104226	196	16	1116	0	0	0	0	0	0	0	0	0	0	0	11480	23	16384	0	0
19340	777	104215	3	104218	192	18	1116	0	0	0	0	0	0	0	0	0	0	0	11480	20	16384	0	0
19340	778	104221	4	104225	200	12	1116	0	0	0	0	0	0	0	0	0	0	0	11480	20	16384	0	0
19340	779	104224	4	104228	194	15	1113	0	0	0	0	0	0	0	0	0	0	0	11480	23	12288	0	0
19340	780	104216	2	104218	192	21	1115	0	0	0	0	0	0	0	0	0	0	0	11480	20	16384	0	0
19340	781	104220	3	104223	194	19	1113	0	0	0	0	0	0	0	0	0	0	0	11480	20	16384	0	0
19340	782	104214	4	104218	196	16	1120	0	0	0	0	0	0	0	0	0	0	0	11480	23	16384	0	0
19340	783	104221	4	104225	196	15	1119	0	0	0	0	0	0	0	0	0	0	0	11480	20	16384	0	0
19340	784	104221	1	104222	196	21	1115	0	0	0	0	0	0	0	0	0	0	0	11480	20	16384	0	0
19340	785	104215	3	104218	198	12	1116	0	0	0	0	0	0	0	0	0	0	0	11480	23	16384	0	0
19340	786	104223	2	104225	196	13	1116	0	0	0	0	0	0	0	0	0	0	0	11480	20	16384	0	0
19340	787	104220	0	104220	194	17	1115	0	0	0	0	0	0	0	0	0	0	0	11480	23	16384	0	0
19340	788	104223	2	104225	196	15	1114	0	0	0	0	0	0	0	0	0	0	0	11480	20	16384	0	0
19340	789	104222	4	104226	192	19	1115	0	0	0	0	0	0	0	0	0	0	0	11480	20	16384	0	0
19340	790	104221	1	104222	198	12	1114	0	0	0	0	0	0	0	0	0	0	0	11480	23	53248	7	0
19340	791	104225	2	104227	200	11	1120	0	0	0	0	0	0	0	0	0	0	0	11480	20	16384	0	0
19340	792	104218	4	104222	194	17	1120	0	0	0	0	0	0	0	0	0	0	0	11480	20	16384	0	0
19340	793	104220	3	104223	196	15	1115	0	0	0	0	0	0	0	0	0	0	0	11480	23	16384	0	0
19340	794	104222	6	104228	197	14	1116	0	0	0	0	0	0	0	0	0	0	0	11480	20	12288	0	0
19340	795	104214	6	104220	200	12	1115	0	0	0	0	0	0	0	0	0	0	0	11480	20	16384	0	0
19340	796	104224	0	104224	196	16	1115	0	0	0	0	0	0	0	0	0	0	0	11480	23	32768	0	0
19340	797	104224	1	104225	196	13	1113	0	0	0	0	0	0	0	0	0	0	0	11480	20	16384	0	0
19340	798	104213	3	104216	198	15	1115	0	0	0	0	0	0	0	0	0	0	0	11480	20	16384	0	0
19340	799	104225	1	104226	196	12	1114	0	0	0	0	0	0	0	0	0	0	0	11480	23	16384	0	0
19340	800	104217	3	104220	196	16	1119	0	0	0	0	0	0	0	0	0	0	0	11480	20	16384	0	0
19340	801	104223	2	104225	194	15	1119	0	0	0	0	0	0	0	0	0	0	0	11480	20	16384	0	0
19340	802	104220	1	104221	196	15	1115	0	0	0	0	0	0	0	0	0	0	0	11480	23	16384	0	0
19340	803	104219	5	104224	199	14	1115	0	0	0	0	0	0	0	0	0	0	0	11480	20	16384	0	0
19340	804	104216	4	104220	192	20	1115	0	0	0	0	0	0	0	0	0	0	0	11480	20	16384	0	0
19340	805	104217	8	104225	198	14	1115	0	0	0	0	0	0	0	0	0	0	0	11480	23	16384	0	0
19340	806	104221	3	104224	196	15	1113	0	0	0	0	0	0	0	0	0	0	0	11480	20	16384	0	0
19340	807	104219	4	104223	198	12	1115	0	0	0	0	0	0	0	0	0	0	0	11480	20	32768	0	0
19340	808	104224	1	104225	194	18	1113	0	0	0	0	0	0	0	0	0	0	0	11480	20	16384	0	0
19340	809	104213	3	104216	196	18	1119	0	0	0	0	0	0	0	0	0	0	0	11480	20	16384	0	0
19340	810	104221	4	104225	196	18	1119	0	0	0	0	0	0	0	0	0	0	0	11480	23	16384	0	0
19340	811	104214	4	104218	196	16	1115	0	0	0	0	0	0	0	0	0	0	0	11480	20	16384	0	0
19340	812	104224	2	104226	196	14	1116	0	0	0	0	0	0	0	0	0	0	0	11480	20	16384	0	0
19340	813	104213	6	104219	198	15	1116	0	0	0	0	0	0	0	0	0	0	0	11480	23	16384	0	0
19340	814	104225	1	104226	198	13	1115	0	0	0	0	0	0	0	0	0	0	0	11480	20	16384	0	0
19340	815	104218	6	104224	198	16	1113	0	0	0	0	0	0	0	0	0	0	0	11480	20	16384	0	0
19340	816	104214	0	104214	199	16	1115	0	0	0	0	0	0	0	0	0	0	0	11480	23	16384	0	0
19340	817	104221	5	104226	199	14	1113	0	0	0	0	0	0	0	0	0	0	0	11480	20	16384	0	0
19340	818	104217	4	104221	198	10	1120	0	0	0	0	0	0	0	0	0	0	0	11480	20	16384	0	0
19340	819	104226	0	104226	196	17	1119	0	0	0	0	0	0	0	0	0	0	0	11480	23	16384	0	0
19340	820	104215	4	104219	196	16	1115	0	0	0	0	0	0	0	0	0	0	0	11480	20	16384	0	0
19340	821	104223	2	104225	194	20	1115	0	0	0	0	0	0	0	0	0	0	0	11480	20	16384	0	0
19340	822	104217	5	104222	192	18	1116	0	0	0	0	0	0	0	0	0	0	0	11480	23	32768	0	0
19340	823	104224	0	104224	194	18	1116	0	0	0	0	0	0	0	0	0	0	0	11480	20	16384	0	0
19340	824	104222	1	104223	194	18	1113	0	0	0	0	0	0	0	0	0	0	0	11480	20	16384	0	0
19340	825	104217	6	104223	194	20	1117	0	0	0	0	0	0	0	0	0	0	0	11480	23	53248	7	0
19340	826	104226	1	104227	200	12	1114	0	0	0	0	0	0	0	0	0	0	0	11480	20	16384	0	0
19340	827	104215	3	104218	192	20	1120	0	0	0	0	0	0	0	0	0	0	0	11480	20	16384	0	0
19340	828	104220	5	104225	194	17	1119	0	0	0	0	0	0	0	0	0	0	0	11480	23	16384	0	0
19340	829	104217	1	104218	196	14	1115	0	0	0	0	0	0	0	0	0	0	0	11480	20	16384	0	0
19340	830	104224	1	104225	193	19	1115	0	0	0	0	0	0	0	0	0	0	0	11480	23	16384	0	0
19340	831	104214	5	104219	192	17	1117	0	0	0	0	0	0	0	0	0	0	0	11480	20	16384	0	0
19340	832	104225	1	104226	196	14	1115	0	0	0	0	0	0	0	0	0	0	0	11480	20	16384	0	0
19340	833	104221	1	104222	196	14	1113	0	0	0	0	0	0	0	0	0	0	0	11480	23	16384	0	0
19340	834	104218	1	104219	194	18	1115	0	0	0	0	0	0	0	0	0	0	0	11480	20	16384	0	0
19340	835	104225	2	104227	194	14	1114	0	0	0	0	0	0	0	0	0	0	0	11480	20	16384	0	0
19340	836	104218	1	104219	194	19	1119	0	0	0	0	0	0	0	0	0	0	0	11480	23	16384	0	0
19340	837	104220	4	104224	194	16	1120	0	0	0	0	0	0	0	0	0	0	0	11480	20	16384	0	0
19340	838	104214	5	104219	194	15	1117	0	0	0	0	0	0	0	0	0	0	0	11480	20	16384	0	0
19340	839	104221	4	104225	198	14	1115	0	0	0	0	0	0	0	0	0	0	0	11480	23	16384	0	0
19340	840	104216	3	104219	196	15	1116	0	0	0	0	0	0	0	0	0	0	0	11480	20	16384	0	0
19340	841	104223	3	104226	196	13	1115	0	0	0	0	0	0	0	0	0	0	0	11480	20	16384	0	0
19340	842	104218	2	104220	196	14	1113	0	0	0	0	0	0	0	0	0	0	0	11480	23	16384	0	0
19340	843	104220	4	104224	198	16	1115	0	0	0	0	0	0	0	0	0	0	0	11480	20	16384	0	0
19340	844	104219	1	104220	194	17	1113	0	0	0	0	0	0	0	0	0	0	0	11480	20	16384	0	0
19340	845	104221	2	104223	196	19	1119	0	0	0	0	0	0	0	0	0	0	0	11480	23	16384	0	0
19340	846	104216	2	104218	200	13	1120	0	0	0	0	0	0	0	0	0	0	0	11480	20	16384	0	0
19340	847	104220	4	104224	192	20	1115	0	0	0	0	0	0	0	0	0	0	0	11480	20	16384	0	0
19340	848	104215	3	104218	196	16	1115	0	0	0	0	0	0	0	0	0	0	0	11480	23	16384	0	0
19340	849	104221	3	104224	194	18	1115	0	0	0	0	0	0	0	0	0	0	0	11480	20	16384	0	0
19340	850	104217	1	104218	196	16	1115	0	0	0	0	0	0	0	0	0	0	0	11480	20	16384	0	0
19340	851	104223	2	104225	196	15	1114	0	0	0	0	0	0	0	0	0	0	0	11480	23	16384	0	0
19340	852	104215	3	104218	197	16	1116	0	0	0	0	0	0	0	0	0	0	0	11480	20	16384	0	0
19340	853	104220	5	104225	194	18	1113	0	0	0	0	0	0	0	0	0	0	0	11480	23	16384	0	0
19340	854	104213	5	104218	198	14	1119	0	0	0	0	0	0	0	0	0	0	0	11480	20	16384	0	0
19340	855	104221	3	104224	190	22	1119	0	0	0	0	0	0	0	0	0	0	0	11480	20	16384	0	0
19340	856	104216	6	104222	196	15	1115	0	0	0	0	0	0	0	0	0	0	0	11480	23	32768	0	0
19340	857	104222	3	104225	190	20	1115	0	0	0	0	0	0	0	0	0	0	0	11480	20	16384	0	0
19340	858	104218	1	104219	197	16	1116	0	0	0	0	0	0	0	0	0	0	0	11480	20	16384	0	0
19340	859	104225	2	104227	198	13	1117	0	0	0	0	0	0	0	0	0	0	0	11480	23	53248	7	0
19340	860	104217	2	104219	196	16	1113	0	0	0	0	0	0	0	0	0	0	0	11480	20	16384	0	0
19340	861	104223	2	104225	196	15	1115	0	0	0	0	0	0	0	0	0	0	0	11480	20	16384	0	0
19340	862	104219	1	104220	194	15	1114	0	0	0	0	0	0	0	0	0	0	0	11480	23	16384	0	0
19340	863	104222	4	104226	194	15	1119	0	0	0	0	0	0	0	0	0	0	0	11480	20	16384	0	0
19340	864	104217	3	104220	198	12	1119	0	0	0	0	0	0	0	0	0	0	0	11480	20	16384	0	0
19340	865	104221	5	104226	194	16	1116	0	0	0	0	0	0	0	0	0	0	0	11480	23	16384	0	0
19340	866	104216	3	104219	196	15	1116	0	0	0	0	0	0	0	0	0	0	0	11480	20	16384	0	0
19340	867	104219	7	104226	194	16	1116	0	0	0	0	0	0	0	0	0	0	0	11480	20	16384	0	0
19340	868	104217	4	104221	194	14	1116	0	0	0	0	0	0	0	0	0	0	0	11480	23	16384	0	0
19340	869	104223	3	104226	193	18	1114	0	0	0	0	0	0	0	0	0	0	0	11480	20	16384	0	0
19340	870	104216	3	104219	194	15	1115	0	0	0	0	0	0	0	0	0	0	0	11480	20	16384	0	0
19340	871	104224	2	104226	196	16	1113	0	0	0	0	0	0	0	0	0	0	0	11480	23	16384	0	0
19340	872	104217	0	104217	198	15	1119	0	0	0	0	0	0	0	0	0	0	0	11480	20	12288	0	0
19340	873	104224	3	104227	196	14	1119	0	0	0	0	0	0	0	0	0	0	0	11480	23	16384	0	0
19340	874	104215	2	104217	198	15	1115	0	0	0	0	0	0	0	0	0	0	0	11480	20	32768	0	0
19340	875	104219	6	104225	196	16	1115	0	0	0	0	0	0	0	0	0	0	0	11480	20	16384	0	0
19340	876	104215	3	104218	190	21	1115	0	0	0	0	0	0	0	0	0	0	0	11480	23	16384	0	0
19340	877	104222	1	104223	198	15	1115	0	0	0	0	0	0	0	0	0	0	0	11480	20	16384	0	0
19340	878	104215	4	104219	198	16	1113	0	0	0	0	0	0	0	0	0	0	0	11480	20	16384	0	0
19340	879	104222	2	104224	200	11	1116	0	0	0	0	0	0	0	0	0	0	0	11480	23	16384	0	0
19340	880	104221	2	104223	191	22	1113	0	0	0	0	0	0	0	0	0	0	0	11480	20	16384	0	0
19340	881	104223	1	104224	194	15	1120	0	0	0	0	0	0	0	0	0	0	0	11480	20	16384	0	0
19340	882	104226	1	104227	198	13	1119	0	0	0	0	0	0	0	0	0	0	0	11480	23	16384	0	0
19340	883	104213	4	104217	192	17	1115	0	0	0	0	0	0	0	0	0	0	0	11480	20	16384	0	0
19340	884	104225	3	104228	190	19	1115	0	0	0	0	0	0	0	0	0	0	0	11480	20	16384	0	0
19340	885	104214	3	104217	198	13	1115	0	0	0	0	0	0	0	0	0	0	0	11480	23	16384	0	0
19340	886	104224	3	104227	200	11	1115	0	0	0	0	0	0	0	0	0	0	0	11480	20	16384	0	0
19340	887	104211	4	104215	192	21	1114	0	0	0	0	0	0	0	0	0	0	0	11480	20	16384	0	0
19340	888	104222	5	104227	196	12	1115	0	0	0	0	0	0	0	0	0	0	0	11480	23	16384	0	0
19340	889	104217	2	104219	192	19	1114	0	0	0	0	0	0	0	0	0	0	0	11480	20	16384	0	0
19340	890	104219	3	104222	192	20	1119	0	0	0	0	0	0	0	0	0	0	0	11480	20	16384	0	0
19340	891	104218	4	104222	194	17	1119	0	0	0	0	0	0	0	0	0	0	0	11480	23	32768	0	0
19340	892	104222	4	104226	190	20	1115	0	0	0	0	0	0	0	0	0	0	0	11480	20	16384	0	0
19340	893	104216	4	104220	194	17	1115	0	0	0	0	0	0	0	0	0	0	0	11480	20	16384	0	0
19340	894	104224	2	104226	198	13	1116	0	0	0	0	0	0	0	0	0	0	0	11480	23	53248	7	0
19340	895	104218	2	104220	201	13	1115	0	0	0	0	0	0	0	0	0	0	0	11480	20	16384	0	0
19340	896	104224	1	104225	200	11	1113	0	0	0	0	0	0	0	0	0	0	0	11480	23	32768	0	0
19340	897	104212	8	104220	200	12	1116	0	0	0	0	0	0	0	0	0	0	0	11480	20	16384	0	0
19340	898	104221	2	104223	198	15	1114	0	0	0	0	0	0	0	0	0	0	0	11480	20	16384	0	0
19340	899	104213	8	104221	194	16	1119	0	0	0	0	0	0	0	0	0	0	0	11480	23	16384	0	0
19340	900	104225	1	104226	194	15	1119	0	0	0	0	0	0	0	0	0	0	0	11480	20	16384	0	0
19340	901	104218	1	104219	194	16	1116	0	0	0	0	0	0	0	0	0	0	0	11480	20	16384	0	0
19340	902	104224	3	104227	192	17	1116	0	0	0	0	0	0	0	0	0	0	0	11480	23	16384	0	0
19340	903	104216	4	104220	192	17	1116	0	0	0	0	0	0	0	0	0	0	0	11480	20	16384	0	0
19340	904	104222	3	104225	198	14	1115	0	0	0	0	0	0	0	0	0	0	0	11480	20	16384	0	0
19340	905	104217	2	104219	194	16	1115	0	0	0	0	0	0	0	0	0	0	0	11480	23	16384	0	0
19340	906	104225	1	104226	192	20	1116	0	0	0	0	0	0	0	0	0	0	0	11480	20	16384	0	0
19340	907	104212	5	104217	192	19	1113	0	0	0	0	0	0	0	0	0	0	0	11480	20	16384	0	0
19340	908	104227	3	104230	196	14	1119	0	0	0	0	0	0	0	0	0	0	0	11480	23	32768	0	0
19340	909	104215	4	104219	192	18	1117	0	0	0	0	0	0	0	0	0	0	0	11480	20	16384	0	0
19340	910	104223	2	104225	198	15	1116	0	0	0	0	0	0	0	0	0	0	0	11480	20	16384	0	0
19340	911	104218	2	104220	194	15	1115	0	0	0	0	0	0	0	0	0	0	0	11480	23	16384	0	0
19340	912	104220	3	104223	200	13	1115	0	0	0	0	0	0	0	0	0	0	0	11480	20	16384	0	0
19340	913	104216	3	104219	192	19	1115	0	0	0	0	0	0	0	0	0	0	0	11480	20	16384	0	0
19340	914	104221	3	104224	198	11	1114	0	0	0	0	0	0	0	0	0	0	0	11480	23	16384	0	0
19340	915	104216	3	104219	190	21	1115	0	0	0	0	0	0	0	0	0	0	0	11480	20	16384	0	0
19340	916	104225	1	104226	190	19	1114	0	0	0	0	0	0	0	0	0	0	0	11480	23	16384	0	0
19340	917	104220	3	104223	198	12	1119	0	0	0	0	0	0	0	0	0	0	0	11480	20	32768	0	0
19340	918	104223	2	104225	194	16	1118	0	0	0	0	0	0	0	0	0	0	0	11480	20	16384	0	0
19340	919	104224	2	104226	198	13	1117	0	0	0	0	0	0	0	0	0	0	0	11480	23	16384	0	0
19340	920	104218	3	104221	198	12	1115	0	0	0	0	0	0	0	0	0	0	0	11480	20	16384	0	0
19340	921	104220	3	104223	196	17	1116	0	0	0	0	0	0	0	0	0	0	0	11480	20	16384	0	0
19340	922	104217	2	104219	194	17	1116	0	0	0	0	0	0	0	0	0	0	0	11480	23	16384	0	0
19340	923	104223	3	104226	190	23	1113	0	0	0	0	0	0	0	0	0	0	0	11480	20	16384	0	0
19340	924	104217	2	104219	201	11	1115	0	0	0	0	0	0	0	0	0	0	0	11480	20	16384	0	0
19340	925	104224	3	104227	190	20	1114	0	0	0	0	0	0	0	0	0	0	0	11480	23	16384	0	0
19340	926	104217	1	104218	199	16	1119	0	0	0	0	0	0	0	0	0	0	0	11480	20	16384	0	0
19340	927	104221	1	104222	198	15	1119	0	0	0	0	0	0	0	0	0	0	0	11480	20	16384	0	0
19340	928	104217	3	104220	196	18	1116	0	0	0	0	0	0	0	0	0	0	0	11480	23	53248	7	0
19340	929	104221	4	104225	192	17	1115	0	0	0	0	0	0	0	0	0	0	0	11480	20	16384	0	0
19340	930	104223	2	104225	196	15	1117	0	0	0	0	0	0	0	0	0	0	0	11480	20	16384	0	0
19340	931	104219	4	104223	198	13	1115	0	0	0	0	0	0	0	0	0	0	0	11480	23	16384	0	0
19340	932	104221	4	104225	196	17	1114	0	0	0	0	0	0	0	0	0	0	0	11480	20	16384	0	0
19340	933	104213	4	104217	196	16	1115	0	0	0	0	0	0	0	0	0	0	0	11480	20	16384	0	0
19340	934	104225	1	104226	194	17	1113	0	0	0	0	0	0	0	0	0	0	0	11480	23	16384	0	0
19340	935	104217	2	104219	194	16	1119	0	0	0	0	0	0	0	0	0	0	0	11480	20	16384	0	0
19340	936	104224	1	104225	194	17	1119	0	0	0	0	0	0	0	0	0	0	0	11480	20	16384	0	0
19340	937	104215	7	104222	200	13	1115	0	0	0	0	0	0	0	0	0	0	0	11480	23	16384	0	0
19340	938	104221	0	104221	192	21	1115	0	0	0	0	0	0	0	0	0	0	0	11480	20	16384	0	0
19340	939	104222	3	104225	190	20	1115	0	0	0	0	0	0	0	0	0	0	0	11480	23	16384	0	0
19340	940	104214	4	104218	196	14	1115	0	0	0	0	0	0	0	0	0	0	0	11480	20	16384	0	0
19340	941	104221	3	104224	196	14	1114	0	0	0	0	0	0	0	0	0	0	0	11480	20	16384	0	0
19340	942	104213	3	104216	194	20	1115	0	0	0	0	0	0	0	0	0	0	0	11480	23	16384	0	0
19340	943	104221	3	104224	194	17	1113	0	0	0	0	0	0	0	0	0	0	0	11480	20	16384	0	0
19340	944	104215	3	104218	194	14	1119	0	0	0	0	0	0	0	0	0	0	0	11480	20	16384	0	0
19340	945	104220	2	104222	194	21	1119	0	0	0	0	0	0	0	0	0	0	0	11480	23	16384	0	0
19340	946	104222	4	104226	200	10	1115	0	0	0	0	0	0	0	0	0	0	0	11480	20	16384	0	0
19340	947	104218	4	104222	194	16	1115	0	0	0	0	0	0	0	0	0	0	0	11480	20	32768	0	0
19340	948	104221	4	104225	198	13	1115	0	0	0	0	0	0	0	0	0	0	0	11480	23	16384	0	0
19340	949	104216	3	104219	196	15	1115	0	0	0	0	0	0	0	0	0	0	0	11480	20	16384	0	0
19340	950	104221	3	104224	194	18	1114	0	0	0	0	0	0	0	0	0	0	0	11480	20	16384	0	0
19340	951	104216	6	104222	194	16	1116	0	0	0	0	0	0	0	0	0	0	0	11480	23	32768	0	0
19340	952	104222	3	104225	196	15	1114	0	0	0	0	0	0	0	0	0	0	0	11480	20	16384	0	0
19340	953	104218	3	104221	194	17	1119	0	0	0	0	0	0	0	0	0	0	0	11480	20	16384	0	0
19340	954	104218	4	104222	197	17	1120	0	0	0	0	0	0	0	0	0	0	0	11480	23	12288	0	0
19340	955	104221	2	104223	198	15	1115	0	0	0	0	0	0	0	0	0	0	0	11480	20	16384	0	0
19340	956	104218	2	104220	196	16	1116	0	0	0	0	0	0	0	0	0	0	0	11480	20	12288	0	0
19340	957	104224	3	104227	198	10	1115	0	0	0	0	0	0	0	0	0	0	0	11480	23	16384	0	0
19340	958	104217	3	104220	198	13	1117	0	0	0	0	0	0	0	0	0	0	0	11480	20	16384	0	0
19340	959	104221	4	104225	196	14	1113	0	0	0	0	0	0	0	0	0	0	0	11480	23	16384	0	0
19340	960	104217	4	104221	196	14	1116	0	0	0	0	0	0	0	0	0	0	0	11480	20	16384	0	0
19340	961	104222	5	104227	192	16	1113	0	0	0	0	0	0	0	0	0	0	0	11480	20	16384	0	0
19340	962	104225	1	104226	196	15	1120	0	0	0	0	0	0	0	0	0	0	0	11480	23	16384	0	0
19340	963	104216	2	104218	194	16	1120	0	0	0	0	0	0	0	0	0	0	0	11480	20	16384	0	0
19340	964	104219	5	104224	196	17	1117	0	0	0	0	0	0	0	0	0	0	0	11480	20	16384	0	0
19340	965	104214	5	104219	196	14	1115	0	0	0	0	0	0	0	0	0	0	0	11480	23	16384	0	0
19340	966	104220	4	104224	198	11	1115	0	0	0	0	0	0	0	0	0	0	0	11480	20	16384	0	0
19340	967	104217	5	104222	196	13	1115	0	0	0	0	0	0	0	0	0	0	0	11480	20	16384	0	0
19340	968	104224	2	104226	200	12	1114	0	0	0	0	0	0	0	0	0	0	0	11480	23	28672	0	0
19340	969	104223	2	104225	190	24	1115	0	0	0	0	0	0	0	0	0	0	0	11480	20	16384	0	0
19340	970	104216	3	104219	198	12	1113	0	0	0	0	0	0	0	0	0	0	0	11480	20	16384	0	0
19340	971	104222	4	104226	201	12	1119	0	0	0	0	0	0	0	0	0	0	0	11480	23	16384	0	0
19340	972	104219	0	104219	196	16	1119	0	0	0	0	0	0	0	0	0	0	0	11480	20	16384	0	0
19340	973	104221	4	104225	194	16	1116	0	0	0	0	0	0	0	0	0	0	0	11480	20	16384	0	0
19340	974	104213	3	104216	200	14	1115	0	0	0	0	0	0	0	0	0	0	0	11480	23	16384	0	0
19340	975	104225	1	104226	196	18	1115	0	0	0	0	0	0	0	0	0	0	0	11480	20	16384	0	0
19340	976	104219	3	104222	198	15	1116	0	0	0	0	0	0	0	0	0	0	0	11480	20	16384	0	0
19340	977	104214	5	104219	198	17	1114	0	0	0	0	0	0	0	0	0	0	0	11480	23	12288	0	0
19340	978	104221	3	104224	194	17	1115	0	0	0	0	0	0	0	0	0	0	0	11480	20	16384	0	0
19340	979	104219	0	104219	198	13	1114	0	0	0	0	0	0	0	0	0	0	0	11480	20	16384	0	0
19340	980	104222	3	104225	194	17	1119	0	0	0	0	0	0	0	0	0	0	0	11480	23	16384	0	0
19340	981	104214	3	104217	194	17	1119	0	0	0	0	0	0	0	0	0	0	0	11480	20	16384	0	0
19340	982	104225	2	104227	194	17	1115	0	0	0	0	0	0	0	0	0	0	0	11480	23	16384	0	0
19340	983	104219	3	104222	196	16	1115	0	0	0	0	0	0	0	0	0	0	0	11480	20	16384	0	0
19340	984	104224	1	104225	198	13	1116	0	0	0	0	0	0	0	0	0	0	0	11480	20	16384	0	0
19340	985	104223	1	104224	194	16	1115	0	0	0	0	0	0	0	0	0	0	0	11480	23	16384	0	0
19340	986	104215	4	104219	196	17	1113	0	0	0	0	0	0	0	0	0	0	0	11480	20	16384	0	0
19340	987	104219	3	104222	201	12	1115	0	0	0	0	0	0	0	0	0	0	0	11480	20	16384	0	0
19340	988	104213	6	104219	198	14	1113	0	0	0	0	0	0	0	0	0	0	0	11480	23	16384	0	0
19340	989	104222	2	104224	198	14	1120	0	0	0	0	0	0	0	0	0	0	0	11480	20	16384	0	0
19340	990	104218	6	104224	194	16	1120	0	0	0	0	0	0	0	0	0	0	0	11480	20	16384	0	0
19340	991	104217	5	104222	192	17	1115	0	0	0	0	0	0	0	0	0	0	0	11480	23	16384	0	0
19340	992	104223	4	104227	196	14	1115	0	0	0	0	0	0	0	0	0	0	0	11480	20	16384	0	0
19340	993	104215	4	104219	194	18	1115	0	0	0	0	0	0	0	0	0	0	0	11480	20	16384	0	0
19340	994	104222	4	104226	194	16	1116	0	0	0	0	0	0	0	0	0	0	0	11480	23	16384	0	0
19340	995	104218	2	104220	199	14	1113	0	0	0	0	0	0	0	0	0	0	0	11480	20	12288	0	0
19340	996	104223	3	104226	198	11	1115	0	0	0	0	0	0	0	0	0	0	0	11480	20	16384	0	0
19340	997	104219	4	104223	196	16	1115	0	0	0	0	0	0	0	0	0	0	0	11480	23	53248	7	0
19340	998	104221	5	104226	196	13	1119	0	0	0	0	0	0	0	0	0	0	0	11480	20	16384	0	0
19340	999	104223	2	104225	196	17	1119	0	0	0	0	0	0	0	0	0	0	0	11480	20	16384	0	0
19340	1000	104217	1	104218	192	19	1115	0	0	0	0	0	0	0	0	0	0	0	11480	23	16384	0	0
