RUNID	ITERNUM	METIME	PRTIME	TPRTIME	DIFF	TDIFF	NRPROCS	NPROCS
25001	1	10021	10020	10219	1	199	3	93
25001	2	10026	10025	10224	1	199	3	93
25001	3	10020	10020	10217	0	197	3	93
25001	4	10027	10025	10224	2	199	3	93
25001	5	10021	10018	10218	3	200	4	93
25001	6	10023	10023	10220	0	197	3	93
25001	7	10025	10024	10223	1	199	3	93
25001	8	10020	10019	10217	1	198	4	93
25001	9	10026	10024	10224	2	200	4	93
25001	10	10021	10018	10218	3	200	4	93
25001	11	10027	10025	10224	2	199	3	93
25001	12	10021	10019	10218	2	199	3	93
25001	13	10026	10025	10224	1	199	3	93
25001	14	10020	10020	10217	0	197	3	93
25001	15	10021	10018	10218	3	200	3	93
25001	16	10026	10025	10223	1	198	4	93
25001	17	10021	10018	10221	3	203	5	93
25001	18	10027	10025	10224	2	199	3	93
25001	19	10020	10018	10218	2	200	4	93
25001	20	10026	10025	10224	1	199	3	93
25001	21	10021	10019	10218	2	199	3	93
25001	22	10023	10022	10219	1	197	3	93
25001	23	10025	10025	10222	0	197	3	93
25001	24	10020	10019	10218	1	199	3	93
25001	25	10026	10024	10222	2	198	4	93
25001	26	10021	10018	10220	3	202	4	93
25001	27	10027	10025	10225	2	200	3	93
25001	28	10021	10019	10216	2	197	3	93
25001	29	10026	10025	10222	1	197	3	93
25001	30	10021	10020	10219	1	199	3	93
25001	31	10021	10018	10218	3	200	4	93
25001	32	10026	10026	10223	0	197	3	93
25001	33	10021	10019	10218	2	199	3	93
25001	34	10026	10025	10224	1	199	3	93
25001	35	10020	10019	10218	1	199	3	93
25001	36	10027	10024	10223	3	199	4	93
25001	37	10020	10019	10217	1	198	4	93
25001	38	10021	10021	10218	0	197	3	93
25001	39	10026	10025	10224	1	199	3	93
25001	40	10020	10020	10217	0	197	3	93
25001	41	10026	10025	10224	1	199	3	93
25001	42	10020	10019	10216	1	197	3	93
25001	43	10026	10025	10224	1	199	3	93
25001	44	10020	10020	10217	0	197	3	93
25001	45	10025	10022	10222	3	200	4	93
25001	46	10024	10023	10221	1	198	4	93
25001	47	10021	10019	10217	2	198	4	93
25001	48	10026	10025	10224	1	199	3	93
25001	49	10021	10019	10218	2	199	3	93
25001	50	10027	10025	10224	2	199	3	93
25001	51	10021	10019	10218	2	199	3	93
25001	52	10026	10025	10224	1	199	3	93
25001	53	10021	10019	10219	2	200	3	93
25001	54	10020	10019	10218	1	199	3	93
25001	55	10026	10026	10223	0	197	3	93
25001	56	10020	10019	10217	1	198	4	93
25001	57	10027	10024	10224	3	200	4	93
25001	58	10020	10018	10218	2	200	4	93
25001	59	10026	10025	10223	1	198	4	93
25001	60	10020	10020	10217	0	197	3	93
25001	61	10023	10022	10221	1	199	3	93
25001	62	10026	10025	10224	1	199	3	93
25001	63	10021	10019	10218	2	199	3	93
25001	64	10026	10025	10224	1	199	3	93
25001	65	10021	10019	10218	2	199	3	93
25001	66	10026	10025	10224	1	199	3	93
25001	67	10020	10019	10217	1	198	4	93
25001	68	10026	10024	10222	2	198	4	93
25001	69	10021	10021	10218	0	197	3	93
25001	70	10021	10019	10218	2	199	3	93
25001	71	10026	10024	10224	2	200	4	93
25001	72	10020	10019	10218	1	199	3	93
25001	73	10026	10026	10223	0	197	3	93
25001	74	10021	10020	10217	1	197	3	93
25001	75	10026	10026	10223	0	197	3	93
25001	76	10021	10019	10218	2	199	3	93
25001	77	10023	10021	10221	2	200	4	93
25001	78	10026	10024	10224	2	200	4	93
25001	79	10021	10020	10217	1	197	3	93
25001	80	10027	10025	10224	2	199	3	93
25001	81	10021	10019	10218	2	199	3	93
25001	82	10026	10025	10222	1	197	3	93
25001	83	10020	10020	10217	0	197	3	93
25001	84	10026	10026	10223	0	197	3	93
25001	85	10022	10021	10220	1	199	3	93
25001	86	10020	10019	10218	1	199	3	93
25001	87	10027	10025	10223	2	198	3	93
25001	88	10020	10020	10217	0	197	3	93
25001	89	10026	10025	10223	1	198	4	93
25001	90	10021	10020	10217	1	197	3	93
25001	91	10027	10025	10224	2	199	3	93
25001	92	10020	10020	10217	0	197	3	93
25001	93	10023	10022	10221	1	199	3	93
25001	94	10026	10024	10221	2	197	3	93
25001	95	10020	10020	10217	0	197	3	93
25001	96	10026	10026	10223	0	197	3	93
25001	97	10020	10019	10217	1	198	4	93
25001	98	10026	10025	10223	1	198	4	93
25001	99	10020	10019	10217	1	198	4	93
25001	100	10026	10024	10224	2	200	4	93
25001	101	10021	10021	10218	0	197	3	93
25001	102	10020	10019	10216	1	197	3	93
25001	103	10026	10026	10223	0	197	3	93
25001	104	10020	10020	10217	0	197	3	93
25001	105	10026	10025	10224	1	199	3	93
25001	106	10020	10020	10217	0	197	3	93
25001	107	10026	10026	10239	0	213	5	94
25001	108	10020	10019	10217	1	198	4	93
25001	109	10027	10024	10222	3	198	4	93
25001	110	10022	10020	10217	2	197	3	93
25001	111	10020	10020	10217	0	197	3	93
25001	112	10026	10025	10224	1	199	3	93
25001	113	10020	10020	10217	0	197	3	93
25001	114	10027	10025	10222	2	197	3	93
25001	115	10020	10019	10218	1	199	3	93
25001	116	10026	10025	10224	1	199	3	93
25001	117	10021	10020	10217	1	197	3	93
25001	118	10027	10024	10223	3	199	4	93
25001	119	10020	10019	10217	1	198	4	93
25001	120	10025	10023	10221	2	198	4	93
25001	121	10024	10023	10220	1	197	3	93
25001	122	10021	10020	10217	1	197	3	93
25001	123	10026	10025	10224	1	199	3	93
25001	124	10020	10019	10218	1	199	3	93
25001	125	10026	10025	10224	1	199	3	93
25001	126	10020	10019	10218	1	199	3	93
25001	127	10027	10025	10222	2	197	3	93
25001	128	10020	10019	10218	1	199	3	93
25001	129	10027	10024	10222	3	198	4	93
25001	130	10020	10019	10218	1	199	3	93
25001	131	10023	10021	10222	2	201	3	93
25001	132	10026	10025	10224	1	199	3	93
25001	133	10020	10019	10218	1	199	3	93
25001	134	10026	10025	10224	1	199	3	93
25001	135	10021	10019	10218	2	199	3	93
25001	136	10026	10025	10224	1	199	3	93
25001	137	10020	10020	10217	0	197	3	93
25001	138	10027	10025	10224	2	199	3	93
25001	139	10020	10018	10216	2	198	4	93
25001	140	10026	10024	10222	2	198	4	93
25001	141	10021	10019	10217	2	198	4	93
25001	142	10022	10020	10231	2	211	6	94
25001	143	10027	10025	10222	2	197	3	93
25001	144	10020	10019	10218	1	199	3	93
25001	145	10026	10025	10222	1	197	3	93
25001	146	10021	10019	10218	2	199	3	93
25001	147	10027	10025	10224	2	199	3	93
25001	148	10021	10019	10218	2	199	3	93
25001	149	10027	10025	10224	2	199	3	93
25001	150	10020	10019	10218	1	199	3	93
25001	151	10025	10022	10220	3	198	4	93
25001	152	10025	10023	10222	2	199	3	93
25001	153	10020	10020	10217	0	197	3	93
25001	154	10026	10025	10222	1	197	3	93
25001	155	10021	10019	10216	2	197	3	93
25001	156	10027	10025	10222	2	197	3	93
25001	157	10021	10019	10218	2	199	3	93
25001	158	10026	10025	10224	1	199	3	93
25001	159	10020	10019	10218	1	199	3	93
25001	160	10026	10025	10222	1	197	3	93
25001	161	10021	10018	10218	3	200	4	93
25001	162	10022	10020	10218	2	198	4	93
25001	163	10027	10024	10224	3	200	4	93
25001	164	10020	10020	10217	0	197	3	93
25001	165	10027	10025	10225	2	200	3	93
25001	166	10021	10019	10220	2	201	3	93
25001	167	10026	10025	10224	1	199	3	93
25001	168	10020	10019	10218	1	199	3	93
25001	169	10026	10025	10224	1	199	3	93
25001	170	10020	10019	10218	1	199	3	93
25001	171	10026	10025	10223	1	198	4	93
25001	172	10022	10021	10220	1	199	3	93
25001	173	10020	10018	10218	2	200	4	93
25001	174	10027	10026	10223	1	197	3	93
25001	175	10021	10019	10218	2	199	3	93
25001	176	10026	10026	10223	0	197	3	93
25001	177	10021	10019	10218	2	199	3	93
25001	178	10026	10026	10223	0	197	3	93
25001	179	10020	10019	10218	1	199	3	93
25001	180	10026	10025	10227	1	202	4	93
25001	181	10020	10019	10217	1	198	4	93
25001	182	10026	10023	10223	3	200	4	93
25001	183	10023	10022	10220	1	198	4	93
25001	184	10020	10018	10218	2	200	4	93
25001	185	10026	10024	10222	2	198	4	93
25001	186	10020	10020	10217	0	197	3	93
25001	187	10026	10025	10224	1	199	3	93
25001	188	10020	10019	10218	1	199	3	93
25001	189	10026	10025	10224	1	199	3	93
25001	190	10020	10019	10216	1	197	3	93
25001	191	10026	10025	10224	1	199	3	93
25001	192	10020	10020	10217	0	197	3	93
25001	193	10024	10022	10222	2	200	4	93
25001	194	10025	10023	10223	2	200	4	93
25001	195	10020	10019	10217	1	198	4	93
25001	196	10026	10025	10224	1	199	3	93
25001	197	10020	10020	10217	0	197	3	93
25001	198	10027	10025	10224	2	199	3	93
25001	199	10021	10019	10220	2	201	3	93
25001	200	10026	10025	10224	1	199	3	93
25001	201	10021	10020	10217	1	197	3	93
25001	202	10027	10025	10224	2	199	3	93
25001	203	10021	10019	10219	2	200	4	93
25001	204	10021	10019	10219	2	200	4	93
25001	205	10026	10026	10223	0	197	3	93
25001	206	10021	10019	10218	2	199	3	93
25001	207	10026	10026	10223	0	197	3	93
25001	208	10020	10019	10218	1	199	3	93
25001	209	10026	10024	10224	2	200	4	93
25001	210	10020	10019	10217	1	198	4	93
25001	211	10027	10025	10224	2	199	3	93
25001	212	10020	10019	10218	1	199	3	93
25001	213	10026	10025	10224	1	199	3	93
25001	214	10020	10019	10218	1	199	3	93
25001	215	10024	10022	10222	2	200	4	93
25001	216	10025	10022	10222	3	200	4	93
25001	217	10020	10019	10218	1	199	3	93
25001	218	10027	10025	10224	2	199	3	93
25001	219	10020	10020	10217	0	197	3	93
25001	220	10026	10025	10224	1	199	3	93
25001	221	10020	10020	10217	0	197	3	93
25001	222	10087	10041	10283	46	242	12	111
25001	223	10020	10019	10217	1	198	3	93
25001	224	10026	10025	10224	1	199	3	93
25001	225	10020	10020	10217	0	197	3	93
25001	226	10025	10022	10222	3	200	4	93
25001	227	10023	10022	10220	1	198	4	93
25001	228	10021	10018	10218	3	200	4	93
25001	229	10026	10025	10222	1	197	3	93
25001	230	10021	10019	10218	2	199	3	93
25001	231	10027	10026	10223	1	197	3	93
25001	232	10021	10019	10218	2	199	3	93
25001	233	10026	10026	10223	0	197	3	93
25001	234	10021	10019	10218	2	199	3	93
25001	235	10027	10025	10226	2	201	3	93
25001	236	10021	10019	10218	2	199	3	93
25001	237	10027	10024	10223	3	199	4	93
25001	238	10022	10020	10220	2	200	4	93
25001	239	10020	10020	10217	0	197	3	93
25001	240	10027	10024	10224	3	200	4	93
25001	241	10020	10019	10218	1	199	3	93
25001	242	10026	10026	10223	0	197	3	93
25001	243	10020	10020	10217	0	197	3	93
25001	244	10026	10025	10224	1	199	3	93
25001	245	10020	10018	10218	2	200	4	93
25001	246	10027	10024	10222	3	198	4	93
25001	247	10020	10019	10216	1	197	3	93
25001	248	10027	10025	10224	2	199	3	93
25001	249	10021	10020	10219	1	199	3	93
25001	250	10022	10020	10218	2	198	3	93
25001	251	10026	10024	10224	2	200	4	93
25001	252	10020	10018	10218	2	200	4	93
25001	253	10027	10025	10224	2	199	3	93
25001	254	10021	10019	10219	2	200	4	93
25001	255	10027	10025	10225	2	200	3	93
25001	256	10021	10019	10216	2	197	3	93
25001	257	10026	10025	10223	1	198	4	93
25001	258	10020	10018	10218	2	200	4	93
25001	259	10026	10026	10223	0	197	3	93
25001	260	10021	10019	10218	2	199	3	93
25001	261	10025	10023	10222	2	199	3	93
25001	262	10025	10023	10222	2	199	3	93
25001	263	10020	10019	10218	1	199	3	93
25001	264	10026	10025	10224	1	199	3	93
25001	265	10020	10020	10217	0	197	3	93
25001	266	10026	10025	10224	1	199	3	93
25001	267	10020	10019	10218	1	199	3	93
25001	268	10026	10025	10224	1	199	3	93
25001	269	10021	10018	10220	3	202	4	93
25001	270	10026	10024	10224	2	200	4	93
25001	271	10021	10019	10216	2	197	3	93
25001	272	10025	10024	10223	1	199	3	93
25001	273	10023	10023	10220	0	197	3	93
25001	274	10020	10020	10217	0	197	3	93
25001	275	10026	10026	10223	0	197	3	93
25001	276	10020	10018	10218	2	200	4	93
25001	277	10026	10025	10224	1	199	3	93
25001	278	10020	10020	10217	0	197	3	93
25001	279	10027	10025	10226	2	201	3	93
25001	280	10021	10019	10218	2	199	3	93
25001	281	10026	10026	10223	0	197	3	93
25001	282	10020	10018	10216	2	198	4	93
25001	283	10025	10024	10223	1	199	3	93
25001	284	10024	10023	10220	1	197	3	93
25001	285	10020	10019	10218	1	199	3	93
25001	286	10026	10025	10222	1	197	3	93
25001	287	10020	10019	10218	1	199	3	93
25001	288	10026	10024	10224	2	200	4	93
25001	289	10020	10019	10218	1	199	3	93
25001	290	10027	10025	10222	2	197	3	93
25001	291	10021	10019	10216	2	197	3	93
25001	292	10026	10026	10223	0	197	3	93
25001	293	10020	10020	10217	0	197	3	93
25001	294	10026	10023	10221	3	198	4	93
25001	295	10023	10023	10220	0	197	3	93
25001	296	10021	10019	10217	2	198	3	93
25001	297	10027	10024	10224	3	200	4	93
25001	298	10020	10019	10217	1	198	4	93
25001	299	10026	10026	10223	0	197	3	93
25001	300	10020	10018	10218	2	200	4	93
25001	301	10026	10025	10224	1	199	3	93
25001	302	10020	10020	10217	0	197	3	93
25001	303	10026	10026	10223	0	197	3	93
25001	304	10020	10019	10217	1	198	4	93
25001	305	10026	10025	10222	1	197	3	93
25001	306	10023	10021	10218	2	197	3	93
25001	307	10021	10019	10218	2	199	3	93
25001	308	10026	10026	10223	0	197	3	93
25001	309	10023	10018	10220	5	202	5	93
25001	310	10026	10025	10223	1	198	4	93
25001	311	10021	10019	10216	2	197	3	93
25001	312	10026	10025	10224	1	199	3	93
25001	313	10020	10020	10217	0	197	3	93
25001	314	10026	10026	10223	0	197	3	93
25001	315	10020	10018	10216	2	198	4	93
25001	316	10026	10023	10223	3	200	4	93
25001	317	10024	10022	10221	2	199	3	93
25001	318	10020	10019	10218	1	199	3	93
25001	319	10026	10025	10224	1	199	3	93
25001	320	10020	10020	10217	0	197	3	93
25001	321	10026	10024	10224	2	200	4	93
25001	322	10021	10018	10220	3	202	4	93
25001	323	10027	10025	10226	2	201	3	93
25001	324	10020	10020	10217	0	197	3	93
25001	325	10026	10025	10222	1	197	3	93
25001	326	10021	10019	10218	2	199	3	93
25001	327	10025	10025	10222	0	197	3	93
25001	328	10023	10022	10220	1	198	4	93
25001	329	10020	10019	10218	1	199	3	93
25001	330	10026	10025	10224	1	199	3	93
25001	331	10021	10019	10216	2	197	3	93
25001	332	10026	10025	10224	1	199	3	93
25001	333	10020	10018	10216	2	198	4	93
25001	334	10026	10025	10223	1	198	4	93
25001	335	10020	10018	10215	2	197	3	93
25001	336	10026	10025	10224	1	199	3	93
25001	337	10021	10019	10220	2	201	3	93
25001	338	10026	10025	10222	1	197	3	93
25001	339	10024	10022	10219	2	197	3	93
25001	340	10020	10018	10218	2	200	4	93
25001	341	10026	10025	10224	1	199	3	93
25001	342	10021	10019	10218	2	199	3	93
25001	343	10027	10025	10224	2	199	3	93
25001	344	10020	10019	10218	1	199	3	93
25001	345	10026	10025	10223	1	198	4	93
25001	346	10020	10018	10218	2	200	4	93
25001	347	10026	10025	10224	1	199	3	93
25001	348	10020	10020	10217	0	197	3	93
25001	349	10026	10024	10223	2	199	3	93
25001	350	10023	10022	10221	1	199	3	93
25001	351	10020	10019	10218	1	199	3	93
25001	352	10026	10025	10223	1	198	4	93
25001	353	10021	10020	10217	1	197	3	93
25001	354	10027	10025	10222	2	197	3	93
25001	355	10021	10019	10216	2	197	3	93
25001	356	10026	10025	10224	1	199	3	93
25001	357	10021	10019	10217	2	198	4	93
25001	358	10026	10025	10223	1	198	4	93
25001	359	10020	10019	10218	1	199	3	93
25001	360	10026	10025	10224	1	199	3	93
25001	361	10023	10021	10220	2	199	3	93
25001	362	10021	10019	10218	2	199	3	93
25001	363	10026	10025	10224	1	199	3	93
25001	364	10020	10018	10219	2	201	5	93
25001	365	10026	10025	10224	1	199	3	93
25001	366	10020	10019	10216	1	197	3	93
25001	367	10026	10025	10224	1	199	3	93
25001	368	10021	10019	10218	2	199	3	93
25001	369	10027	10025	10222	2	197	3	93
25001	370	10020	10018	10218	2	200	4	93
25001	371	10023	10023	10220	0	197	3	93
25001	372	10025	10023	10221	2	198	4	93
25001	373	10020	10018	10218	2	200	4	93
25001	374	10026	10026	10223	0	197	3	93
25001	375	10021	10019	10218	2	199	3	93
25001	376	10026	10026	10223	0	197	3	93
25001	377	10021	10019	10218	2	199	3	93
25001	378	10026	10025	10224	1	199	3	93
25001	379	10020	10018	10218	2	200	4	93
25001	380	10026	10025	10224	1	199	3	93
25001	381	10020	10019	10217	1	198	4	93
25001	382	10022	10020	10218	2	198	4	93
25001	383	10026	10024	10224	2	200	4	93
25001	384	10021	10019	10216	2	197	3	93
25001	385	10027	10025	10224	2	199	3	93
25001	386	10020	10020	10217	0	197	3	93
25001	387	10026	10026	10223	0	197	3	93
25001	388	10020	10019	10218	1	199	3	93
25001	389	10026	10025	10224	1	199	3	93
25001	390	10020	10019	10218	1	199	3	93
25001	391	10027	10025	10222	2	197	3	93
25001	392	10021	10019	10217	2	198	4	93
25001	393	10021	10019	10219	2	200	4	93
25001	394	10026	10025	10224	1	199	3	93
25001	395	10021	10018	10218	3	200	4	93
25001	396	10027	10025	10226	2	201	3	93
25001	397	10020	10019	10218	1	199	3	93
25001	398	10027	10025	10224	2	199	3	93
25001	399	10020	10018	10219	2	201	3	93
25001	400	10026	10025	10224	1	199	3	93
25001	401	10020	10019	10218	1	199	3	93
25001	402	10026	10026	10223	0	197	3	93
25001	403	10020	10018	10218	2	200	4	93
25001	404	10026	10026	10223	0	197	3	93
25001	405	10021	10019	10219	2	200	4	93
25001	406	10022	10020	10219	2	199	3	93
25001	407	10027	10025	10224	2	199	3	93
25001	408	10020	10019	10218	1	199	3	93
25001	409	10026	10025	10224	1	199	3	93
25001	410	10020	10019	10218	1	199	3	93
25001	411	10027	10025	10222	2	197	3	93
25001	412	10020	10020	10217	0	197	3	93
25001	413	10027	10025	10224	2	199	3	93
25001	414	10020	10018	10218	2	200	4	93
25001	415	10027	10024	10224	3	200	4	93
25001	416	10020	10018	10218	2	200	4	93
25001	417	10026	10025	10227	1	202	4	93
25001	418	10020	10019	10216	1	197	3	93
25001	419	10024	10023	10221	1	198	3	93
25001	420	10024	10023	10222	1	199	3	93
25001	421	10020	10019	10218	1	199	3	93
25001	422	10026	10025	10224	1	199	3	93
25001	423	10020	10019	10218	1	199	3	93
25001	424	10027	10025	10223	2	198	3	93
25001	425	10020	10018	10218	2	200	4	93
25001	426	10026	10024	10224	2	200	4	93
25001	427	10020	10019	10216	1	197	3	93
25001	428	10026	10025	10223	1	198	4	93
25001	429	10020	10019	10216	1	197	3	93
25001	430	10027	10025	10224	2	199	3	93
25001	431	10021	10019	10220	2	201	3	93
25001	432	10025	10024	10223	1	199	3	93
25001	433	10024	10021	10221	3	200	4	93
25001	434	10020	10020	10217	0	197	3	93
25001	435	10026	10025	10224	1	199	3	93
25001	436	10020	10018	10218	2	200	4	93
25001	437	10027	10024	10224	3	200	4	93
25001	438	10020	10019	10216	1	197	3	93
25001	439	10026	10025	10224	1	199	3	93
25001	440	10020	10020	10217	0	197	3	93
25001	441	10027	10025	10226	2	201	3	93
25001	442	10020	10019	10218	1	199	3	93
25001	443	10026	10026	10223	0	197	3	93
25001	444	10020	10018	10218	2	200	4	93
25001	445	10026	10025	10224	1	199	3	93
25001	446	10020	10019	10218	1	199	3	93
25001	447	10023	10020	10222	3	202	4	93
25001	448	10026	10024	10224	2	200	4	93
25001	449	10021	10019	10216	2	197	3	93
25001	450	10027	10025	10224	2	199	3	93
25001	451	10020	10019	10218	1	199	3	93
25001	452	10026	10026	10223	0	197	3	93
25001	453	10020	10018	10218	2	200	4	93
25001	454	10026	10025	10224	1	199	3	93
25001	455	10020	10020	10217	0	197	3	93
25001	456	10026	10025	10224	1	199	3	93
25001	457	10020	10019	10216	1	197	3	93
25001	458	10026	10024	10224	2	200	4	93
25001	459	10021	10019	10216	2	197	3	93
25001	460	10027	10024	10226	3	202	4	93
25001	461	10023	10021	10220	2	199	3	93
25001	462	10021	10019	10218	2	199	3	93
25001	463	10026	10026	10223	0	197	3	93
25001	464	10020	10019	10218	1	199	3	93
25001	465	10026	10025	10224	1	199	3	93
25001	466	10020	10019	10216	1	197	3	93
25001	467	10027	10025	10222	2	197	3	93
25001	468	10022	10020	10220	2	200	4	93
25001	469	10030	10025	10229	5	204	5	93
25001	470	10021	10019	10219	2	200	4	93
25001	471	10026	10025	10222	1	197	3	93
25001	472	10020	10019	10216	1	197	3	93
25001	473	10027	10026	10223	1	197	3	93
25001	474	10021	10020	10219	1	199	3	93
25001	475	10021	10021	10218	0	197	3	93
25001	476	10027	10025	10224	2	199	3	93
25001	477	10020	10019	10216	1	197	3	93
25001	478	10027	10025	10224	2	199	3	93
25001	479	10020	10019	10218	1	199	3	93
25001	480	10026	10024	10224	2	200	4	93
25001	481	10020	10019	10217	1	198	4	93
25001	482	10026	10026	10223	0	197	3	93
25001	483	10020	10018	10216	2	198	4	93
25001	484	10027	10026	10223	1	197	3	93
25001	485	10021	10019	10218	2	199	3	93
25001	486	10026	10026	10223	0	197	3	93
25001	487	10021	10019	10218	2	199	3	93
25001	488	10025	10023	10222	2	199	3	93
25001	489	10026	10024	10224	2	200	4	93
25001	490	10020	10020	10217	0	197	3	93
25001	491	10026	10024	10222	2	198	4	93
25001	492	10020	10018	10218	2	200	4	93
25001	493	10027	10026	10223	1	197	3	93
25001	494	10020	10019	10218	1	199	3	93
25001	495	10026	10026	10223	0	197	3	93
25001	496	10020	10019	10218	1	199	3	93
25001	497	10027	10025	10224	2	199	3	93
25001	498	10020	10018	10218	2	200	4	93
25001	499	10026	10026	10223	0	197	3	93
25001	500	10021	10019	10217	2	198	3	93
25001	501	10026	10026	10223	0	197	3	93
25001	502	10020	10019	10216	1	197	3	93
25001	503	10026	10025	10223	1	198	4	93
25001	504	10020	10018	10218	2	200	4	93
25001	505	10027	10024	10224	3	200	4	93
25001	506	10022	10021	10220	1	199	3	93
25001	507	10022	10022	10219	0	197	3	93
25001	508	10026	10025	10222	1	197	3	93
25001	509	10020	10019	10218	1	199	3	93
25001	510	10027	10025	10224	2	199	3	93
25001	511	10021	10019	10216	2	197	3	93
25001	512	10026	10026	10223	0	197	3	93
25001	513	10020	10019	10218	1	199	3	93
25001	514	10026	10024	10222	2	198	4	93
25001	515	10020	10019	10217	1	198	4	93
25001	516	10027	10025	10224	2	199	3	93
25001	517	10020	10020	10217	0	197	3	93
25001	518	10026	10026	10223	0	197	3	93
25001	519	10020	10019	10216	1	197	3	93
25001	520	10026	10025	10224	1	199	3	93
25001	521	10020	10019	10218	1	199	3	93
25001	522	10027	10025	10224	2	199	3	93
25001	523	10020	10019	10216	1	197	3	93
25001	524	10026	10025	10224	1	199	3	93
25001	525	10021	10020	10219	1	199	3	93
25001	526	10022	10021	10219	1	198	4	93
25001	527	10026	10024	10225	2	201	3	93
25001	528	10020	10018	10216	2	198	4	93
25001	529	10026	10026	10223	0	197	3	93
25001	530	10021	10019	10216	2	197	3	93
25001	531	10026	10024	10223	2	199	4	93
25001	532	10020	10018	10218	2	200	4	93
25001	533	10026	10026	10223	0	197	3	93
25001	534	10019	10019	10216	0	197	3	93
25001	535	10026	10025	10224	1	199	3	93
25001	536	10021	10018	10218	3	200	4	93
25001	537	10026	10025	10223	1	198	4	93
25001	538	10020	10018	10218	2	200	4	93
25001	539	10026	10025	10224	1	199	3	93
25001	540	10020	10019	10216	1	197	3	93
25001	541	10026	10026	10223	0	197	3	93
25001	542	10020	10020	10217	0	197	3	93
25001	543	10026	10025	10223	1	198	3	93
25001	544	10022	10021	10218	1	197	3	93
25001	545	10022	10021	10220	1	199	3	93
25001	546	10026	10026	10223	0	197	3	93
25001	547	10020	10020	10217	0	197	3	93
25001	548	10026	10025	10223	1	198	4	93
25001	549	10020	10018	10218	2	200	4	93
25001	550	10026	10026	10223	0	197	3	93
25001	551	10020	10020	10217	0	197	3	93
25001	552	10026	10025	10224	1	199	3	93
25001	553	10020	10019	10218	1	199	3	93
25001	554	10026	10026	10223	0	197	3	93
25001	555	10020	10019	10218	1	199	3	93
25001	556	10026	10025	10224	1	199	3	93
25001	557	10020	10018	10218	2	200	4	93
25001	558	10027	10025	10224	2	199	3	93
25001	559	10020	10019	10218	1	199	3	93
25001	560	10026	10025	10224	1	199	3	93
25001	561	10138	10022	10333	116	311	4	94
25001	562	10025	10024	10223	1	199	3	93
25001	563	10024	10022	10223	2	201	3	93
25001	564	10138	10021	10335	117	314	4	94
25001	565	10027	10025	10224	2	199	3	93
25001	566	10021	10019	10216	2	197	3	93
25001	567	10026	10024	10222	2	198	4	93
25001	568	10020	10019	10218	1	199	3	93
25001	569	10027	10025	10225	2	200	3	93
25001	570	10021	10019	10218	2	199	3	93
25001	571	10026	10024	10224	2	200	4	93
25001	572	10020	10018	10218	2	200	4	93
25001	573	10027	10025	10224	2	199	3	93
25001	574	10020	10019	10218	1	199	3	93
25001	575	10026	10025	10224	1	199	3	93
25001	576	10020	10018	10216	2	198	4	93
25001	577	10026	10025	10224	1	199	3	93
25001	578	10020	10018	10218	2	200	4	93
25001	579	10026	10025	10222	1	197	3	93
25001	580	10022	10021	10220	1	199	3	93
25001	581	10022	10019	10221	3	202	4	93
25001	582	10027	10024	10224	3	200	4	93
25001	583	10020	10018	10216	2	198	4	93
25001	584	10026	10025	10223	1	198	4	93
25001	585	10020	10020	10217	0	197	3	93
25001	586	10026	10025	10224	1	199	3	93
25001	587	10020	10020	10217	0	197	3	93
25001	588	10026	10024	10224	2	200	4	93
25001	589	10020	10019	10216	1	197	3	93
25001	590	10026	10025	10224	1	199	3	93
25001	591	10020	10019	10218	1	199	3	93
25001	592	10026	10025	10224	1	199	3	93
25001	593	10020	10019	10218	1	199	3	93
25001	594	10026	10026	10223	0	197	3	93
25001	595	10020	10020	10217	0	197	3	93
25001	596	10026	10025	10223	1	198	4	93
25001	597	10021	10021	10218	0	197	3	93
25001	598	10023	10022	10222	1	200	4	93
25001	599	10025	10025	10222	0	197	3	93
25001	600	10020	10019	10218	1	199	3	93
25001	601	10026	10025	10223	1	198	4	93
25001	602	10020	10018	10218	2	200	4	93
25001	603	10026	10026	10223	0	197	3	93
25001	604	10020	10019	10218	1	199	3	93
25001	605	10026	10026	10223	0	197	3	93
25001	606	10021	10018	10216	3	198	4	93
25001	607	10026	10025	10224	1	199	3	93
25001	608	10020	10018	10218	2	200	4	93
25001	609	10026	10025	10224	1	199	3	93
25001	610	10020	10019	10216	1	197	3	93
25001	611	10026	10025	10224	1	199	3	93
25001	612	10020	10018	10216	2	198	4	93
25001	613	10027	10025	10224	2	199	3	93
25001	614	10020	10019	10218	1	199	3	93
25001	615	10025	10024	10221	1	197	3	93
25001	616	10023	10022	10221	1	199	3	93
25001	617	10020	10018	10221	2	203	5	93
25001	618	10026	10025	10223	1	198	4	93
25001	619	10020	10019	10218	1	199	3	93
25001	620	10026	10025	10224	1	199	3	93
25001	621	10021	10019	10218	2	199	3	93
25001	622	10026	10026	10223	0	197	3	93
25001	623	10021	10018	10218	3	200	4	93
25001	624	10027	10025	10224	2	199	3	93
25001	625	10020	10018	10216	2	198	4	93
25001	626	10026	10025	10222	1	197	3	93
25001	627	10020	10019	10218	1	199	3	93
25001	628	10027	10024	10222	3	198	4	93
25001	629	10020	10018	10216	2	198	4	93
25001	630	10027	10025	10224	2	199	3	93
25001	631	10020	10019	10218	1	199	3	93
25001	632	10025	10024	10221	1	197	3	93
25001	633	10024	10022	10222	2	200	4	93
25001	634	10021	10019	10218	2	199	3	93
25001	635	10026	10024	10224	2	200	4	93
25001	636	10020	10019	10219	1	200	4	93
25001	637	10026	10026	10223	0	197	3	93
25001	638	10020	10019	10216	1	197	3	93
25001	639	10026	10026	10223	0	197	3	93
25001	640	10020	10018	10216	2	198	4	93
25001	641	10026	10025	10223	1	198	4	93
25001	642	10020	10019	10218	1	199	3	93
25001	643	10026	10026	10223	0	197	3	93
25001	644	10020	10019	10216	1	197	3	93
25001	645	10026	10025	10224	1	199	3	93
25001	646	10020	10019	10218	1	199	3	93
25001	647	10026	10024	10224	2	200	4	93
25001	648	10020	10019	10216	1	197	3	93
25001	649	10026	10025	10223	1	198	4	93
25001	650	10020	10019	10218	1	199	3	93
25001	651	10027	10025	10222	2	197	3	93
25001	652	10020	10019	10216	1	197	3	93
25001	653	10026	10026	10223	0	197	3	93
25001	654	10021	10019	10216	2	197	3	93
25001	655	10025	10025	10222	0	197	3	93
25001	656	10022	10022	10219	0	197	3	93
25001	657	10022	10021	10220	1	199	3	93
25001	658	10027	10024	10224	3	200	4	93
25001	659	10020	10019	10218	1	199	3	93
25001	660	10026	10025	10224	1	199	3	93
25001	661	10020	10019	10216	1	197	3	93
25001	662	10027	10026	10223	1	197	3	93
25001	663	10020	10018	10216	2	198	4	93
25001	664	10026	10026	10223	0	197	3	93
25001	665	10020	10019	10216	1	197	3	93
25001	666	10026	10025	10224	1	199	3	93
25001	667	10020	10018	10218	2	200	4	93
25001	668	10026	10026	10223	0	197	3	93
25001	669	10020	10018	10218	2	200	4	93
25001	670	10026	10025	10224	1	199	3	93
25001	671	10020	10019	10216	1	197	3	93
25001	672	10026	10026	10223	0	197	3	93
25001	673	10020	10019	10219	1	200	4	93
25001	674	10026	10026	10223	0	197	3	93
25001	675	10020	10018	10218	2	200	4	93
25001	676	10027	10024	10222	3	198	4	93
25001	677	10020	10019	10218	1	199	3	93
25001	678	10027	10024	10222	3	198	4	93
25001	679	10022	10021	10218	1	197	3	93
25001	680	10024	10023	10220	1	197	3	93
25001	681	10025	10023	10224	2	201	3	93
25001	682	10020	10019	10217	1	198	4	93
25001	683	10027	10025	10222	2	197	3	93
25001	684	10020	10019	10218	1	199	3	93
25001	685	10026	10025	10222	1	197	3	93
25001	686	10020	10018	10216	2	198	4	93
25001	687	10026	10026	10223	0	197	3	93
25001	688	10020	10019	10218	1	199	3	93
25001	689	10027	10025	10224	2	199	3	93
25001	690	10020	10018	10218	2	200	4	93
25001	691	10026	10026	10223	0	197	3	93
25001	692	10021	10019	10216	2	197	3	93
25001	693	10026	10026	10223	0	197	3	93
25001	694	10020	10019	10218	1	199	3	93
25001	695	10026	10026	10223	0	197	3	93
25001	696	10020	10019	10218	1	199	3	93
25001	697	10026	10024	10224	2	200	4	93
25001	698	10020	10020	10217	0	197	3	93
25001	699	10027	10025	10224	2	199	3	93
25001	700	10020	10018	10219	2	201	3	93
25001	701	10026	10025	10222	1	197	3	93
25001	702	10021	10018	10218	3	200	4	93
25001	703	10024	10022	10222	2	200	4	93
25001	704	10025	10024	10221	1	197	3	93
25001	705	10020	10019	10217	1	198	4	93
25001	706	10026	10025	10224	1	199	3	93
25001	707	10020	10019	10218	1	199	3	93
25001	708	10026	10026	10223	0	197	3	93
25001	709	10020	10019	10218	1	199	3	93
25001	710	10026	10026	10223	0	197	3	93
25001	711	10020	10019	10218	1	199	3	93
25001	712	10026	10025	10224	1	199	3	93
25001	713	10020	10019	10216	1	197	3	93
25001	714	10026	10025	10223	1	198	4	93
25001	715	10021	10018	10218	3	200	4	93
25001	716	10027	10024	10223	3	199	3	93
25001	717	10020	10019	10216	1	197	3	93
25001	718	10026	10026	10223	0	197	3	93
25001	719	10021	10019	10216	2	197	3	93
25001	720	10026	10024	10224	2	200	4	93
25001	721	10020	10018	10216	2	198	4	93
25001	722	10026	10025	10224	1	199	3	93
25001	723	10020	10019	10218	1	199	3	93
25001	724	10026	10025	10222	1	197	3	93
25001	725	10024	10021	10219	3	198	4	93
25001	726	10022	10020	10220	2	200	4	93
25001	727	10027	10025	10224	2	199	3	93
25001	728	10020	10019	10218	1	199	3	93
25001	729	10027	10025	10224	2	199	3	93
25001	730	10020	10019	10216	1	197	3	93
25001	731	10027	10025	10224	2	199	3	93
25001	732	10020	10018	10217	2	199	4	93
25001	733	10026	10026	10223	0	197	3	93
25001	734	10020	10019	10217	1	198	3	93
25001	735	10026	10025	10223	1	198	4	93
25001	736	10020	10019	10218	1	199	3	93
25001	737	10027	10025	10222	2	197	3	93
25001	738	10020	10019	10218	1	199	3	93
25001	739	10026	10026	10223	0	197	3	93
25001	740	10020	10019	10218	1	199	3	93
25001	741	10026	10025	10222	1	197	3	93
25001	742	10020	10019	10216	1	197	3	93
25001	743	10026	10026	10223	0	197	3	93
25001	744	10022	10020	10219	2	199	3	93
25001	745	10023	10022	10221	1	199	3	93
25001	746	10026	10025	10224	1	199	3	93
25001	747	10020	10018	10219	2	201	5	93
25001	748	10027	10024	10224	3	200	4	93
25001	749	10020	10018	10218	2	200	4	93
25001	750	10026	10025	10223	1	198	4	93
25001	751	10020	10019	10216	1	197	3	93
25001	752	10026	10026	10223	0	197	3	93
25001	753	10020	10019	10218	1	199	3	93
25001	754	10026	10025	10224	1	199	3	93
25001	755	10021	10019	10218	2	199	3	93
25001	756	10026	10025	10224	1	199	3	93
25001	757	10019	10019	10216	0	197	3	93
25001	758	10026	10025	10224	1	199	3	93
25001	759	10020	10018	10218	2	200	4	93
25001	760	10027	10025	10224	2	199	3	93
25001	761	10020	10019	10216	1	197	3	93
25001	762	10026	10025	10222	1	197	3	93
25001	763	10022	10021	10220	1	199	3	93
25001	764	10022	10021	10218	1	197	3	93
25001	765	10026	10025	10222	1	197	3	93
25001	766	10020	10019	10218	1	199	3	93
25001	767	10026	10025	10222	1	197	3	93
25001	768	10021	10019	10218	2	199	3	93
25001	769	10027	10024	10222	3	198	4	93
25001	770	10020	10019	10216	1	197	3	93
25001	771	10026	10024	10222	2	198	4	93
25001	772	10020	10018	10216	2	198	4	93
25001	773	10027	10025	10224	2	199	3	93
25001	774	10020	10019	10218	1	199	3	93
25001	775	10026	10026	10223	0	197	3	93
25001	776	10020	10019	10218	1	199	3	93
25001	777	10026	10026	10223	0	197	3	93
25001	778	10021	10019	10216	2	197	3	93
25001	779	10026	10025	10224	1	199	3	93
25001	780	10021	10019	10218	2	199	3	93
25001	781	10025	10024	10223	1	199	3	93
25001	782	10023	10021	10221	2	200	4	93
25001	783	10021	10018	10218	3	200	4	93
25001	784	10027	10025	10224	2	199	3	93
25001	785	10021	10019	10218	2	199	3	93
25001	786	10027	10025	10224	2	199	3	93
25001	787	10020	10018	10217	2	199	3	93
25001	788	10026	10025	10224	1	199	3	93
25001	789	10021	10019	10218	2	199	3	93
25001	790	10026	10026	10223	0	197	3	93
25001	791	10020	10018	10218	2	200	4	93
25001	792	10027	10024	10224	3	200	4	93
25001	793	10020	10018	10216	2	198	4	93
25001	794	10026	10024	10224	2	200	4	93
25001	795	10021	10019	10218	2	199	3	93
25001	796	10026	10025	10224	1	199	3	93
25001	797	10020	10019	10217	1	198	3	93
25001	798	10026	10026	10223	0	197	3	93
25001	799	10021	10020	10219	1	199	3	93
25001	800	10023	10022	10221	1	199	3	93
25001	801	10026	10025	10222	1	197	3	93
25001	802	10020	10019	10218	1	199	3	93
25001	803	10026	10025	10224	1	199	3	93
25001	804	10021	10019	10216	2	197	3	93
25001	805	10027	10024	10224	3	200	4	93
25001	806	10020	10018	10218	2	200	4	93
25001	807	10027	10025	10224	2	199	3	93
25001	808	10020	10019	10218	1	199	3	93
25001	809	10026	10025	10224	1	199	3	93
25001	810	10020	10019	10218	1	199	3	93
25001	811	10026	10025	10224	1	199	3	93
25001	812	10021	10018	10216	3	198	4	93
25001	813	10026	10025	10222	1	197	3	93
25001	814	10020	10019	10217	1	198	3	93
25001	815	10026	10025	10223	1	198	4	93
25001	816	10021	10018	10216	3	198	4	93
25001	817	10025	10024	10222	1	198	4	93
25001	818	10022	10022	10219	0	197	3	93
25001	819	10021	10020	10219	1	199	3	93
25001	820	10026	10025	10227	1	202	4	93
25001	821	10020	10019	10218	1	199	3	93
25001	822	10027	10025	10224	2	199	3	93
25001	823	10021	10019	10216	2	197	3	93
25001	824	10026	10025	10224	1	199	3	93
25001	825	10022	10019	10219	3	200	4	93
25001	826	10027	10025	10224	2	199	3	93
25001	827	10020	10018	10218	2	200	4	93
25001	828	10027	10024	10224	3	200	4	93
25001	829	10020	10019	10218	1	199	3	93
25001	830	10027	10025	10224	2	199	3	93
25001	831	10020	10019	10218	1	199	3	93
25001	832	10026	10026	10223	0	197	3	93
25001	833	10019	10019	10216	0	197	3	93
25001	834	10026	10025	10224	1	199	3	93
25001	835	10020	10019	10218	1	199	3	93
25001	836	10027	10025	10224	2	199	3	93
25001	837	10020	10019	10217	1	198	3	93
25001	838	10026	10026	10223	0	197	3	93
25001	839	10019	10018	10216	1	198	4	93
25001	840	10026	10025	10223	1	198	4	93
25001	841	10020	10018	10218	2	200	4	93
25001	842	10026	10025	10224	1	199	3	93
25001	843	10020	10019	10216	1	197	3	93
25001	844	10026	10025	10224	1	199	3	93
25001	845	10020	10018	10215	2	197	3	93
25001	846	10026	10026	10223	0	197	3	93
25001	847	10020	10019	10216	1	197	3	93
25001	848	10026	10025	10224	1	199	3	93
25001	849	10019	10019	10216	0	197	3	93
25001	850	10026	10024	10224	2	200	4	93
25001	851	10020	10018	10218	2	200	4	93
25001	852	10026	10024	10224	2	200	4	93
25001	853	10019	10019	10216	0	197	3	93
25001	854	10026	10025	10224	1	199	3	93
25001	855	10020	10018	10217	2	199	3	93
25001	856	10026	10026	10223	0	197	3	93
25001	857	10020	10018	10217	2	199	3	93
25001	858	10026	10025	10224	1	199	3	93
25001	859	10020	10019	10216	1	197	3	93
25001	860	10026	10026	10223	0	197	3	93
25001	861	10019	10019	10216	0	197	3	93
25001	862	10026	10026	10223	0	197	3	93
25001	863	10020	10018	10216	2	198	4	93
25001	864	10026	10024	10224	2	200	4	93
25001	865	10019	10018	10216	1	198	4	93
25001	866	10027	10025	10224	2	199	3	93
25001	867	10020	10018	10215	2	197	3	93
25001	868	10027	10024	10222	3	198	4	93
25001	869	10020	10019	10216	1	197	3	93
25001	870	10026	10025	10224	1	199	3	93
25001	871	10020	10018	10217	2	199	3	93
25001	872	10026	10025	10222	1	197	3	93
25001	873	10020	10019	10216	1	197	3	93
25001	874	10026	10026	10223	0	197	3	93
25001	875	10020	10018	10219	2	201	3	93
25001	876	10027	10024	10224	3	200	4	93
25001	877	10020	10019	10218	1	199	3	93
25001	878	10027	10024	10223	3	199	4	93
25001	879	10019	10019	10216	0	197	3	93
25001	880	10026	10025	10224	1	199	3	93
25001	881	10020	10018	10217	2	199	3	93
25001	882	10026	10026	10223	0	197	3	93
25001	883	10019	10019	10216	0	197	3	93
25001	884	10026	10026	10223	0	197	3	93
25001	885	10020	10019	10216	1	197	3	93
25001	886	10027	10025	10224	2	199	3	93
25001	887	10019	10018	10216	1	198	4	93
25001	888	10026	10025	10223	1	198	4	93
25001	889	10020	10018	10216	2	198	4	93
25001	890	10026	10026	10223	0	197	3	93
25001	891	10019	10019	10216	0	197	3	93
25001	892	10026	10025	10224	1	199	3	93
25001	893	10020	10019	10216	1	197	3	93
25001	894	10026	10025	10225	1	200	4	93
25001	895	10020	10018	10219	2	201	3	93
25001	896	10026	10025	10224	1	199	3	93
25001	897	10020	10019	10216	1	197	3	93
25001	898	10026	10025	10224	1	199	3	93
25001	899	10020	10018	10216	2	198	4	93
25001	900	10026	10024	10224	2	200	4	93
25001	901	10020	10017	10217	3	200	4	93
25001	902	10026	10025	10224	1	199	3	93
25001	903	10020	10019	10216	1	197	3	93
25001	904	10026	10025	10222	1	197	3	93
25001	905	10020	10019	10217	1	198	3	93
25001	906	10026	10025	10224	1	199	3	93
25001	907	10019	10019	10216	0	197	3	93
25001	908	10026	10025	10224	1	199	3	93
25001	909	10020	10019	10216	1	197	3	93
25001	910	10026	10026	10223	0	197	3	93
25001	911	10020	10019	10216	1	197	3	93
25001	912	10026	10025	10224	1	199	3	93
25001	913	10019	10018	10216	1	198	4	93
25001	914	10027	10024	10223	3	199	4	93
25001	915	10020	10020	10217	0	197	3	93
25001	916	10027	10025	10224	2	199	3	93
25001	917	10020	10020	10217	0	197	3	93
25001	918	10026	10025	10222	1	197	3	93
25001	919	10021	10020	10217	1	197	3	93
25001	920	10027	10025	10222	2	197	3	93
25001	921	10022	10021	10220	1	199	3	93
25001	922	10026	10025	10222	1	197	3	93
25001	923	10022	10020	10220	2	200	4	93
25001	924	10026	10023	10221	3	198	4	93
25001	925	10023	10021	10221	2	200	4	93
25001	926	10024	10024	10221	0	197	3	93
25001	927	10024	10023	10222	1	199	3	93
25001	928	10023	10022	10219	1	197	3	93
25001	929	10025	10024	10223	1	199	3	93
25001	930	10023	10022	10221	1	199	3	93
25001	931	10025	10024	10223	1	199	3	93
25001	932	10024	10023	10221	1	198	4	93
25001	933	10025	10023	10222	2	199	3	93
25001	934	10025	10024	10223	1	199	3	93
25001	935	10023	10020	10220	3	200	4	93
25001	936	10025	10023	10221	2	198	4	93
25001	937	10024	10022	10223	2	201	3	93
25001	938	10026	10023	10225	3	202	4	93
25001	939	10022	10020	10221	2	201	3	93
25001	940	10027	10025	10224	2	199	3	93
25001	941	10021	10020	10217	1	197	3	93
25001	942	10026	10025	10224	1	199	3	93
25001	943	10021	10019	10219	2	200	4	93
25001	944	10027	10025	10224	2	199	3	93
25001	945	10020	10019	10216	1	197	3	93
25001	946	10026	10024	10222	2	198	4	93
25001	947	10020	10019	10216	1	197	3	93
25001	948	10026	10024	10224	2	200	4	93
25001	949	10020	10018	10216	2	198	4	93
25001	950	10026	10025	10225	1	200	4	93
25001	951	10020	10018	10219	2	201	3	93
25001	952	10026	10026	10223	0	197	3	93
25001	953	10020	10018	10218	2	200	3	93
25001	954	10026	10025	10224	1	199	3	93
25001	955	10020	10018	10219	2	201	3	93
25001	956	10026	10025	10222	1	197	3	93
25001	957	10020	10018	10219	2	201	3	93
25001	958	10026	10025	10224	1	199	3	93
25001	959	10020	10018	10219	2	201	3	93
25001	960	10026	10024	10224	2	200	4	93
25001	961	10020	10017	10215	3	198	4	93
25001	962	10026	10025	10224	1	199	3	93
25001	963	10020	10018	10218	2	200	4	93
25001	964	10026	10025	10224	1	199	3	93
25001	965	10020	10019	10216	1	197	3	93
25001	966	10026	10026	10223	0	197	3	93
25001	967	10020	10019	10216	1	197	3	93
25001	968	10026	10025	10224	1	199	3	93
25001	969	10020	10018	10218	2	200	4	93
25001	970	10026	10026	10223	0	197	3	93
25001	971	10019	10019	10216	0	197	3	93
25001	972	10026	10025	10224	1	199	3	93
25001	973	10020	10018	10219	2	201	3	93
25001	974	10026	10025	10223	1	198	4	93
25001	975	10020	10018	10217	2	199	3	93
25001	976	10027	10025	10223	2	198	3	93
25001	977	10020	10018	10219	2	201	3	93
25001	978	10026	10024	10224	2	200	4	93
25001	979	10020	10018	10219	2	201	3	93
25001	980	10027	10024	10224	3	200	4	93
25001	981	10019	10019	10216	0	197	3	93
25001	982	10026	10025	10224	1	199	3	93
25001	983	10020	10018	10219	2	201	3	93
25001	984	10026	10025	10224	1	199	3	93
25001	985	10020	10017	10217	3	200	4	93
25001	986	10026	10026	10223	0	197	3	93
25001	987	10019	10019	10218	0	199	3	93
25001	988	10026	10025	10224	1	199	3	93
25001	989	10020	10018	10219	2	201	3	93
25001	990	10027	10025	10223	2	198	3	93
25001	991	10020	10019	10216	1	197	3	93
25001	992	10026	10025	10222	1	197	3	93
25001	993	10020	10018	10219	2	201	3	93
25001	994	10026	10026	10223	0	197	3	93
25001	995	10020	10018	10218	2	200	4	93
25001	996	10026	10026	10223	0	197	3	93
25001	997	10020	10018	10219	2	201	3	93
25001	998	10027	10024	10222	3	198	4	93
25001	999	10019	10018	10216	1	198	4	93
25001	1000	10026	10025	10223	1	198	4	93
