RUNID	ITERNUM	METIME	PRTIME	TPRTIME	DIFF	TDIFF	NRPROCS	NPROCS
25081	1	14032	14029	14231	3	202	4	94
25081	2	14029	14027	14225	2	198	4	93
25081	3	14037	14035	14234	2	199	5	93
25081	4	14029	14027	14227	2	200	4	93
25081	5	14031	14029	14227	2	198	4	93
25081	6	14030	14030	14227	0	197	3	93
25081	7	14037	14036	14234	1	198	4	93
25081	8	14029	14028	14225	1	197	3	93
25081	9	14028	14028	14225	0	197	3	93
25081	10	14037	14035	14235	2	200	4	93
25081	11	14029	14028	14227	1	199	3	93
25081	12	14031	14027	14230	4	203	5	93
25081	13	14032	14029	14227	3	198	4	93
25081	14	14036	14034	14232	2	198	4	93
25081	15	14029	14029	14226	0	197	3	93
25081	16	14028	14028	14225	0	197	3	93
25081	17	14035	14034	14232	1	198	4	93
25081	18	14029	14028	14227	1	199	3	93
25081	19	14031	14029	14229	2	200	4	93
25081	20	14031	14031	14228	0	197	3	93
25081	21	14038	14036	14234	2	198	4	93
25081	22	14030	14027	14227	3	200	4	93
25081	23	14031	14028	14229	3	201	5	93
25081	24	14036	14034	14233	2	199	3	93
25081	25	14029	14028	14225	1	197	3	93
25081	26	14031	14029	14229	2	200	4	93
25081	27	14030	14028	14227	2	199	3	93
25081	28	14038	14035	14235	3	200	4	93
25081	29	14029	14028	14225	1	197	3	93
25081	30	14030	14029	14227	1	198	4	93
25081	31	14036	14034	14233	2	199	3	93
25081	32	14031	14028	14227	3	199	5	93
25081	33	14029	14028	14227	1	199	3	93
25081	34	14029	14027	14228	2	201	3	93
25081	35	14037	14035	14235	2	200	4	93
25081	36	14029	14027	14227	2	200	4	93
25081	37	14031	14029	14229	2	200	4	93
25081	38	14035	14034	14233	1	199	3	93
25081	39	14031	14029	14227	2	198	4	93
25081	40	14029	14027	14227	2	200	4	93
25081	41	14030	14028	14227	2	199	3	93
25081	42	14036	14034	14233	2	199	3	93
25081	43	14029	14028	14227	1	199	3	93
25081	44	14031	14029	14229	2	200	4	93
25081	45	14033	14032	14230	1	198	4	93
25081	46	14035	14033	14231	2	198	4	93
25081	47	14029	14028	14225	1	197	3	93
25081	48	14031	14029	14227	2	198	4	93
25081	49	14035	14034	14232	1	198	4	93
25081	50	14029	14028	14225	1	197	3	93
25081	51	14031	14029	14229	2	200	4	93
25081	52	14029	14027	14227	2	200	4	93
25081	53	14037	14035	14234	2	199	5	93
25081	54	14029	14028	14227	1	199	3	93
25081	55	14031	14029	14229	2	200	4	93
25081	56	14036	14034	14233	2	199	3	93
25081	57	14031	14029	14227	2	198	4	93
25081	58	14029	14028	14227	1	199	3	93
25081	59	14029	14028	14225	1	197	3	93
25081	60	14037	14035	14235	2	200	4	93
25081	61	14029	14027	14225	2	198	4	93
25081	62	14031	14028	14229	3	201	5	93
25081	63	14033	14031	14229	2	198	4	93
25081	64	14035	14033	14233	2	200	4	93
25081	65	14028	14028	14225	0	197	3	93
25081	66	14029	14028	14225	1	197	3	93
25081	67	14036	14034	14233	2	199	3	93
25081	68	14029	14027	14228	2	201	3	93
25081	69	14030	14029	14227	1	198	4	93
25081	70	14035	14034	14232	1	198	4	93
25081	71	14031	14027	14228	4	201	5	93
25081	72	14028	14027	14225	1	198	4	93
25081	73	14037	14035	14233	2	198	4	93
25081	74	14030	14029	14228	1	199	3	93
25081	75	14029	14028	14227	1	199	3	93
25081	76	14028	14027	14226	1	199	5	93
25081	77	14035	14034	14231	1	197	3	93
25081	78	14031	14028	14229	3	201	5	93
25081	79	14028	14028	14225	0	197	3	93
25081	80	14037	14035	14233	2	198	4	93
25081	81	14028	14027	14225	1	198	4	93
25081	82	14031	14029	14229	2	200	4	93
25081	83	14035	14034	14231	1	197	3	93
25081	84	14029	14028	14227	1	199	3	93
25081	85	14031	14028	14227	3	199	5	93
25081	86	14029	14028	14225	1	197	3	93
25081	87	14037	14035	14235	2	200	4	93
25081	88	14029	14028	14225	1	197	3	93
25081	89	14031	14028	14227	3	199	5	93
25081	90	14035	14035	14232	0	197	3	93
25081	91	14031	14029	14227	2	198	4	93
25081	92	14028	14028	14225	0	197	3	93
25081	93	14035	14033	14233	2	200	4	93
25081	94	14033	14031	14231	2	200	4	93
25081	95	14029	14027	14224	2	197	3	93
25081	96	14031	14029	14227	2	198	4	93
25081	97	14035	14033	14233	2	200	4	93
25081	98	14031	14028	14230	3	202	4	93
25081	99	14028	14028	14225	0	197	3	93
25081	100	14037	14036	14234	1	198	4	93
25081	101	14029	14027	14225	2	198	4	93
25081	102	14028	14027	14226	1	199	3	93
25081	103	14037	14035	14235	2	200	4	93
25081	104	14029	14027	14228	2	201	3	93
25081	105	14031	14029	14244	2	215	6	94
25081	106	14036	14034	14231	2	197	3	93
25081	107	14030	14028	14226	2	198	4	93
25081	108	14029	14027	14226	2	199	3	93
25081	109	14037	14035	14235	2	200	4	93
25081	110	14029	14029	14226	0	197	3	93
25081	111	14028	14027	14225	1	198	4	93
25081	112	14033	14032	14230	1	198	4	93
25081	113	14034	14032	14233	2	201	3	93
25081	114	14031	14027	14228	4	201	5	93
25081	115	14028	14028	14225	0	197	3	93
25081	116	14038	14035	14235	3	200	4	93
25081	117	14029	14027	14228	2	201	3	93
25081	118	14028	14027	14225	1	198	4	93
25081	119	14035	14034	14233	1	199	3	93
25081	120	14029	14027	14226	2	199	4	93
25081	121	14030	14029	14227	1	198	4	93
25081	122	14035	14033	14233	2	200	4	93
25081	123	14030	14028	14228	2	200	4	93
25081	124	14029	14027	14226	2	199	3	93
25081	125	14038	14035	14235	3	200	4	93
25081	126	14029	14027	14226	2	199	3	93
25081	127	14028	14027	14226	1	199	3	93
25081	128	14035	14033	14233	2	200	4	93
25081	129	14030	14030	14227	0	197	3	93
25081	130	14030	14028	14228	2	200	4	93
25081	131	14030	14028	14227	2	199	3	93
25081	132	14038	14034	14234	4	200	4	93
25081	133	14028	14027	14225	1	198	4	93
25081	134	14031	14028	14230	3	202	4	93
25081	135	14035	14034	14233	1	199	3	93
25081	136	14029	14027	14227	2	200	4	93
25081	137	14029	14026	14224	3	198	4	93
25081	138	14035	14033	14233	2	200	4	93
25081	139	14031	14029	14227	2	198	4	93
25081	140	14029	14028	14225	1	197	3	93
25081	141	14038	14035	14233	3	198	4	93
25081	142	14029	14026	14228	3	202	4	93
25081	143	14031	14029	14227	2	198	4	93
25081	144	14031	14029	14226	2	197	3	93
25081	145	14035	14034	14233	1	199	3	93
25081	146	14029	14027	14225	2	198	4	93
25081	147	14029	14028	14225	1	197	3	93
25081	148	14038	14035	14233	3	198	4	93
25081	149	14029	14027	14225	2	198	4	93
25081	150	14031	14028	14228	3	200	5	93
25081	151	14035	14034	14233	1	199	3	93
25081	152	14031	14029	14227	2	198	4	93
25081	153	14029	14027	14228	2	201	3	93
25081	154	14035	14034	14233	1	199	3	93
25081	155	14030	14030	14227	0	197	3	93
25081	156	14029	14028	14225	1	197	3	93
25081	157	14031	14028	14230	3	202	4	93
25081	158	14035	14033	14231	2	198	4	93
25081	159	14031	14027	14226	4	199	5	93
25081	160	14029	14027	14226	2	199	3	93
25081	161	14037	14035	14235	2	200	4	93
25081	162	14029	14027	14228	2	201	3	93
25081	163	14028	14027	14225	1	198	4	93
25081	164	14036	14034	14233	2	199	3	93
25081	165	14028	14028	14225	0	197	3	93
25081	166	14031	14028	14227	3	199	5	93
25081	167	14029	14028	14226	1	198	4	93
25081	168	14038	14035	14235	3	200	4	93
25081	169	14028	14028	14225	0	197	3	93
25081	170	14030	14028	14228	2	200	4	93
25081	171	14035	14034	14233	1	199	3	93
25081	172	14028	14027	14226	1	199	3	93
25081	173	14028	14027	14226	1	199	3	93
25081	174	14036	14034	14231	2	197	3	93
25081	175	14030	14028	14228	2	200	4	93
25081	176	14028	14026	14226	2	200	4	93
25081	177	14037	14034	14233	3	199	5	93
25081	178	14029	14026	14228	3	202	4	93
25081	179	14030	14029	14227	1	198	4	93
25081	180	14035	14034	14233	1	199	3	93
25081	181	14028	14028	14225	0	197	3	93
25081	182	14030	14028	14227	2	199	5	93
25081	183	14035	14034	14233	1	199	3	93
25081	184	14030	14028	14228	2	200	4	93
25081	185	14028	14027	14226	1	199	3	93
25081	186	14037	14034	14235	3	201	5	93
25081	187	14028	14028	14225	0	197	3	93
25081	188	14031	14028	14226	3	198	4	93
25081	189	14036	14034	14231	2	197	3	93
25081	190	14028	14027	14225	1	198	4	93
25081	191	14031	14028	14230	3	202	4	93
25081	192	14035	14034	14233	1	199	3	93
25081	193	14030	14028	14228	2	200	4	93
25081	194	14028	14027	14225	1	198	4	93
25081	195	14038	14035	14233	3	198	4	93
25081	196	14029	14027	14225	2	198	3	93
25081	197	14031	14028	14226	3	198	4	93
25081	198	14035	14034	14231	1	197	3	93
25081	199	14029	14027	14228	2	201	3	93
25081	200	14030	14028	14228	2	200	4	93
25081	201	14034	14033	14230	1	197	3	93
25081	202	14033	14030	14231	3	201	5	93
25081	203	14029	14028	14225	1	197	3	93
25081	204	14034	14032	14230	2	198	4	93
25081	205	14033	14031	14231	2	200	4	93
25081	206	14031	14027	14228	4	201	5	93
25081	207	14031	14030	14229	1	199	3	93
25081	208	14035	14033	14230	2	197	3	93
25081	209	14031	14028	14245	3	217	6	94
25081	210	14031	14029	14229	2	200	4	93
25081	211	14036	14034	14234	2	200	4	93
25081	212	14028	14028	14225	0	197	3	93
25081	213	14034	14030	14231	4	201	5	93
25081	214	14034	14031	14231	3	200	4	93
25081	215	14031	14028	14228	3	200	4	93
25081	216	14032	14031	14228	1	197	3	93
25081	217	14033	14032	14229	1	197	3	93
25081	218	14029	14027	14231	2	204	4	93
25081	219	14031	14031	14228	0	197	3	93
25081	220	14036	14034	14232	2	198	4	93
25081	221	14028	14027	14226	1	199	3	93
25081	222	14032	14029	14230	3	201	5	93
25081	223	14034	14033	14231	1	198	4	93
25081	224	14030	14027	14226	3	199	5	93
25081	225	14029	14029	14226	0	197	3	93
25081	226	14035	14034	14233	1	199	3	93
25081	227	14030	14029	14227	1	198	4	93
25081	228	14029	14027	14226	2	199	3	93
25081	229	14037	14035	14235	2	200	4	93
25081	230	14029	14027	14226	2	199	3	93
25081	231	14030	14028	14228	2	200	4	93
25081	232	14035	14033	14233	2	200	4	93
25081	233	14031	14027	14228	4	201	5	93
25081	234	14028	14026	14226	2	200	4	93
25081	235	14035	14034	14233	1	199	3	93
25081	236	14028	14028	14226	0	198	4	93
25081	237	14029	14027	14228	2	201	3	93
25081	238	14037	14035	14235	2	200	4	93
25081	239	14029	14027	14226	2	199	3	93
25081	240	14031	14028	14230	3	202	4	93
25081	241	14036	14034	14231	2	197	3	93
25081	242	14030	14027	14228	3	201	5	93
25081	243	14028	14026	14226	2	200	4	93
25081	244	14035	14034	14233	1	199	3	93
25081	245	14028	14028	14225	0	197	3	93
25081	246	14029	14027	14224	2	197	3	93
25081	247	14037	14035	14234	2	199	4	93
25081	248	14028	14027	14224	1	197	3	93
25081	249	14031	14028	14230	3	202	4	93
25081	250	14035	14034	14233	1	199	3	93
25081	251	14031	14028	14228	3	200	4	93
25081	252	14028	14027	14225	1	198	4	93
25081	253	14035	14033	14233	2	200	4	93
25081	254	14028	14027	14225	1	198	4	93
25081	255	14029	14027	14224	2	197	3	93
25081	256	14037	14035	14233	2	198	4	93
25081	257	14028	14028	14225	0	197	3	93
25081	258	14031	14028	14228	3	200	4	93
25081	259	14035	14034	14233	1	199	3	93
25081	260	14030	14028	14226	2	198	4	93
25081	261	14035	14034	14233	1	199	3	93
25081	262	14027	14027	14224	0	197	3	93
25081	263	14028	14026	14224	2	198	4	93
25081	264	14035	14033	14233	2	200	4	93
25081	265	14030	14026	14229	4	203	5	93
25081	266	14035	14035	14232	0	197	3	93
25081	267	14030	14028	14228	2	200	4	93
25081	268	14027	14027	14224	0	197	3	93
25081	269	14037	14036	14234	1	198	4	93
25081	270	14028	14027	14225	1	198	4	93
25081	271	14035	14034	14233	1	199	3	93
25081	272	14028	14026	14226	2	200	4	93
25081	273	14028	14026	14225	2	199	3	93
25081	274	14038	14035	14233	3	198	4	93
25081	275	14028	14027	14226	1	199	3	93
25081	276	14034	14031	14230	3	199	5	93
25081	277	14034	14031	14231	3	200	4	93
25081	278	14029	14027	14238	2	211	7	94
25081	279	14036	14034	14231	2	197	3	93
25081	280	14028	14027	14226	1	199	3	93
25081	281	14028	14027	14224	1	197	3	93
25081	282	14035	14034	14233	1	199	3	93
25081	283	14030	14028	14228	2	200	4	93
25081	284	14033	14032	14229	1	197	3	93
25081	285	14036	14033	14234	3	201	5	93
25081	286	14028	14026	14225	2	199	3	93
25081	287	14037	14034	14234	3	200	5	93
25081	288	14028	14026	14226	2	200	4	93
25081	289	14030	14029	14227	1	198	4	93
25081	290	14035	14035	14232	0	197	3	93
25081	291	14028	14027	14224	1	197	3	93
25081	292	14030	14028	14226	2	198	4	93
25081	293	14035	14034	14231	1	197	3	93
25081	294	14031	14028	14228	3	200	4	93
25081	295	14033	14031	14232	2	201	3	93
25081	296	14034	14033	14231	1	198	4	93
25081	297	14028	14027	14226	1	199	3	93
25081	298	14038	14034	14235	4	201	5	93
25081	299	14028	14026	14226	2	200	4	93
25081	300	14028	14027	14225	1	198	4	93
25081	301	14037	14035	14233	2	198	4	93
25081	302	14029	14027	14228	2	201	3	93
25081	303	14032	14029	14229	3	200	4	93
25081	304	14035	14035	14232	0	197	3	93
25081	305	14030	14029	14227	1	198	4	93
25081	306	14028	14027	14226	1	199	3	93
25081	307	14035	14034	14233	1	199	3	93
25081	308	14028	14026	14226	2	200	4	93
25081	309	14028	14026	14226	2	200	4	93
25081	310	14037	14035	14233	2	198	4	93
25081	311	14029	14027	14226	2	199	3	93
25081	312	14031	14029	14227	2	198	4	93
25081	313	14036	14034	14232	2	198	3	93
25081	314	14030	14029	14227	1	198	4	93
25081	315	14028	14027	14226	1	199	3	93
25081	316	14037	14035	14233	2	198	4	93
25081	317	14029	14027	14228	2	201	3	93
25081	318	14028	14026	14226	2	200	4	93
25081	319	14037	14035	14235	2	200	4	93
25081	320	14028	14028	14225	0	197	3	93
25081	321	14031	14028	14228	3	200	4	93
25081	322	14035	14033	14233	2	200	4	93
25081	323	14030	14028	14228	2	200	4	93
25081	324	14029	14027	14227	2	200	3	93
25081	325	14038	14035	14233	3	198	4	93
25081	326	14028	14026	14226	2	200	4	93
25081	327	14028	14027	14226	1	199	3	93
25081	328	14037	14035	14235	2	200	4	93
25081	329	14028	14028	14225	0	197	3	93
25081	330	14030	14026	14227	4	201	5	93
25081	331	14035	14034	14233	1	199	3	93
25081	332	14030	14028	14228	2	200	4	93
25081	333	14036	14034	14233	2	199	3	93
25081	334	14031	14028	14230	3	202	4	93
25081	335	14028	14027	14224	1	197	3	93
25081	336	14035	14035	14232	0	197	3	93
25081	337	14030	14028	14228	2	200	4	93
25081	338	14028	14026	14225	2	199	3	93
25081	339	14037	14035	14235	2	200	4	93
25081	340	14028	14026	14226	2	200	4	93
25081	341	14037	14034	14235	3	201	5	93
25081	342	14028	14026	14226	2	200	4	93
25081	343	14030	14028	14228	2	200	4	93
25081	344	14035	14034	14233	1	199	3	93
25081	345	14028	14027	14224	1	197	3	93
25081	346	14031	14028	14228	3	200	4	93
25081	347	14036	14034	14233	2	199	3	93
25081	348	14030	14028	14226	2	198	4	93
25081	349	14034	14032	14233	2	201	3	93
25081	350	14033	14032	14230	1	198	4	93
25081	351	14028	14025	14223	3	198	4	93
25081	352	14037	14034	14235	3	201	5	93
25081	353	14028	14027	14226	1	199	3	93
25081	354	14028	14028	14225	0	197	3	93
25081	355	14037	14035	14235	2	200	4	93
25081	356	14028	14027	14226	1	199	3	93
25081	357	14030	14028	14228	2	200	4	93
25081	358	14035	14034	14233	1	199	3	93
25081	359	14030	14028	14228	2	200	4	93
25081	360	14028	14027	14224	1	197	3	93
25081	361	14037	14035	14233	2	198	4	93
25081	362	14029	14026	14226	3	200	4	93
25081	363	14033	14030	14232	3	202	4	93
25081	364	14034	14032	14231	2	199	5	93
25081	365	14032	14030	14227	2	197	3	93
25081	366	14037	14036	14234	1	198	4	93
25081	367	14027	14024	14224	3	200	4	93
25081	368	14038	14035	14235	3	200	4	93
25081	369	14027	14026	14225	1	199	3	93
25081	370	14037	14035	14235	2	200	4	93
25081	371	14027	14024	14226	3	202	4	93
25081	372	14028	14027	14224	1	197	3	93
25081	373	14038	14035	14235	3	200	4	93
25081	374	14027	14025	14225	2	200	4	93
25081	375	14037	14035	14233	2	198	4	93
25081	376	14028	14026	14225	2	199	3	93
25081	377	14038	14035	14233	3	198	4	93
25081	378	14027	14026	14225	1	199	3	93
25081	379	14035	14034	14232	1	198	4	93
25081	380	14030	14030	14227	0	197	3	93
25081	381	14028	14027	14226	1	199	3	93
25081	382	14037	14034	14254	3	220	7	94
25081	383	14028	14027	14224	1	197	3	93
25081	384	14037	14035	14235	2	200	4	93
25081	385	14027	14027	14224	0	197	3	93
25081	386	14029	14028	14226	1	198	4	93
25081	387	14036	14033	14233	3	200	4	93
25081	388	14029	14026	14227	3	201	5	93
25081	389	14035	14033	14232	2	199	4	93
25081	390	14028	14026	14226	2	200	4	93
25081	391	14035	14032	14231	3	199	5	93
25081	392	14032	14031	14228	1	197	3	93
25081	393	14030	14028	14228	2	200	4	93
25081	394	14035	14035	14232	0	197	3	93
25081	395	14030	14027	14225	3	198	4	93
25081	396	14031	14029	14230	2	201	3	93
25081	397	14033	14033	14233	0	200	4	93
25081	398	14027	14027	14224	0	197	3	93
25081	399	14035	14035	14232	0	197	3	93
25081	400	14030	14027	14228	3	201	5	93
25081	401	14028	14026	14226	2	200	4	93
25081	402	14037	14035	14234	2	199	5	93
25081	403	14029	14027	14228	2	201	3	93
25081	404	14036	14034	14234	2	200	4	93
25081	405	14031	14030	14229	1	199	3	93
25081	406	14030	14028	14228	2	200	4	93
25081	407	14035	14034	14233	1	199	3	93
25081	408	14028	14028	14225	0	197	3	93
25081	409	14030	14028	14228	2	200	4	93
25081	410	14035	14034	14233	1	199	3	93
25081	411	14030	14027	14226	3	199	5	93
25081	412	14028	14026	14226	2	200	4	93
25081	413	14037	14034	14233	3	199	5	93
25081	414	14028	14027	14224	1	197	3	93
25081	415	14032	14029	14228	3	199	5	93
25081	416	14036	14034	14233	2	199	3	93
25081	417	14028	14028	14225	0	197	3	93
25081	418	14036	14034	14232	2	198	4	93
25081	419	14031	14029	14227	2	198	4	93
25081	420	14030	14028	14228	2	200	4	93
25081	421	14035	14034	14231	1	197	3	93
25081	422	14030	14029	14227	1	198	4	93
25081	423	14028	14027	14225	1	198	4	93
25081	424	14037	14034	14233	3	199	5	93
25081	425	14028	14028	14225	0	197	3	93
25081	426	14028	14027	14226	1	199	3	93
25081	427	14037	14034	14235	3	201	5	93
25081	428	14029	14027	14228	2	201	3	93
25081	429	14031	14028	14228	3	200	4	93
25081	430	14035	14034	14233	1	199	3	93
25081	431	14030	14028	14227	2	199	5	93
25081	432	14029	14027	14226	2	199	3	93
25081	433	14035	14034	14235	1	201	3	93
25081	434	14028	14027	14226	1	199	3	93
25081	435	14028	14027	14225	1	198	4	93
25081	436	14037	14036	14234	1	198	4	93
25081	437	14030	14029	14227	1	198	3	93
25081	438	14030	14028	14226	2	198	4	93
25081	439	14035	14033	14233	2	200	4	93
25081	440	14030	14029	14227	1	198	4	93
25081	441	14028	14028	14225	0	197	3	93
25081	442	14037	14034	14235	3	201	5	93
25081	443	14028	14027	14225	1	198	4	93
25081	444	14028	14027	14225	1	198	4	93
25081	445	14037	14036	14234	1	198	4	93
25081	446	14028	14028	14225	0	197	3	93
25081	447	14031	14028	14230	3	202	4	93
25081	448	14034	14033	14232	1	199	3	93
25081	449	14035	14032	14234	3	202	4	93
25081	450	14029	14028	14227	1	199	3	93
25081	451	14029	14028	14237	1	209	5	94
25081	452	14035	14033	14233	2	200	4	93
25081	453	14029	14027	14227	2	200	4	93
25081	454	14030	14029	14227	1	198	4	93
25081	455	14035	14034	14231	1	197	3	93
25081	456	14032	14031	14229	1	198	4	93
25081	457	14029	14028	14225	1	197	3	93
25081	458	14031	14029	14229	2	200	4	93
25081	459	14036	14034	14233	2	199	3	93
25081	460	14029	14028	14229	1	201	4	93
25081	461	14029	14027	14224	2	197	3	93
25081	462	14035	14033	14233	2	200	4	93
25081	463	14031	14028	14229	3	201	5	93
25081	464	14029	14028	14227	1	199	3	93
25081	465	14032	14030	14230	2	200	4	93
25081	466	14035	14033	14233	2	200	4	93
25081	467	14031	14028	14229	3	201	5	93
25081	468	14029	14026	14228	3	202	4	93
25081	469	14035	14035	14232	0	197	3	93
25081	470	14029	14028	14227	1	199	3	93
25081	471	14029	14027	14225	2	198	4	93
25081	472	14037	14035	14235	2	200	4	93
25081	473	14031	14029	14228	2	199	3	93
25081	474	14031	14029	14229	2	200	4	93
25081	475	14029	14027	14228	2	201	3	93
25081	476	14037	14036	14234	1	198	4	93
25081	477	14029	14028	14226	1	198	3	93
25081	478	14029	14028	14227	1	199	3	93
25081	479	14035	14033	14233	2	200	4	93
25081	480	14029	14026	14226	3	200	4	93
25081	481	14031	14028	14229	3	201	5	93
25081	482	14031	14031	14228	0	197	3	93
25081	483	14036	14034	14233	2	199	5	93
25081	484	14029	14027	14225	2	198	4	93
25081	485	14031	14029	14227	2	198	4	93
25081	486	14035	14033	14233	2	200	4	93
25081	487	14029	14028	14225	1	197	3	93
25081	488	14029	14028	14225	1	197	3	93
25081	489	14035	14034	14233	1	199	3	93
25081	490	14031	14029	14229	2	200	4	93
25081	491	14029	14028	14225	1	197	3	93
25081	492	14031	14027	14230	4	203	5	93
25081	493	14035	14034	14233	1	199	3	93
25081	494	14031	14029	14229	2	200	4	93
25081	495	14028	14028	14225	0	197	3	93
25081	496	14035	14033	14231	2	198	4	93
25081	497	14029	14028	14225	1	197	3	93
25081	498	14029	14028	14227	1	199	3	93
25081	499	14037	14034	14235	3	201	5	93
25081	500	14030	14029	14228	1	199	3	93
25081	501	14031	14029	14229	2	200	4	93
25081	502	14029	14028	14227	1	199	3	93
25081	503	14037	14035	14235	2	200	4	93
25081	504	14029	14027	14227	2	200	4	93
25081	505	14029	14028	14225	1	197	3	93
25081	506	14031	14029	14231	2	202	4	93
25081	507	14035	14034	14233	1	199	3	93
25081	508	14031	14029	14229	2	200	4	93
25081	509	14028	14028	14225	0	197	3	93
25081	510	14037	14036	14234	1	198	4	93
25081	511	14029	14028	14225	1	197	3	93
25081	512	14031	14029	14229	2	200	4	93
25081	513	14029	14027	14226	2	199	4	93
25081	514	14036	14035	14232	1	197	3	93
25081	515	14029	14028	14227	1	199	4	93
25081	516	14029	14028	14227	1	199	3	93
25081	517	14037	14035	14234	2	199	5	93
25081	518	14029	14028	14225	1	197	3	93
25081	519	14032	14030	14228	2	198	4	93
25081	520	14029	14026	14241	3	215	6	94
25081	521	14037	14034	14235	3	201	5	93
25081	522	14028	14028	14225	0	197	3	93
25081	523	14029	14029	14226	0	197	3	93
25081	524	14036	14034	14236	2	202	4	93
25081	525	14028	14027	14225	1	198	4	93
25081	526	14031	14029	14229	2	200	4	93
25081	527	14029	14028	14225	1	197	3	93
25081	528	14037	14035	14233	2	198	4	93
25081	529	14029	14028	14225	1	197	3	93
25081	530	14031	14028	14229	3	201	5	93
25081	531	14036	14033	14235	3	202	4	93
25081	532	14029	14027	14226	2	199	3	93
25081	533	14031	14028	14230	3	202	4	93
25081	534	14030	14027	14227	3	200	4	93
25081	535	14038	14035	14237	3	202	4	93
25081	536	14029	14028	14227	1	199	3	93
25081	537	14031	14029	14229	2	200	4	93
25081	538	14035	14033	14233	2	200	4	93
25081	539	14031	14029	14227	2	198	4	93
25081	540	14029	14028	14227	1	199	3	93
25081	541	14031	14031	14228	0	197	3	93
25081	542	14036	14032	14235	4	203	5	93
25081	543	14029	14028	14227	1	199	3	93
25081	544	14031	14029	14227	2	198	4	93
25081	545	14035	14035	14232	0	197	3	93
25081	546	14031	14029	14229	2	200	4	93
25081	547	14029	14028	14227	1	199	3	93
25081	548	14038	14035	14233	3	198	4	93
25081	549	14030	14029	14226	1	197	3	93
25081	550	14029	14027	14227	2	200	4	93
25081	551	14031	14027	14228	4	201	5	93
25081	552	14036	14034	14235	2	201	3	93
25081	553	14031	14029	14229	2	200	4	93
25081	554	14029	14028	14225	1	197	3	93
25081	555	14037	14034	14233	3	199	5	93
25081	556	14029	14028	14227	1	199	3	93
25081	557	14031	14028	14229	3	201	5	93
25081	558	14029	14029	14226	0	197	3	93
25081	559	14035	14034	14232	1	198	4	93
25081	560	14031	14029	14227	2	198	4	93
25081	561	14029	14027	14227	2	200	4	93
25081	562	14037	14034	14235	3	201	5	93
25081	563	14029	14028	14225	1	197	3	93
25081	564	14031	14029	14229	2	200	4	93
25081	565	14033	14032	14231	1	199	3	93
25081	566	14035	14031	14234	4	203	5	93
25081	567	14029	14028	14225	1	197	3	93
25081	568	14029	14028	14225	1	197	3	93
25081	569	14035	14035	14232	0	197	3	93
25081	570	14029	14027	14225	2	198	4	93
25081	571	14030	14028	14227	2	199	5	93
25081	572	14035	14035	14232	0	197	3	93
25081	573	14031	14028	14228	3	200	4	93
25081	574	14029	14026	14226	3	200	4	93
25081	575	14031	14029	14227	2	198	4	93
25081	576	14035	14034	14233	1	199	3	93
25081	577	14029	14028	14227	1	199	3	93
25081	578	14146	14028	14342	118	314	4	94
25081	579	14035	14034	14233	1	199	3	93
25081	580	14031	14028	14230	3	202	4	93
25081	581	14029	14028	14225	1	197	3	93
25081	582	14035	14033	14231	2	198	4	93
25081	583	14032	14030	14229	2	199	5	93
25081	584	14030	14028	14227	2	199	5	93
25081	585	14028	14028	14225	0	197	3	93
25081	586	14037	14035	14235	2	200	4	93
25081	587	14029	14028	14225	1	197	3	93
25081	588	14029	14028	14227	1	199	3	93
25081	589	14031	14028	14228	3	200	4	93
25081	590	14030	14028	14228	2	200	3	93
25081	591	14038	14035	14235	3	200	4	93
25081	592	14028	14027	14225	1	198	4	93
25081	593	14029	14027	14225	2	198	4	93
25081	594	14037	14034	14235	3	201	5	93
25081	595	14029	14028	14225	1	197	3	93
25081	596	14031	14029	14227	2	198	4	93
25081	597	14035	14034	14233	1	199	3	93
25081	598	14033	14031	14229	2	198	4	93
25081	599	14029	14028	14225	1	197	3	93
25081	600	14031	14029	14227	2	198	4	93
25081	601	14035	14033	14233	2	200	4	93
25081	602	14029	14027	14227	2	200	4	93
25081	603	14031	14028	14230	3	202	4	93
25081	604	14035	14034	14233	1	199	3	93
25081	605	14031	14030	14228	1	198	4	93
25081	606	14029	14028	14225	1	197	3	93
25081	607	14032	14030	14229	2	199	5	93
25081	608	14035	14034	14233	1	199	3	93
25081	609	14031	14029	14227	2	198	4	93
25081	610	14029	14028	14227	1	199	3	93
25081	611	14036	14034	14232	2	198	4	93
25081	612	14031	14029	14229	2	200	4	93
25081	613	14029	14029	14226	0	197	3	93
25081	614	14032	14030	14230	2	200	4	93
25081	615	14035	14034	14233	1	199	3	93
25081	616	14031	14029	14229	2	200	4	93
25081	617	14029	14028	14227	1	199	3	93
25081	618	14037	14035	14235	2	200	4	93
25081	619	14029	14027	14225	2	198	4	93
25081	620	14029	14027	14227	2	200	4	93
25081	621	14032	14029	14229	3	200	4	93
25081	622	14035	14034	14233	1	199	3	93
25081	623	14031	14029	14227	2	198	4	93
25081	624	14029	14028	14227	1	199	3	93
25081	625	14037	14036	14234	1	198	4	93
25081	626	14029	14028	14225	1	197	3	93
25081	627	14031	14029	14227	2	198	4	93
25081	628	14031	14028	14228	3	200	4	93
25081	629	14035	14033	14233	2	200	4	93
25081	630	14030	14028	14227	2	199	5	93
25081	631	14029	14028	14225	1	197	3	93
25081	632	14033	14031	14232	2	201	3	93
25081	633	14033	14033	14230	0	197	3	93
25081	634	14029	14028	14225	1	197	3	93
25081	635	14029	14028	14227	1	199	3	93
25081	636	14037	14035	14235	2	200	4	93
25081	637	14029	14028	14225	1	197	3	93
25081	638	14031	14028	14227	3	199	5	93
25081	639	14031	14030	14229	1	199	3	93
25081	640	14037	14034	14233	3	199	4	93
25081	641	14029	14027	14226	2	199	3	93
25081	642	14031	14029	14227	2	198	4	93
25081	643	14036	14034	14235	2	201	3	93
25081	644	14029	14028	14227	1	199	3	93
25081	645	14030	14029	14227	1	198	4	93
25081	646	14034	14031	14231	3	200	4	93
25081	647	14035	14031	14234	4	203	5	93
25081	648	14029	14027	14227	2	200	4	93
25081	649	14031	14029	14227	2	198	4	93
25081	650	14035	14035	14232	0	197	3	93
25081	651	14031	14028	14230	3	202	4	93
25081	652	14029	14027	14228	2	201	3	93
25081	653	14035	14033	14231	2	198	4	93
25081	654	14032	14030	14230	2	200	4	93
25081	655	14029	14028	14227	1	199	3	93
25081	656	14030	14028	14227	2	199	5	93
25081	657	14035	14034	14233	1	199	3	93
25081	658	14031	14029	14229	2	200	4	93
25081	659	14029	14028	14227	1	199	3	93
25081	660	14037	14034	14235	3	201	5	93
25081	661	14030	14028	14225	2	197	3	93
25081	662	14029	14028	14225	1	197	3	93
25081	663	14031	14029	14227	2	198	4	93
25081	664	14035	14033	14233	2	200	4	93
25081	665	14032	14029	14227	3	198	4	93
25081	666	14029	14027	14228	2	201	3	93
25081	667	14036	14034	14234	2	200	4	93
25081	668	14032	14031	14230	1	199	3	93
25081	669	14031	14029	14228	2	199	5	93
25081	670	14029	14028	14225	1	197	3	93
25081	671	14035	14034	14233	1	199	3	93
25081	672	14031	14028	14226	3	198	4	93
25081	673	14029	14026	14226	3	200	4	93
25081	674	14034	14030	14232	4	202	5	93
25081	675	14034	14034	14231	0	197	3	93
25081	676	14031	14029	14229	2	200	4	93
25081	677	14029	14028	14227	1	199	3	93
25081	678	14037	14035	14235	2	200	4	93
25081	679	14029	14028	14227	1	199	3	93
25081	680	14030	14029	14226	1	197	3	93
25081	681	14031	14029	14227	2	198	4	93
25081	682	14035	14033	14233	2	200	4	93
25081	683	14031	14028	14227	3	199	5	93
25081	684	14029	14027	14225	2	198	4	93
25081	685	14031	14029	14229	2	200	4	93
25081	686	14035	14035	14232	0	197	3	93
25081	687	14032	14029	14229	3	200	4	93
25081	688	14029	14028	14227	1	199	3	93
25081	689	14029	14028	14225	1	197	3	93
25081	690	14034	14034	14231	0	197	3	93
25081	691	14035	14034	14231	1	197	3	93
25081	692	14031	14028	14229	3	201	5	93
25081	693	14029	14028	14227	1	199	3	93
25081	694	14031	14029	14229	2	200	4	93
25081	695	14035	14035	14232	0	197	3	93
25081	696	14029	14028	14227	1	199	3	93
25081	697	14029	14028	14230	1	202	4	93
25081	698	14029	14027	14227	2	200	4	93
25081	699	14037	14035	14234	2	199	5	93
25081	700	14030	14027	14227	3	200	4	93
25081	701	14032	14028	14229	4	201	5	93
25081	702	14029	14027	14228	2	201	3	93
25081	703	14037	14035	14235	2	200	4	93
25081	704	14030	14028	14225	2	197	3	93
25081	705	14029	14028	14226	1	198	4	93
25081	706	14031	14029	14227	2	198	4	93
25081	707	14035	14034	14233	1	199	3	93
25081	708	14031	14030	14228	1	198	4	93
25081	709	14029	14027	14227	2	200	4	93
25081	710	14033	14031	14230	2	199	5	93
25081	711	14035	14034	14233	1	199	3	93
25081	712	14032	14030	14228	2	198	4	93
25081	713	14029	14028	14225	1	197	3	93
25081	714	14035	14033	14233	2	200	4	93
25081	715	14032	14031	14230	1	199	3	93
25081	716	14029	14029	14226	0	197	3	93
25081	717	14031	14029	14229	2	200	4	93
25081	718	14035	14033	14233	2	200	4	93
25081	719	14031	14029	14229	2	200	4	93
25081	720	14030	14028	14227	2	199	3	93
25081	721	14031	14029	14227	2	198	4	93
25081	722	14035	14034	14233	1	199	3	93
25081	723	14031	14028	14228	3	200	5	93
25081	724	14029	14028	14227	1	199	3	93
25081	725	14030	14028	14225	2	197	3	93
25081	726	14037	14036	14234	1	198	4	93
25081	727	14029	14027	14226	2	199	4	93
25081	728	14031	14029	14229	2	200	4	93
25081	729	14030	14030	14227	0	197	3	93
25081	730	14037	14036	14234	1	198	4	93
25081	731	14029	14027	14225	2	198	4	93
25081	732	14031	14029	14229	2	200	4	93
25081	733	14035	14035	14232	0	197	3	93
25081	734	14030	14028	14229	2	201	3	93
25081	735	14031	14028	14227	3	199	5	93
25081	736	14029	14028	14225	1	197	3	93
25081	737	14037	14035	14233	2	198	4	93
25081	738	14029	14028	14225	1	197	3	93
25081	739	14030	14029	14227	1	198	4	93
25081	740	14029	14028	14227	1	199	3	93
25081	741	14037	14036	14234	1	198	4	93
25081	742	14029	14027	14227	2	200	4	93
25081	743	14029	14027	14225	2	198	4	93
25081	744	14036	14035	14233	1	198	4	93
25081	745	14031	14031	14228	0	197	3	93
25081	746	14031	14029	14229	2	200	4	93
25081	747	14029	14028	14227	1	199	3	93
25081	748	14037	14036	14234	1	198	4	93
25081	749	14029	14029	14226	0	197	3	93
25081	750	14031	14028	14230	3	202	4	93
25081	751	14029	14027	14227	2	200	4	93
25081	752	14035	14034	14233	1	199	3	93
25081	753	14032	14029	14227	3	198	4	93
25081	754	14029	14028	14225	1	197	3	93
25081	755	14037	14033	14236	4	203	5	93
25081	756	14031	14030	14229	1	199	3	93
25081	757	14031	14029	14229	2	200	4	93
25081	758	14029	14028	14227	1	199	3	93
25081	759	14038	14034	14235	4	201	5	93
25081	760	14029	14028	14227	1	199	3	93
25081	761	14029	14028	14225	1	197	3	93
25081	762	14029	14028	14227	1	199	3	93
25081	763	14035	14034	14233	1	199	3	93
25081	764	14031	14028	14228	3	200	4	93
25081	765	14029	14028	14227	1	199	3	93
25081	766	14038	14034	14235	4	201	5	93
25081	767	14031	14028	14226	3	198	4	93
25081	768	14031	14029	14229	2	200	4	93
25081	769	14029	14028	14227	1	199	3	93
25081	770	14035	14034	14233	1	199	3	93
25081	771	14029	14028	14227	1	199	3	93
25081	772	14029	14028	14227	1	199	3	93
25081	773	14033	14031	14231	2	200	4	93
25081	774	14035	14034	14231	1	197	3	93
25081	775	14031	14028	14227	3	199	5	93
25081	776	14029	14027	14227	2	200	4	93
25081	777	14038	14035	14233	3	198	4	93
25081	778	14029	14028	14227	1	199	3	93
25081	779	14029	14028	14225	1	197	3	93
25081	780	14029	14028	14225	1	197	3	93
25081	781	14036	14034	14231	2	197	3	93
25081	782	14031	14029	14229	2	200	4	93
25081	783	14029	14027	14225	2	198	4	93
25081	784	14037	14035	14234	2	199	5	93
25081	785	14031	14029	14227	2	198	4	93
25081	786	14031	14029	14227	2	198	4	93
25081	787	14029	14028	14227	1	199	3	93
25081	788	14035	14034	14236	1	202	4	93
25081	789	14029	14028	14227	1	199	3	93
25081	790	14029	14028	14225	1	197	3	93
25081	791	14033	14031	14231	2	200	4	93
25081	792	14035	14033	14233	2	200	4	93
25081	793	14031	14028	14229	3	201	5	93
25081	794	14029	14027	14225	2	198	4	93
25081	795	14038	14035	14235	3	200	4	93
25081	796	14029	14028	14225	1	197	3	93
25081	797	14031	14029	14229	2	200	4	93
25081	798	14029	14028	14225	1	197	3	93
25081	799	14035	14034	14233	1	199	3	93
25081	800	14031	14030	14228	1	198	4	93
25081	801	14029	14027	14225	2	198	4	93
25081	802	14037	14034	14235	3	201	5	93
25081	803	14030	14029	14226	1	197	3	93
25081	804	14032	14029	14227	3	198	4	93
25081	805	14029	14028	14225	1	197	3	93
25081	806	14037	14035	14235	2	200	4	93
25081	807	14029	14028	14227	1	199	3	93
25081	808	14029	14029	14226	0	197	3	93
25081	809	14035	14033	14231	2	198	4	93
25081	810	14033	14031	14229	2	198	4	93
25081	811	14032	14028	14227	4	199	5	93
25081	812	14029	14028	14226	1	198	4	93
25081	813	14037	14036	14234	1	198	4	93
25081	814	14029	14028	14227	1	199	3	93
25081	815	14031	14029	14227	2	198	4	93
25081	816	14030	14029	14228	1	199	3	93
25081	817	14035	14034	14233	1	199	3	93
25081	818	14031	14029	14229	2	200	4	93
25081	819	14029	14028	14226	1	198	3	93
25081	820	14038	14034	14233	4	199	5	93
25081	821	14029	14027	14225	2	198	4	93
25081	822	14031	14029	14229	2	200	4	93
25081	823	14029	14028	14227	1	199	3	93
25081	824	14037	14036	14234	1	198	4	93
25081	825	14029	14027	14225	2	198	4	93
25081	826	14029	14029	14226	0	197	3	93
25081	827	14035	14035	14232	0	197	3	93
25081	828	14030	14028	14226	2	198	4	93
25081	829	14031	14028	14229	3	201	5	93
25081	830	14029	14027	14227	2	200	4	93
25081	831	14037	14036	14234	1	198	4	93
25081	832	14030	14028	14225	2	197	3	93
25081	833	14032	14029	14227	3	198	4	93
25081	834	14034	14034	14231	0	197	3	93
25081	835	14031	14030	14228	1	198	4	93
25081	836	14029	14028	14225	1	197	3	93
25081	837	14029	14027	14225	2	198	4	93
25081	838	14037	14034	14235	3	201	5	93
25081	839	14028	14028	14225	0	197	3	93
25081	840	14031	14029	14227	2	198	4	93
25081	841	14032	14032	14229	0	197	3	93
25081	842	14036	14034	14232	2	198	4	93
25081	843	14028	14028	14225	0	197	3	93
25081	844	14029	14027	14227	2	200	4	93
25081	845	14036	14034	14233	2	199	3	93
25081	846	14029	14027	14228	2	201	3	93
25081	847	14031	14028	14227	3	199	5	93
25081	848	14031	14029	14228	2	199	3	93
25081	849	14037	14035	14235	2	200	4	93
25081	850	14029	14028	14227	1	199	3	93
25081	851	14031	14028	14227	3	199	5	93
25081	852	14036	14034	14233	2	199	3	93
25081	853	14031	14028	14229	3	201	5	93
25081	854	14029	14028	14225	1	197	3	93
25081	855	14029	14027	14227	2	200	4	93
25081	856	14037	14034	14235	3	201	5	93
25081	857	14029	14028	14225	1	197	3	93
25081	858	14031	14029	14227	2	198	4	93
25081	859	14033	14032	14229	1	197	3	93
25081	860	14035	14033	14232	2	199	5	93
25081	861	14029	14028	14227	1	199	3	93
25081	862	14031	14029	14229	2	200	4	93
25081	863	14035	14035	14232	0	197	3	93
25081	864	14029	14027	14227	2	200	4	93
25081	865	14031	14029	14229	2	200	4	93
25081	866	14029	14028	14227	1	199	3	93
25081	867	14037	14035	14235	2	200	4	93
25081	868	14029	14027	14227	2	200	4	93
25081	869	14031	14029	14229	2	200	4	93
25081	870	14031	14029	14228	2	199	3	93
25081	871	14038	14035	14233	3	198	4	93
25081	872	14028	14028	14225	0	197	3	93
25081	873	14029	14027	14227	2	200	4	93
25081	874	14037	14035	14235	2	200	4	93
25081	875	14029	14028	14227	1	199	3	93
25081	876	14031	14029	14227	2	198	4	93
25081	877	14029	14027	14227	2	200	4	93
25081	878	14038	14035	14234	3	199	4	93
25081	879	14029	14028	14227	1	199	3	93
25081	880	14031	14029	14227	2	198	4	93
25081	881	14030	14028	14228	2	200	4	93
25081	882	14035	14034	14231	1	197	3	93
25081	883	14031	14029	14229	2	200	4	93
25081	884	14029	14027	14227	2	200	4	93
25081	885	14037	14035	14235	2	200	4	93
25081	886	14030	14027	14225	3	198	4	93
25081	887	14031	14029	14227	2	198	4	93
25081	888	14029	14028	14227	1	199	3	93
25081	889	14038	14035	14233	3	198	4	93
25081	890	14029	14027	14227	2	200	4	93
25081	891	14029	14028	14227	1	199	3	93
25081	892	14032	14030	14230	2	200	4	93
25081	893	14035	14034	14233	1	199	3	93
25081	894	14031	14029	14227	2	198	4	93
25081	895	14029	14028	14227	1	199	3	93
25081	896	14037	14036	14234	1	198	4	93
25081	897	14029	14027	14225	2	198	4	93
25081	898	14031	14028	14228	3	200	5	93
25081	899	14029	14027	14225	2	198	4	93
25081	900	14035	14034	14233	1	199	3	93
25081	901	14031	14029	14227	2	198	4	93
25081	902	14029	14027	14225	2	198	4	93
25081	903	14034	14030	14233	4	203	5	93
25081	904	14034	14032	14231	2	199	3	93
25081	905	14031	14029	14227	2	198	4	93
25081	906	14029	14028	14225	1	197	3	93
25081	907	14038	14034	14235	4	201	5	93
25081	908	14029	14028	14225	1	197	3	93
25081	909	14029	14027	14226	2	199	3	93
25081	910	14031	14028	14229	3	201	5	93
25081	911	14035	14033	14231	2	198	4	93
25081	912	14031	14028	14230	3	202	4	93
25081	913	14029	14028	14227	1	199	3	93
25081	914	14037	14034	14235	3	201	5	93
25081	915	14031	14030	14227	1	197	3	93
25081	916	14030	14028	14227	2	199	5	93
25081	917	14029	14028	14227	1	199	3	93
25081	918	14035	14034	14232	1	198	4	93
25081	919	14031	14029	14227	2	198	4	93
25081	920	14030	14028	14227	2	199	3	93
25081	921	14033	14031	14231	2	200	4	93
25081	922	14035	14033	14233	2	200	4	93
25081	923	14031	14029	14227	2	198	4	93
25081	924	14030	14028	14229	2	201	3	93
25081	925	14037	14035	14235	2	200	4	93
25081	926	14029	14028	14225	1	197	3	93
25081	927	14029	14027	14225	2	198	4	93
25081	928	14032	14029	14227	3	198	4	93
25081	929	14036	14034	14233	2	199	3	93
25081	930	14031	14029	14227	2	198	4	93
25081	931	14029	14027	14225	2	198	4	93
25081	932	14032	14029	14229	3	200	4	93
25081	933	14036	14034	14233	2	199	3	93
25081	934	14031	14028	14228	3	200	4	93
25081	935	14029	14027	14225	2	198	4	93
25081	936	14033	14032	14231	1	199	3	93
25081	937	14035	14033	14233	2	200	4	93
25081	938	14029	14028	14225	1	197	3	93
25081	939	14032	14029	14227	3	198	4	93
25081	940	14035	14033	14233	2	200	4	93
25081	941	14031	14029	14227	2	198	4	93
25081	942	14029	14028	14225	1	197	3	93
25081	943	14031	14029	14227	2	198	4	93
25081	944	14035	14033	14233	2	200	4	93
25081	945	14029	14028	14225	1	197	3	93
25081	946	14029	14028	14227	1	199	3	93
25081	947	14029	14028	14227	1	199	3	93
25081	948	14037	14035	14235	2	200	4	93
25081	949	14029	14028	14227	1	199	3	93
25081	950	14031	14029	14229	2	200	4	93
25081	951	14034	14033	14232	1	199	3	93
25081	952	14034	14032	14232	2	200	4	93
25081	953	14029	14028	14226	1	198	3	93
25081	954	14031	14029	14228	2	199	4	93
25081	955	14035	14035	14232	0	197	3	93
25081	956	14029	14028	14227	1	199	3	93
25081	957	14031	14029	14229	2	200	4	93
25081	958	14029	14027	14227	2	200	4	93
25081	959	14038	14035	14235	3	200	4	93
25081	960	14028	14028	14225	0	197	3	93
25081	961	14032	14028	14228	4	200	5	93
25081	962	14030	14029	14228	1	199	3	93
25081	963	14038	14035	14235	3	200	4	93
25081	964	14029	14028	14227	1	199	3	93
25081	965	14029	14027	14227	2	200	4	93
25081	966	14037	14035	14235	2	200	4	93
25081	967	14030	14028	14229	2	201	3	93
25081	968	14031	14029	14229	2	200	4	93
25081	969	14029	14029	14226	0	197	3	93
25081	970	14038	14035	14235	3	200	4	93
25081	971	14029	14028	14225	1	197	3	93
25081	972	14031	14029	14229	2	200	4	93
25081	973	14029	14027	14227	2	200	4	93
25081	974	14036	14034	14233	2	199	3	93
25081	975	14031	14028	14229	3	201	5	93
25081	976	14029	14027	14227	2	200	4	93
25081	977	14036	14033	14234	3	201	5	93
25081	978	14032	14031	14228	1	197	3	93
25081	979	14031	14029	14229	2	200	4	93
25081	980	14028	14028	14225	0	197	3	93
25081	981	14037	14035	14233	2	198	4	93
25081	982	14029	14028	14227	1	199	3	93
25081	983	14029	14028	14225	1	197	3	93
25081	984	14031	14028	14227	3	199	5	93
25081	985	14035	14034	14232	1	198	4	93
25081	986	14033	14029	14229	4	200	4	93
25081	987	14029	14028	14225	1	197	3	93
25081	988	14034	14033	14231	1	198	4	93
25081	989	14033	14033	14230	0	197	3	93
25081	990	14031	14029	14229	2	200	4	93
25081	991	14029	14028	14227	1	199	3	93
25081	992	14036	14034	14231	2	197	3	93
25081	993	14029	14028	14227	1	199	3	93
25081	994	14030	14028	14227	2	199	3	93
25081	995	14031	14029	14229	2	200	4	93
25081	996	14035	14034	14233	1	199	3	93
25081	997	14031	14029	14227	2	198	4	93
25081	998	14029	14027	14227	2	200	4	93
25081	999	14032	14030	14230	2	200	4	93
25081	1000	14035	14034	14233	1	199	3	93
