RUNID	ITERNUM	METIME	PRTIME	TPRTIME	DIFF	TDIFF	NRPROCS	NPROCS
25501	1	18040	18038	18238	2	200	4	93
25501	2	18040	18038	18236	2	198	4	93
25501	3	18040	18038	18238	2	200	4	93
25501	4	18038	18036	18235	2	199	3	93
25501	5	18043	18041	18240	2	199	3	93
25501	6	18043	18042	18240	1	198	4	93
25501	7	18040	18037	18238	3	201	5	93
25501	8	18039	18037	18236	2	199	5	93
25501	9	18040	18037	18237	3	200	4	93
25501	10	18040	18038	18236	2	198	4	93
25501	11	18037	18037	18234	0	197	3	93
25501	12	18038	18037	18236	1	199	3	93
25501	13	18040	18038	18238	2	200	4	93
25501	14	18040	18037	18238	3	201	5	93
25501	15	18040	18037	18238	3	201	5	93
25501	16	18040	18038	18238	2	200	4	93
25501	17	18040	18038	18238	2	200	4	93
25501	18	18038	18037	18236	1	199	3	93
25501	19	18045	18044	18242	1	198	4	93
25501	20	18043	18040	18238	3	198	4	93
25501	21	18040	18037	18238	3	201	5	93
25501	22	18040	18037	18238	3	201	5	93
25501	23	18039	18038	18236	1	198	4	93
25501	24	18040	18038	18236	2	198	4	93
25501	25	18037	18037	18234	0	197	3	93
25501	26	18040	18038	18235	2	197	4	93
25501	27	18040	18038	18238	2	200	4	93
25501	28	18039	18037	18236	2	199	5	93
25501	29	18040	18037	18236	3	199	5	93
25501	30	18040	18037	18235	3	198	4	93
25501	31	18040	18038	18238	2	200	4	93
25501	32	18040	18039	18236	1	197	3	93
25501	33	18046	18044	18244	2	200	4	93
25501	34	18040	18038	18238	2	200	4	93
25501	35	18040	18037	18238	3	201	5	93
25501	36	18040	18037	18236	3	199	5	93
25501	37	18040	18038	18238	2	200	4	93
25501	38	18038	18037	18238	1	201	3	93
25501	39	18038	18037	18236	1	199	3	93
25501	40	18040	18037	18236	3	199	4	93
25501	41	18040	18038	18236	2	198	4	93
25501	42	18040	18038	18238	2	200	4	93
25501	43	18040	18037	18236	3	199	5	93
25501	44	18040	18038	18236	2	198	4	93
25501	45	18038	18038	18235	0	197	3	93
25501	46	18045	18044	18242	1	198	4	93
25501	47	18043	18041	18241	2	200	4	93
25501	48	18040	18038	18238	2	200	4	93
25501	49	18040	18037	18238	3	201	5	93
25501	50	18041	18037	18236	4	199	5	93
25501	51	18040	18038	18236	2	198	4	93
25501	52	18038	18037	18236	1	199	3	93
25501	53	18040	18038	18236	2	198	4	93
25501	54	18040	18038	18238	2	200	4	93
25501	55	18040	18038	18236	2	198	4	93
25501	56	18040	18037	18236	3	199	5	93
25501	57	18040	18037	18236	3	199	5	93
25501	58	18040	18037	18236	3	199	5	93
25501	59	18040	18039	18238	1	199	3	93
25501	60	18046	18043	18241	3	198	4	93
25501	61	18040	18037	18236	3	199	4	93
25501	62	18040	18038	18236	2	198	4	93
25501	63	18040	18037	18237	3	200	4	93
25501	64	18040	18038	18238	2	200	4	93
25501	65	18040	18036	18235	4	199	5	93
25501	66	18038	18036	18236	2	200	4	93
25501	67	18040	18038	18236	2	198	4	93
25501	68	18039	18038	18236	1	198	4	93
25501	69	18040	18038	18238	2	200	4	93
25501	70	18040	18038	18236	2	198	4	93
25501	71	18039	18037	18236	2	199	5	93
25501	72	18040	18038	18238	2	200	4	93
25501	73	18044	18042	18242	2	200	4	93
25501	74	18041	18040	18238	1	198	4	93
25501	75	18040	18038	18238	2	200	4	93
25501	76	18040	18038	18236	2	198	4	93
25501	77	18040	18037	18236	3	199	5	93
25501	78	18040	18037	18238	3	201	5	93
25501	79	18038	18038	18235	0	197	3	93
25501	80	18038	18036	18235	2	199	3	93
25501	81	18040	18038	18236	2	198	4	93
25501	82	18040	18038	18238	2	200	4	93
25501	83	18040	18038	18238	2	200	4	93
25501	84	18040	18037	18238	3	201	5	93
25501	85	18040	18037	18238	3	201	5	93
25501	86	18043	18041	18241	2	200	4	93
25501	87	18045	18042	18240	3	198	4	93
25501	88	18040	18038	18238	2	200	4	93
25501	89	18040	18038	18238	2	200	4	93
25501	90	18040	18038	18236	2	198	4	93
25501	91	18040	18037	18238	3	201	5	93
25501	92	18040	18037	18236	3	199	5	93
25501	93	18039	18037	18236	2	199	3	93
25501	94	18040	18038	18236	2	198	4	93
25501	95	18040	18038	18238	2	200	4	93
25501	96	18039	18036	18234	3	198	4	93
25501	97	18041	18039	18239	2	200	4	93
25501	98	18040	18039	18237	1	198	4	93
25501	99	18040	18037	18235	3	198	4	93
25501	100	18039	18038	18236	1	198	4	93
25501	101	18040	18038	18238	2	200	4	93
25501	102	18040	18038	18236	2	198	4	93
25501	103	18040	18039	18238	1	199	3	93
25501	104	18046	18042	18243	4	201	5	93
25501	105	18040	18039	18237	1	198	4	93
25501	106	18039	18038	18236	1	198	4	93
25501	107	18040	18037	18238	3	201	5	93
25501	108	18040	18038	18238	2	200	4	93
25501	109	18040	18037	18237	3	200	4	93
25501	110	18038	18036	18234	2	198	4	93
25501	111	18040	18038	18238	2	200	4	93
25501	112	18040	18038	18236	2	198	4	93
25501	113	18040	18037	18238	3	201	5	93
25501	114	18040	18038	18238	2	200	4	93
25501	115	18040	18038	18238	2	200	4	93
25501	116	18040	18037	18236	3	199	5	93
25501	117	18038	18037	18236	1	199	3	93
25501	118	18045	18043	18243	2	200	4	93
25501	119	18043	18040	18241	3	201	5	93
25501	120	18040	18036	18237	4	201	5	93
25501	121	18040	18038	18238	2	200	4	93
25501	122	18041	18038	18236	3	198	4	93
25501	123	18038	18037	18236	1	199	3	93
25501	124	18039	18037	18236	2	199	3	93
25501	125	18039	18036	18235	3	199	5	93
25501	126	18039	18038	18236	1	198	4	93
25501	127	18040	18038	18236	2	198	4	93
25501	128	18040	18038	18238	2	200	4	93
25501	129	18040	18037	18236	3	199	5	93
25501	130	18038	18037	18234	1	197	3	93
25501	131	18040	18038	18236	2	198	4	93
25501	132	18040	18037	18238	3	201	5	93
25501	133	18038	18037	18234	1	197	3	93
25501	134	18040	18037	18238	3	201	5	93
25501	135	18038	18038	18235	0	197	3	93
25501	136	18038	18036	18234	2	198	4	93
25501	137	18047	18044	18242	3	198	4	93
25501	138	18040	18036	18237	4	201	5	93
25501	139	18040	18038	18238	2	200	4	93
25501	140	18040	18038	18236	2	198	4	93
25501	141	18038	18036	18234	2	198	4	93
25501	142	18045	18044	18242	1	198	4	93
25501	143	18042	18041	18239	1	198	4	93
25501	144	18040	18037	18236	3	199	5	93
25501	145	18040	18038	18238	2	200	4	93
25501	146	18040	18038	18237	2	199	4	93
25501	147	18038	18036	18234	2	198	4	93
25501	148	18041	18038	18236	3	198	4	93
25501	149	18040	18038	18236	2	198	4	93
25501	150	18040	18038	18237	2	199	5	93
25501	151	18040	18038	18238	2	200	4	93
25501	152	18040	18038	18238	2	200	4	93
25501	153	18040	18038	18238	2	200	4	93
25501	154	18040	18038	18236	2	198	4	93
25501	155	18038	18037	18236	1	199	3	93
25501	156	18040	18038	18238	2	200	4	93
25501	157	18039	18038	18236	1	198	4	93
25501	158	18039	18037	18236	2	199	5	93
25501	159	18040	18037	18236	3	199	5	93
25501	160	18039	18037	18236	2	199	5	93
25501	161	18038	18037	18236	1	199	3	93
25501	162	18040	18038	18238	2	200	4	93
25501	163	18039	18038	18236	1	198	4	93
25501	164	18041	18039	18239	2	200	4	93
25501	165	18046	18044	18243	2	199	5	93
25501	166	18040	18037	18238	3	201	5	93
25501	167	18040	18038	18238	2	200	4	93
25501	168	18037	18037	18234	0	197	3	93
25501	169	18040	18037	18237	3	200	4	93
25501	170	18040	18038	18237	2	199	4	93
25501	171	18040	18038	18238	2	200	4	93
25501	172	18040	18037	18238	3	201	5	93
25501	173	18040	18037	18236	3	199	5	93
25501	174	18039	18038	18236	1	198	4	93
25501	175	18038	18037	18236	1	199	3	93
25501	176	18040	18038	18236	2	198	4	93
25501	177	18040	18038	18238	2	200	4	93
25501	178	18042	18039	18239	3	200	4	93
25501	179	18046	18045	18243	1	198	4	93
25501	180	18040	18038	18237	2	199	5	93
25501	181	18040	18037	18238	3	201	5	93
25501	182	18037	18037	18234	0	197	3	93
25501	183	18040	18038	18236	2	198	4	93
25501	184	18040	18038	18236	2	198	4	93
25501	185	18040	18038	18238	2	200	4	93
25501	186	18042	18039	18238	3	199	5	93
25501	187	18040	18037	18238	3	201	5	93
25501	188	18038	18037	18234	1	197	3	93
25501	189	18038	18037	18236	1	199	3	93
25501	190	18040	18037	18238	3	201	5	93
25501	191	18040	18038	18238	2	200	4	93
25501	192	18043	18041	18239	2	198	4	93
25501	193	18045	18043	18241	2	198	4	93
25501	194	18040	18037	18238	3	201	5	93
25501	195	18037	18036	18234	1	198	4	93
25501	196	18041	18038	18236	3	198	4	93
25501	197	18040	18038	18236	2	198	4	93
25501	198	18040	18038	18236	2	198	4	93
25501	199	18043	18039	18241	4	202	5	93
25501	200	18040	18038	18238	2	200	4	93
25501	201	18041	18037	18239	4	202	6	93
25501	202	18039	18037	18237	2	200	4	93
25501	203	18040	18037	18238	3	201	5	93
25501	204	18040	18038	18238	2	200	4	93
25501	205	18040	18038	18272	2	234	6	94
25501	206	18046	18043	18243	3	200	4	93
25501	207	18042	18040	18240	2	200	4	93
25501	208	18040	18037	18236	3	199	5	93
25501	209	18038	18036	18234	2	198	4	93
25501	210	18040	18038	18238	2	200	4	93
25501	211	18039	18038	18236	1	198	4	93
25501	212	18040	18038	18238	2	200	4	93
25501	213	18040	18038	18238	2	200	4	93
25501	214	18040	18037	18237	3	200	4	93
25501	215	18037	18036	18237	1	201	5	93
25501	216	18038	18037	18236	1	199	3	93
25501	217	18040	18037	18237	3	200	4	93
25501	218	18040	18038	18238	2	200	4	93
25501	219	18045	18040	18240	5	200	5	93
25501	220	18044	18042	18242	2	200	4	93
25501	221	18040	18037	18237	3	200	4	93
25501	222	18038	18035	18236	3	201	5	93
25501	223	18038	18036	18234	2	198	4	93
25501	224	18040	18037	18235	3	198	4	93
25501	225	18040	18038	18236	2	198	4	93
25501	226	18040	18038	18238	2	200	4	93
25501	227	18040	18038	18238	2	200	4	93
25501	228	18040	18037	18237	3	200	4	93
25501	229	18038	18035	18237	3	202	4	93
25501	230	18038	18036	18236	2	200	4	93
25501	231	18040	18038	18236	2	198	4	93
25501	232	18041	18039	18239	2	200	4	93
25501	233	18046	18044	18242	2	198	4	93
25501	234	18043	18041	18241	2	200	4	93
25501	235	18040	18038	18236	2	198	4	93
25501	236	18038	18037	18236	1	199	3	93
25501	237	18038	18035	18235	3	200	4	93
25501	238	18040	18037	18238	3	201	5	93
25501	239	18040	18037	18240	3	203	7	94
25501	240	18040	18037	18237	3	200	4	93
25501	241	18040	18036	18235	4	199	4	93
25501	242	18040	18038	18238	2	200	4	93
25501	243	18038	18037	18236	1	199	3	93
25501	244	18038	18037	18236	1	199	3	93
25501	245	18040	18038	18237	2	199	4	93
25501	246	18043	18040	18240	3	200	4	93
25501	247	18046	18044	18244	2	200	4	93
25501	248	18041	18039	18238	2	199	4	93
25501	249	18039	18038	18236	1	198	4	93
25501	250	18038	18037	18236	1	199	3	93
25501	251	18038	18036	18234	2	198	4	93
25501	252	18040	18036	18237	4	201	5	93
25501	253	18039	18038	18236	1	198	4	93
25501	254	18040	18038	18236	2	198	4	93
25501	255	18040	18038	18238	2	200	4	93
25501	256	18040	18038	18238	2	200	4	93
25501	257	18040	18037	18237	3	200	4	93
25501	258	18038	18036	18236	2	200	4	93
25501	259	18040	18037	18237	3	200	4	93
25501	260	18042	18040	18240	2	200	4	93
25501	261	18046	18044	18244	2	200	4	93
25501	262	18041	18040	18238	1	198	4	93
25501	263	18040	18037	18237	3	200	4	93
25501	264	18040	18038	18238	2	200	4	93
25501	265	18038	18036	18234	2	198	4	93
25501	266	18039	18037	18236	2	199	5	93
25501	267	18040	18037	18237	3	200	4	93
25501	268	18040	18038	18238	2	200	4	93
25501	269	18039	18038	18236	1	198	4	93
25501	270	18040	18038	18238	2	200	4	93
25501	271	18040	18037	18237	3	200	4	93
25501	272	18038	18035	18235	3	200	4	93
25501	273	18040	18038	18245	2	207	6	94
25501	274	18045	18042	18242	3	200	4	93
25501	275	18045	18043	18243	2	200	4	93
25501	276	18040	18038	18236	2	198	4	93
25501	277	18040	18037	18236	3	199	5	93
25501	278	18039	18038	18236	1	198	4	93
25501	279	18038	18036	18234	2	198	4	93
25501	280	18040	18037	18236	3	199	5	93
25501	281	18039	18038	18236	1	198	4	93
25501	282	18040	18038	18236	2	198	4	93
25501	283	18040	18037	18237	3	200	4	93
25501	284	18040	18037	18238	3	201	5	93
25501	285	18038	18037	18236	1	199	3	93
25501	286	18038	18037	18237	1	200	4	93
25501	287	18044	18040	18241	4	201	5	93
25501	288	18045	18042	18242	3	200	4	93
25501	289	18040	18038	18238	2	200	4	93
25501	290	18040	18037	18238	3	201	5	93
25501	291	18040	18038	18238	2	200	4	93
25501	292	18038	18036	18235	2	199	3	93
25501	293	18040	18038	18238	2	200	4	93
25501	294	18040	18037	18236	3	199	5	93
25501	295	18040	18037	18237	3	200	4	93
25501	296	18040	18038	18238	2	200	4	93
25501	297	18040	18038	18236	2	198	4	93
25501	298	18039	18038	18236	1	198	4	93
25501	299	18038	18036	18233	2	197	3	93
25501	300	18043	18041	18241	2	200	4	93
25501	301	18045	18042	18241	3	199	5	93
25501	302	18040	18037	18237	3	200	4	93
25501	303	18040	18038	18238	2	200	4	93
25501	304	18039	18037	18237	2	200	4	93
25501	305	18040	18039	18237	1	198	4	93
25501	306	18038	18037	18234	1	197	3	93
25501	307	18040	18037	18245	3	208	7	94
25501	308	18040	18037	18236	3	199	5	93
25501	309	18040	18038	18238	2	200	4	93
25501	310	18039	18038	18236	1	198	4	93
25501	311	18039	18038	18236	1	198	4	93
25501	312	18038	18036	18235	2	199	3	93
25501	313	18040	18038	18235	2	197	3	93
25501	314	18046	18044	18244	2	200	4	93
25501	315	18039	18037	18236	2	199	5	93
25501	316	18040	18038	18236	2	198	4	93
25501	317	18039	18038	18236	1	198	4	93
25501	318	18039	18038	18236	1	198	4	93
25501	319	18037	18036	18234	1	198	4	93
25501	320	18038	18037	18239	1	202	4	93
25501	321	18040	18037	18237	3	200	4	93
25501	322	18040	18037	18238	3	201	5	93
25501	323	18040	18038	18236	2	198	4	93
25501	324	18039	18038	18236	1	198	4	93
25501	325	18040	18037	18238	3	201	5	93
25501	326	18040	18038	18238	2	200	4	93
25501	327	18040	18037	18239	3	202	4	93
25501	328	18040	18037	18236	3	199	5	93
25501	329	18039	18038	18236	1	198	4	93
25501	330	18037	18037	18234	0	197	3	93
25501	331	18040	18037	18238	3	201	5	93
25501	332	18040	18038	18236	2	198	4	93
25501	333	18040	18037	18237	3	200	4	93
25501	334	18040	18037	18238	3	201	5	93
25501	335	18040	18038	18238	2	200	4	93
25501	336	18042	18041	18239	1	198	4	93
25501	337	18043	18042	18241	1	199	3	93
25501	338	18040	18037	18237	3	200	4	93
25501	339	18040	18038	18238	2	200	4	93
25501	340	18040	18038	18238	2	200	4	93
25501	341	18040	18037	18246	3	209	7	94
25501	342	18040	18038	18238	2	200	4	93
25501	343	18039	18038	18236	1	198	4	93
25501	344	18037	18037	18234	0	197	3	93
25501	345	18038	18037	18236	1	199	3	93
25501	346	18039	18038	18236	1	198	4	93
25501	347	18040	18037	18238	3	201	5	93
25501	348	18039	18038	18236	1	198	4	93
25501	349	18042	18040	18240	2	200	4	93
25501	350	18045	18044	18242	1	198	4	93
25501	351	18038	18037	18236	1	199	3	93
25501	352	18038	18037	18235	1	198	4	93
25501	353	18039	18038	18236	1	198	4	93
25501	354	18040	18037	18238	3	201	5	93
25501	355	18040	18036	18235	4	199	5	93
25501	356	18040	18038	18238	2	200	4	93
25501	357	18040	18038	18236	2	198	4	93
25501	358	18038	18037	18236	1	199	3	93
25501	359	18037	18037	18234	0	197	3	93
25501	360	18040	18037	18237	3	200	4	93
25501	361	18040	18037	18238	3	201	5	93
25501	362	18042	18041	18239	1	198	4	93
25501	363	18045	18043	18243	2	200	4	93
25501	364	18040	18038	18238	2	200	4	93
25501	365	18038	18037	18236	1	199	3	93
25501	366	18040	18038	18238	2	200	4	93
25501	367	18040	18038	18236	2	198	4	93
25501	368	18040	18038	18238	2	200	4	93
25501	369	18040	18036	18237	4	201	5	93
25501	370	18040	18038	18238	2	200	4	93
25501	371	18040	18037	18234	3	197	4	93
25501	372	18038	18036	18235	2	199	3	93
25501	373	18040	18038	18238	2	200	4	93
25501	374	18040	18037	18235	3	198	4	93
25501	375	18045	18042	18249	3	207	7	94
25501	376	18043	18039	18240	4	201	5	93
25501	377	18040	18038	18238	2	200	4	93
25501	378	18037	18037	18237	0	200	4	93
25501	379	18037	18037	18234	0	197	3	93
25501	380	18040	18038	18238	2	200	4	93
25501	381	18040	18037	18235	3	198	4	93
25501	382	18040	18037	18236	3	199	5	93
25501	383	18040	18037	18236	3	199	5	93
25501	384	18040	18036	18237	4	201	5	93
25501	385	18038	18037	18236	1	199	3	93
25501	386	18040	18037	18235	3	198	4	93
25501	387	18043	18041	18239	2	198	4	93
25501	388	18044	18042	18242	2	200	4	93
25501	389	18040	18037	18236	3	199	5	93
25501	390	18039	18037	18236	2	199	5	93
25501	391	18040	18038	18236	2	198	4	93
25501	392	18038	18037	18236	1	199	3	93
25501	393	18040	18038	18238	2	200	4	93
25501	394	18040	18038	18236	2	198	4	93
25501	395	18040	18037	18238	3	201	5	93
25501	396	18039	18038	18236	1	198	4	93
25501	397	18039	18038	18236	1	198	4	93
25501	398	18037	18036	18234	1	198	4	93
25501	399	18039	18037	18236	2	199	3	93
25501	400	18045	18044	18242	1	198	4	93
25501	401	18042	18039	18237	3	198	4	93
25501	402	18040	18037	18238	3	201	5	93
25501	403	18040	18038	18236	2	198	4	93
25501	404	18040	18036	18237	4	201	5	93
25501	405	18038	18036	18237	2	201	3	93
25501	406	18040	18038	18236	2	198	4	93
25501	407	18040	18037	18237	3	200	4	93
25501	408	18040	18038	18236	2	198	4	93
25501	409	18040	18039	18245	1	206	6	94
25501	410	18040	18037	18237	3	200	4	93
25501	411	18040	18037	18238	3	201	5	93
25501	412	18039	18038	18236	1	198	4	93
25501	413	18046	18044	18242	2	198	4	93
25501	414	18040	18038	18236	2	198	4	93
25501	415	18040	18038	18238	2	200	4	93
25501	416	18039	18038	18236	1	198	4	93
25501	417	18040	18038	18236	2	198	4	93
25501	418	18040	18036	18237	4	201	5	93
25501	419	18038	18035	18235	3	200	4	93
25501	420	18040	18038	18238	2	200	4	93
25501	421	18040	18036	18236	4	200	5	93
25501	422	18040	18037	18235	3	198	4	93
25501	423	18040	18038	18236	2	198	4	93
25501	424	18040	18038	18236	2	198	4	93
25501	425	18044	18044	18241	0	197	3	93
25501	426	18040	18039	18236	1	197	3	93
25501	427	18040	18036	18237	4	201	5	93
25501	428	18040	18037	18237	3	200	4	93
25501	429	18040	18038	18236	2	198	4	93
25501	430	18039	18037	18236	2	199	5	93
25501	431	18040	18037	18237	3	200	4	93
25501	432	18038	18036	18236	2	200	4	93
25501	433	18040	18038	18238	2	200	4	93
25501	434	18040	18038	18236	2	198	4	93
25501	435	18040	18038	18238	2	200	4	93
25501	436	18040	18037	18237	3	200	4	93
25501	437	18045	18041	18242	4	201	5	93
25501	438	18044	18042	18242	2	200	4	93
25501	439	18037	18037	18234	0	197	3	93
25501	440	18040	18036	18237	4	201	5	93
25501	441	18040	18038	18238	2	200	4	93
25501	442	18040	18037	18237	3	200	4	93
25501	443	18040	18038	18238	2	200	4	93
25501	444	18040	18038	18236	2	198	4	93
25501	445	18039	18038	18236	1	198	4	93
25501	446	18038	18036	18235	2	199	3	93
25501	447	18039	18037	18236	2	199	5	93
25501	448	18040	18037	18235	3	198	4	93
25501	449	18044	18042	18240	2	198	4	93
25501	450	18044	18042	18242	2	200	4	93
25501	451	18039	18038	18236	1	198	4	93
25501	452	18038	18036	18238	2	202	4	93
25501	453	18038	18036	18236	2	200	4	93
25501	454	18040	18038	18236	2	198	4	93
25501	455	18040	18038	18236	2	198	4	93
25501	456	18040	18037	18238	3	201	5	93
25501	457	18039	18038	18236	1	198	4	93
25501	458	18040	18037	18237	3	200	4	93
25501	459	18037	18037	18234	0	197	3	93
25501	460	18040	18037	18237	3	200	4	93
25501	461	18042	18041	18239	1	198	4	93
25501	462	18046	18043	18243	3	200	4	93
25501	463	18039	18038	18236	1	198	4	93
25501	464	18040	18038	18236	2	198	4	93
25501	465	18040	18037	18237	3	200	4	93
25501	466	18038	18036	18236	2	200	4	93
25501	467	18040	18038	18238	2	200	4	93
25501	468	18042	18040	18238	2	198	4	93
25501	469	18040	18037	18238	3	201	5	93
25501	470	18040	18038	18238	2	200	4	93
25501	471	18040	18037	18237	3	200	4	93
25501	472	18040	18038	18238	2	200	4	93
25501	473	18039	18038	18237	1	199	3	93
25501	474	18046	18044	18244	2	200	4	93
25501	475	18041	18038	18238	3	200	4	93
25501	476	18039	18037	18236	2	199	5	93
25501	477	18040	18038	18244	2	206	6	94
25501	478	18040	18038	18236	2	198	4	93
25501	479	18040	18037	18238	3	201	5	93
25501	480	18038	18037	18236	1	199	3	93
25501	481	18040	18037	18235	3	198	4	93
25501	482	18039	18036	18235	3	199	5	93
25501	483	18039	18038	18236	1	198	4	93
25501	484	18040	18038	18237	2	199	4	93
25501	485	18039	18038	18236	1	198	4	93
25501	486	18043	18040	18240	3	200	4	93
25501	487	18078	18057	18276	21	219	8	104
25501	488	18040	18037	18238	3	201	5	93
25501	489	18039	18038	18236	1	198	4	93
25501	490	18040	18038	18238	2	200	4	93
25501	491	18040	18037	18237	3	200	4	93
25501	492	18039	18038	18236	1	198	4	93
25501	493	18040	18038	18238	2	200	4	93
25501	494	18038	18037	18236	1	199	3	93
25501	495	18040	18037	18236	3	199	5	93
25501	496	18040	18038	18238	2	200	4	93
25501	497	18039	18037	18236	2	199	5	93
25501	498	18041	18038	18237	3	199	4	93
25501	499	18046	18044	18244	2	200	4	93
25501	500	18038	18037	18237	1	200	4	93
25501	501	18038	18036	18236	2	200	4	93
25501	502	18040	18038	18238	2	200	4	93
25501	503	18040	18038	18236	2	198	4	93
25501	504	18040	18037	18238	3	201	5	93
25501	505	18040	18038	18238	2	200	4	93
25501	506	18040	18037	18237	3	200	4	93
25501	507	18038	18037	18234	1	197	3	93
25501	508	18038	18036	18235	2	199	3	93
25501	509	18040	18038	18236	2	198	4	93
25501	510	18040	18037	18245	3	208	7	94
25501	511	18045	18043	18243	2	200	4	93
25501	512	18042	18040	18240	2	200	4	93
25501	513	18040	18038	18238	2	200	4	93
25501	514	18038	18036	18234	2	198	4	93
25501	515	18157	18038	18354	119	316	5	94
25501	516	18040	18039	18237	1	198	4	93
25501	517	18040	18036	18237	4	201	5	93
25501	518	18040	18038	18236	2	198	4	93
25501	519	18040	18038	18236	2	198	4	93
25501	520	18039	18038	18236	1	198	4	93
25501	521	18037	18036	18234	1	198	4	93
25501	522	18040	18037	18236	3	199	5	93
25501	523	18043	18040	18240	3	200	4	93
25501	524	18045	18043	18241	2	198	4	93
25501	525	18040	18038	18238	2	200	4	93
25501	526	18040	18037	18237	3	200	4	93
25501	527	18040	18038	18238	2	200	4	93
25501	528	18038	18036	18234	2	198	4	93
25501	529	18040	18037	18239	3	202	4	93
25501	530	18040	18038	18238	2	200	4	93
25501	531	18040	18038	18236	2	198	4	93
25501	532	18039	18038	18236	1	198	4	93
25501	533	18040	18038	18236	2	198	4	93
25501	534	18038	18037	18239	1	202	4	93
25501	535	18038	18036	18236	2	200	4	93
25501	536	18046	18042	18243	4	201	5	93
25501	537	18042	18040	18240	2	200	4	93
25501	538	18040	18037	18237	3	200	4	93
25501	539	18040	18037	18238	3	201	5	93
25501	540	18040	18038	18238	2	200	4	93
25501	541	18037	18037	18234	0	197	3	93
25501	542	18038	18036	18235	2	199	5	93
25501	543	18039	18037	18236	2	199	5	93
25501	544	18040	18038	18238	2	200	4	93
25501	545	18040	18038	18236	2	198	4	93
25501	546	18040	18037	18235	3	198	4	93
25501	547	18040	18038	18238	2	200	4	93
25501	548	18041	18040	18238	1	198	3	93
25501	549	18046	18042	18243	4	201	5	93
25501	550	18039	18037	18236	2	199	5	93
25501	551	18040	18038	18236	2	198	4	93
25501	552	18040	18038	18238	2	200	4	93
25501	553	18040	18038	18236	2	198	4	93
25501	554	18040	18038	18236	2	198	4	93
25501	555	18038	18035	18235	3	200	4	93
25501	556	18040	18038	18238	2	200	4	93
25501	557	18040	18038	18238	2	200	4	93
25501	558	18039	18038	18236	1	198	4	93
25501	559	18040	18038	18238	2	200	4	93
25501	560	18039	18038	18236	1	198	4	93
25501	561	18044	18042	18240	2	198	4	93
25501	562	18043	18041	18240	2	199	3	93
25501	563	18040	18038	18238	2	200	4	93
25501	564	18040	18036	18237	4	201	5	93
25501	565	18039	18037	18236	2	199	5	93
25501	566	18040	18037	18235	3	198	4	93
25501	567	18040	18037	18238	3	201	4	93
25501	568	18040	18038	18236	2	198	4	93
25501	569	18038	18037	18236	1	199	3	93
25501	570	18040	18037	18238	3	201	5	93
25501	571	18040	18037	18238	3	201	5	93
25501	572	18040	18038	18238	2	200	4	93
25501	573	18040	18038	18237	2	199	4	93
25501	574	18045	18043	18243	2	200	4	93
25501	575	18041	18039	18237	2	198	4	93
25501	576	18038	18037	18236	1	199	3	93
25501	577	18040	18038	18238	2	200	4	93
25501	578	18040	18036	18237	4	201	5	93
25501	579	18040	18036	18237	4	201	5	93
25501	580	18040	18038	18238	2	200	4	93
25501	581	18039	18038	18236	1	198	4	93
25501	582	18038	18036	18235	2	199	3	93
25501	583	18038	18037	18236	1	199	3	93
25501	584	18040	18037	18237	3	200	4	93
25501	585	18039	18037	18236	2	199	5	93
25501	586	18039	18037	18236	2	199	5	93
25501	587	18045	18042	18240	3	198	4	93
25501	588	18043	18041	18241	2	200	4	93
25501	589	18037	18037	18234	0	197	3	93
25501	590	18038	18037	18234	1	197	3	93
25501	591	18040	18038	18236	2	198	4	93
25501	592	18040	18036	18237	4	201	5	93
25501	593	18040	18037	18238	3	201	5	93
25501	594	18040	18038	18236	2	198	4	93
25501	595	18040	18038	18236	2	198	4	93
25501	596	18037	18037	18234	0	197	3	93
25501	597	18040	18038	18238	2	200	4	93
25501	598	18040	18038	18238	2	200	4	93
25501	599	18040	18037	18238	3	201	5	93
25501	600	18045	18042	18241	3	199	5	93
25501	601	18043	18040	18240	3	200	4	93
25501	602	18040	18037	18235	3	198	4	93
25501	603	18038	18037	18234	1	197	3	93
25501	604	18038	18036	18235	2	199	3	93
25501	605	18040	18038	18238	2	200	4	93
25501	606	18040	18037	18238	3	201	5	93
25501	607	18040	18036	18235	4	199	5	93
25501	608	18040	18038	18238	2	200	4	93
25501	609	18040	18038	18236	2	198	4	93
25501	610	18038	18037	18236	1	199	3	93
25501	611	18038	18037	18236	1	199	3	93
25501	612	18039	18038	18236	1	198	4	93
25501	613	18042	18040	18239	2	199	5	93
25501	614	18045	18044	18242	1	198	4	93
25501	615	18040	18039	18237	1	198	4	93
25501	616	18040	18036	18237	4	201	5	93
25501	617	18038	18037	18238	1	201	3	93
25501	618	18038	18037	18234	1	197	3	93
25501	619	18040	18036	18237	4	201	5	93
25501	620	18040	18038	18238	2	200	4	93
25501	621	18040	18037	18237	3	200	4	93
25501	622	18040	18038	18238	2	200	4	93
25501	623	18040	18036	18237	4	201	5	93
25501	624	18038	18037	18234	1	197	3	93
25501	625	18038	18037	18234	1	197	3	93
25501	626	18042	18040	18239	2	199	5	93
25501	627	18046	18042	18243	4	201	5	93
25501	628	18040	18036	18235	4	199	5	93
25501	629	18040	18038	18238	2	200	4	93
25501	630	18040	18037	18235	3	198	4	93
25501	631	18038	18037	18236	1	199	3	93
25501	632	18040	18038	18238	2	200	4	93
25501	633	18040	18037	18237	3	200	4	93
25501	634	18040	18037	18237	3	200	4	93
25501	635	18040	18037	18236	3	199	5	93
25501	636	18040	18037	18238	3	201	5	93
25501	637	18040	18038	18238	2	200	4	93
25501	638	18038	18037	18234	1	197	3	93
25501	639	18045	18042	18242	3	200	4	93
25501	640	18043	18041	18239	2	198	4	93
25501	641	18040	18038	18238	2	200	4	93
25501	642	18040	18037	18236	3	199	5	93
25501	643	18041	18038	18236	3	198	4	93
25501	644	18040	18038	18238	2	200	4	93
25501	645	18038	18038	18235	0	197	3	93
25501	646	18040	18038	18238	2	200	4	93
25501	647	18040	18038	18236	2	198	4	93
25501	648	18041	18037	18238	4	201	5	93
25501	649	18041	18037	18237	4	200	6	93
25501	650	18040	18038	18238	2	200	4	93
25501	651	18040	18037	18238	3	201	5	93
25501	652	18038	18037	18234	1	197	3	93
25501	653	18039	18038	18236	1	198	4	93
25501	654	18040	18037	18238	3	201	5	93
25501	655	18040	18038	18238	2	200	4	93
25501	656	18044	18041	18238	3	197	4	93
25501	657	18044	18043	18239	1	196	4	93
25501	658	18039	18037	18237	2	200	4	93
25501	659	18038	18037	18234	1	197	3	93
25501	660	18040	18038	18238	2	200	4	93
25501	661	18040	18037	18238	3	201	5	93
25501	662	18042	18041	18239	1	198	4	93
25501	663	18040	18038	18236	2	198	4	93
25501	664	18040	18038	18237	2	199	4	93
25501	665	18038	18037	18236	1	199	3	93
25501	666	18040	18037	18234	3	197	4	93
25501	667	18040	18038	18236	2	198	4	93
25501	668	18039	18037	18236	2	199	5	93
25501	669	18040	18038	18238	2	200	4	93
25501	670	18040	18038	18236	2	198	4	93
25501	671	18040	18037	18236	3	199	5	93
25501	672	18038	18037	18236	1	199	3	93
25501	673	18040	18037	18235	3	198	4	93
25501	674	18044	18042	18240	2	198	4	93
25501	675	18044	18042	18242	2	200	4	93
25501	676	18039	18037	18236	2	199	5	93
25501	677	18040	18037	18236	3	199	5	93
25501	678	18040	18039	18237	1	198	4	93
25501	679	18038	18036	18235	2	199	3	93
25501	680	18040	18038	18238	2	200	4	93
25501	681	18040	18037	18238	3	201	5	93
25501	682	18040	18037	18238	3	201	5	93
25501	683	18039	18037	18236	2	199	5	93
25501	684	18040	18037	18237	3	200	4	93
25501	685	18040	18038	18236	2	198	4	93
25501	686	18038	18037	18236	1	199	3	93
25501	687	18041	18037	18240	4	203	5	93
25501	688	18040	18039	18237	1	198	4	93
25501	689	18041	18038	18239	3	201	5	93
25501	690	18040	18037	18238	3	201	5	93
25501	691	18042	18041	18239	1	198	4	93
25501	692	18044	18042	18241	2	199	3	93
25501	693	18038	18038	18235	0	197	3	93
25501	694	18040	18037	18238	3	201	5	93
25501	695	18040	18037	18236	3	199	5	93
25501	696	18040	18038	18238	2	200	4	93
25501	697	18040	18039	18237	1	198	4	93
25501	698	18039	18038	18236	1	198	4	93
25501	699	18037	18037	18234	0	197	3	93
25501	700	18038	18037	18234	1	197	3	93
25501	701	18040	18037	18238	3	201	5	93
25501	702	18040	18037	18238	3	201	5	93
25501	703	18040	18038	18238	2	200	4	93
25501	704	18039	18038	18236	1	198	4	93
25501	705	18040	18038	18236	2	198	4	93
25501	706	18038	18037	18234	1	197	3	93
25501	707	18038	18037	18236	1	199	3	93
25501	708	18041	18038	18237	3	199	5	93
25501	709	18046	18043	18242	3	199	5	93
25501	710	18042	18040	18238	2	198	4	93
25501	711	18040	18038	18237	2	199	5	93
25501	712	18040	18037	18237	3	200	4	93
25501	713	18038	18037	18234	1	197	3	93
25501	714	18041	18038	18236	3	198	4	93
25501	715	18040	18037	18237	3	200	5	93
25501	716	18040	18038	18238	2	200	4	93
25501	717	18040	18038	18238	2	200	4	93
25501	718	18040	18038	18238	2	200	4	93
25501	719	18040	18038	18238	2	200	4	93
25501	720	18038	18037	18236	1	199	3	93
25501	721	18040	18038	18236	2	198	4	93
25501	722	18040	18038	18237	2	199	5	93
25501	723	18040	18037	18236	3	199	5	93
25501	724	18040	18038	18238	2	200	4	93
25501	725	18043	18041	18241	2	200	4	93
25501	726	18043	18041	18240	2	199	3	93
25501	727	18038	18036	18235	2	199	3	93
25501	728	18040	18038	18238	2	200	4	93
25501	729	18040	18037	18238	3	201	5	93
25501	730	18040	18037	18238	3	201	5	93
25501	731	18041	18038	18238	3	200	4	93
25501	732	18040	18038	18236	2	198	4	93
25501	733	18038	18036	18235	2	199	3	93
25501	734	18040	18038	18236	2	198	4	93
25501	735	18040	18038	18238	2	200	4	93
25501	736	18040	18036	18235	4	199	5	93
25501	737	18040	18037	18238	3	201	5	93
25501	738	18039	18038	18236	1	198	4	93
25501	739	18040	18038	18238	2	200	4	93
25501	740	18038	18037	18234	1	197	3	93
25501	741	18042	18040	18238	2	198	4	93
25501	742	18046	18044	18244	2	200	4	93
25501	743	18041	18040	18238	1	198	4	93
25501	744	18040	18037	18237	3	200	4	93
25501	745	18041	18038	18238	3	200	4	93
25501	746	18040	18038	18236	2	198	4	93
25501	747	18038	18036	18235	2	199	3	93
25501	748	18040	18037	18235	3	198	4	93
25501	749	18040	18037	18236	3	199	5	93
25501	750	18040	18037	18238	3	201	5	93
25501	751	18040	18038	18238	2	200	4	93
25501	752	18040	18038	18237	2	199	4	93
25501	753	18038	18037	18236	1	199	3	93
25501	754	18041	18038	18236	3	198	4	93
25501	755	18040	18038	18238	2	200	4	93
25501	756	18040	18037	18236	3	199	5	93
25501	757	18040	18038	18236	2	198	4	93
25501	758	18040	18038	18236	2	198	4	93
25501	759	18044	18042	18242	2	200	4	93
25501	760	18043	18041	18240	2	199	3	93
25501	761	18040	18038	18236	2	198	4	93
25501	762	18040	18038	18237	2	199	5	93
25501	763	18040	18038	18236	2	198	4	93
25501	764	18041	18039	18239	2	200	4	93
25501	765	18040	18038	18237	2	199	5	93
25501	766	18040	18038	18236	2	198	4	93
25501	767	18038	18037	18236	1	199	3	93
25501	768	18041	18038	18236	3	198	4	93
25501	769	18040	18037	18238	3	201	5	93
25501	770	18040	18038	18236	2	198	4	93
25501	771	18040	18039	18237	1	198	4	93
25501	772	18039	18038	18236	1	198	4	93
25501	773	18038	18037	18239	1	202	4	93
25501	774	18037	18037	18234	0	197	3	93
25501	775	18040	18037	18238	3	201	5	93
25501	776	18040	18036	18235	4	199	5	93
25501	777	18040	18037	18238	3	201	5	93
25501	778	18042	18038	18240	4	202	5	93
25501	779	18045	18044	18242	1	198	4	93
25501	780	18040	18038	18235	2	197	3	93
25501	781	18037	18037	18235	0	198	4	93
25501	782	18040	18037	18236	3	199	5	93
25501	783	18040	18038	18238	2	200	4	93
25501	784	18040	18037	18236	3	199	5	93
25501	785	18040	18038	18238	2	200	4	93
25501	786	18040	18037	18237	3	200	4	93
25501	787	18038	18038	18235	0	197	3	93
25501	788	18040	18039	18237	1	198	4	93
25501	789	18040	18037	18237	3	200	4	93
25501	790	18041	18038	18236	3	198	4	93
25501	791	18040	18037	18238	3	201	5	93
25501	792	18039	18038	18236	1	198	4	93
25501	793	18040	18038	18238	2	200	4	93
25501	794	18038	18037	18236	1	199	3	93
25501	795	18040	18038	18238	2	200	4	93
25501	796	18040	18038	18236	2	198	4	93
25501	797	18043	18040	18241	3	201	5	93
25501	798	18045	18043	18243	2	200	4	93
25501	799	18041	18039	18238	2	199	5	93
25501	800	18038	18036	18238	2	202	4	93
25501	801	18039	18036	18234	3	198	4	93
25501	802	18040	18038	18238	2	200	4	93
25501	803	18039	18038	18236	1	198	4	93
25501	804	18040	18038	18236	2	198	4	93
25501	805	18040	18037	18238	3	201	5	93
25501	806	18040	18038	18236	2	198	4	93
25501	807	18038	18037	18236	1	199	3	93
25501	808	18038	18036	18235	2	199	5	93
25501	809	18040	18038	18236	2	198	4	93
25501	810	18040	18038	18236	2	198	4	93
25501	811	18039	18037	18236	2	199	5	93
25501	812	18040	18037	18238	3	201	5	93
25501	813	18043	18040	18240	3	200	5	93
25501	814	18038	18037	18236	1	199	3	93
25501	815	18040	18039	18237	1	198	4	93
25501	816	18045	18044	18242	1	198	4	93
25501	817	18043	18040	18240	3	200	4	93
25501	818	18039	18038	18236	1	198	4	93
25501	819	18040	18037	18236	3	199	5	93
25501	820	18040	18038	18236	2	198	4	93
25501	821	18038	18037	18234	1	197	3	93
25501	822	18040	18037	18238	3	201	5	93
25501	823	18040	18038	18238	2	200	4	93
25501	824	18040	18038	18238	2	200	4	93
25501	825	18040	18037	18237	3	200	4	93
25501	826	18040	18038	18238	2	200	4	93
25501	827	18041	18038	18236	3	198	4	93
25501	828	18037	18036	18234	1	198	4	93
25501	829	18040	18038	18234	2	196	4	93
25501	830	18040	18038	18236	2	198	4	93
25501	831	18040	18037	18236	3	199	5	93
25501	832	18040	18038	18238	2	200	4	93
25501	833	18040	18038	18238	2	200	4	93
25501	834	18043	18040	18241	3	201	5	93
25501	835	18043	18042	18239	1	197	3	93
25501	836	18041	18040	18238	1	198	4	93
25501	837	18040	18037	18237	3	200	4	93
25501	838	18040	18037	18238	3	201	5	93
25501	839	18040	18038	18236	2	198	4	93
25501	840	18040	18038	18236	2	198	4	93
25501	841	18040	18037	18236	3	199	5	93
25501	842	18038	18036	18235	2	199	3	93
25501	843	18040	18038	18238	2	200	4	93
25501	844	18040	18038	18236	2	198	4	93
25501	845	18040	18038	18236	2	198	4	93
25501	846	18041	18038	18238	3	200	4	93
25501	847	18040	18037	18237	3	200	4	93
25501	848	18040	18036	18237	4	201	5	93
25501	849	18038	18037	18236	1	199	3	93
25501	850	18039	18038	18236	1	198	4	93
25501	851	18040	18037	18238	3	201	5	93
25501	852	18044	18042	18242	2	200	4	93
25501	853	18044	18042	18242	2	200	4	93
25501	854	18040	18037	18236	3	199	5	93
25501	855	18038	18037	18238	1	201	3	93
25501	856	18039	18037	18237	2	200	4	93
25501	857	18039	18038	18236	1	198	4	93
25501	858	18040	18037	18236	3	199	5	93
25501	859	18040	18038	18236	2	198	4	93
25501	860	18040	18038	18236	2	198	4	93
25501	861	18040	18036	18237	4	201	5	93
25501	862	18038	18037	18234	1	197	3	93
25501	863	18038	18037	18236	1	199	3	93
25501	864	18039	18037	18236	2	199	5	93
25501	865	18040	18038	18236	2	198	4	93
25501	866	18040	18038	18238	2	200	4	93
25501	867	18040	18038	18238	2	200	4	93
25501	868	18040	18037	18236	3	199	5	93
25501	869	18040	18039	18236	1	197	3	93
25501	870	18044	18043	18239	1	196	4	93
25501	871	18042	18039	18237	3	198	4	93
25501	872	18041	18038	18238	3	200	4	93
25501	873	18040	18036	18237	4	201	5	93
25501	874	18040	18038	18236	2	198	4	93
25501	875	18040	18038	18238	2	200	4	93
25501	876	18037	18036	18234	1	198	4	93
25501	877	18040	18038	18238	2	200	4	93
25501	878	18040	18038	18237	2	199	4	93
25501	879	18040	18037	18236	3	199	4	93
25501	880	18040	18038	18238	2	200	4	93
25501	881	18040	18037	18238	3	201	5	93
25501	882	18040	18036	18236	4	200	5	93
25501	883	18038	18037	18234	1	197	3	93
25501	884	18040	18038	18237	2	199	4	93
25501	885	18040	18038	18236	2	198	4	93
25501	886	18042	18040	18239	2	199	4	93
25501	887	18046	18044	18242	2	198	4	93
25501	888	18041	18038	18239	3	201	5	93
25501	889	18040	18037	18238	3	201	5	93
25501	890	18038	18036	18236	2	200	4	93
25501	891	18040	18038	18236	2	198	4	93
25501	892	18040	18039	18237	1	198	4	93
25501	893	18039	18037	18236	2	199	5	93
25501	894	18040	18038	18238	2	200	4	93
25501	895	18040	18037	18236	3	199	5	93
25501	896	18038	18036	18236	2	200	4	93
25501	897	18038	18037	18236	1	199	3	93
25501	898	18040	18038	18238	2	200	4	93
25501	899	18040	18037	18237	3	200	4	93
25501	900	18040	18038	18238	2	200	4	93
25501	901	18040	18037	18237	3	200	4	93
25501	902	18040	18037	18238	3	201	5	93
25501	903	18042	18040	18239	2	199	3	93
25501	904	18045	18042	18242	3	200	4	93
25501	905	18040	18038	18238	2	200	4	93
25501	906	18041	18038	18238	3	200	4	93
25501	907	18040	18038	18236	2	198	4	93
25501	908	18040	18037	18237	3	200	4	93
25501	909	18040	18037	18238	3	201	5	93
25501	910	18037	18036	18234	1	198	4	93
25501	911	18040	18038	18236	2	198	4	93
25501	912	18039	18038	18236	1	198	4	93
25501	913	18039	18037	18236	2	199	5	93
25501	914	18040	18038	18236	2	198	4	93
25501	915	18040	18037	18235	3	198	4	93
25501	916	18038	18036	18234	2	198	4	93
25501	917	18038	18038	18235	0	197	3	93
25501	918	18040	18038	18238	2	200	4	93
25501	919	18043	18040	18240	3	200	4	93
25501	920	18046	18044	18242	2	198	4	93
25501	921	18041	18039	18239	2	200	4	93
25501	922	18040	18037	18235	3	198	4	93
25501	923	18038	18037	18235	1	198	4	93
25501	924	18038	18036	18236	2	200	4	93
25501	925	18039	18038	18236	1	198	4	93
25501	926	18040	18038	18236	2	198	4	93
25501	927	18040	18038	18237	2	199	4	93
25501	928	18040	18038	18236	2	198	4	93
25501	929	18040	18037	18238	3	201	5	93
25501	930	18038	18037	18236	1	199	3	93
25501	931	18039	18038	18236	1	198	4	93
25501	932	18039	18038	18236	1	198	4	93
25501	933	18040	18038	18236	2	198	4	93
25501	934	18040	18038	18238	2	200	4	93
25501	935	18044	18043	18241	1	198	4	93
25501	936	18044	18041	18241	3	200	4	93
25501	937	18038	18036	18234	2	198	4	93
25501	938	18039	18037	18236	2	199	5	93
25501	939	18039	18037	18235	2	198	4	93
25501	940	18041	18038	18236	3	198	4	93
25501	941	18040	18038	18238	2	200	4	93
25501	942	18040	18038	18238	2	200	4	93
25501	943	18040	18037	18236	3	199	5	93
25501	944	18038	18036	18234	2	198	4	93
25501	945	18040	18038	18238	2	200	4	93
25501	946	18040	18038	18234	2	196	4	93
25501	947	18040	18038	18238	2	200	4	93
25501	948	18040	18037	18236	3	199	5	93
25501	949	18040	18038	18238	2	200	4	93
25501	950	18040	18038	18236	2	198	4	93
25501	951	18042	18041	18240	1	199	3	93
25501	952	18043	18041	18240	2	199	5	93
25501	953	18040	18038	18238	2	200	4	93
25501	954	18040	18038	18236	2	198	4	93
25501	955	18040	18036	18237	4	201	5	93
25501	956	18039	18038	18236	1	198	4	93
25501	957	18038	18037	18234	1	197	3	93
25501	958	18039	18037	18236	2	199	5	93
25501	959	18040	18038	18238	2	200	4	93
25501	960	18040	18038	18238	2	200	4	93
25501	961	18040	18038	18236	2	198	4	93
25501	962	18040	18037	18236	3	199	5	93
25501	963	18040	18037	18237	3	200	4	93
25501	964	18038	18035	18235	3	200	4	93
25501	965	18040	18037	18236	3	199	5	93
25501	966	18043	18040	18241	3	201	5	93
25501	967	18046	18043	18241	3	198	4	93
25501	968	18040	18037	18237	3	200	4	93
25501	969	18040	18038	18238	2	200	4	93
25501	970	18040	18037	18237	3	200	4	93
25501	971	18038	18037	18236	1	199	3	93
25501	972	18040	18038	18237	2	199	5	93
25501	973	18040	18038	18238	2	200	4	93
25501	974	18040	18038	18238	2	200	4	93
25501	975	18040	18038	18236	2	198	4	93
25501	976	18040	18038	18238	2	200	4	93
25501	977	18038	18037	18232	1	195	3	93
25501	978	18038	18036	18234	2	198	4	93
25501	979	18040	18037	18238	3	201	5	93
25501	980	18040	18038	18236	2	198	4	93
25501	981	18040	18038	18238	2	200	4	93
25501	982	18045	18043	18241	2	198	4	93
25501	983	18043	18041	18241	2	200	4	93
25501	984	18038	18037	18234	1	197	3	93
25501	985	18037	18037	18234	0	197	3	93
25501	986	18040	18038	18238	2	200	4	93
25501	987	18040	18037	18238	3	201	5	93
25501	988	18040	18038	18238	2	200	4	93
25501	989	18040	18038	18238	2	200	4	93
25501	990	18040	18037	18237	3	200	4	93
25501	991	18038	18037	18236	1	199	3	93
25501	992	18040	18038	18238	2	200	4	93
25501	993	18040	18036	18239	4	203	5	93
25501	994	18040	18038	18238	2	200	4	93
25501	995	18040	18038	18238	2	200	4	93
25501	996	18040	18038	18238	2	200	4	93
25501	997	18042	18039	18240	3	201	5	93
25501	998	18043	18043	18240	0	197	3	93
25501	999	18041	18038	18238	3	200	4	93
25501	1000	18040	18037	18236	3	199	5	93
