RUNID	ITERNUM	METIME	PRTIME	TPRTIME	DIFF	TDIFF	NRPROCS	NPROCS
25541	1	20044	20041	20242	3	201	5	93
25541	2	20044	20042	20241	2	199	5	93
25541	3	20044	20043	20241	1	198	4	93
25541	4	20044	20042	20242	2	200	4	93
25541	5	20045	20042	20238	3	196	4	93
25541	6	20044	20042	20240	2	198	4	93
25541	7	20044	20042	20242	2	200	4	93
25541	8	20045	20041	20242	4	201	5	93
25541	9	20045	20042	20241	3	199	4	93
25541	10	20044	20042	20242	2	200	4	93
25541	11	20164	20045	20360	119	315	5	94
25541	12	20044	20042	20245	2	203	4	93
25541	13	20047	20043	20245	4	202	5	93
25541	14	20044	20042	20241	2	199	5	93
25541	15	20045	20041	20242	4	201	5	93
25541	16	20044	20042	20242	2	200	4	93
25541	17	20045	20042	20242	3	200	4	93
25541	18	20044	20042	20242	2	200	4	93
25541	19	20045	20042	20242	3	200	4	93
25541	20	20044	20042	20242	2	200	4	93
25541	21	20045	20041	20242	4	201	5	93
25541	22	20045	20042	20242	3	200	4	93
25541	23	20044	20042	20242	2	200	4	93
25541	24	20044	20042	20241	2	199	4	93
25541	25	20044	20042	20240	2	198	4	93
25541	26	20045	20041	20241	4	200	4	93
25541	27	20045	20042	20242	3	200	4	93
25541	28	20045	20041	20241	4	200	5	93
25541	29	20044	20041	20242	3	201	5	93
25541	30	20044	20043	20241	1	198	4	93
25541	31	20044	20041	20239	3	198	4	93
25541	32	20045	20042	20242	3	200	4	93
25541	33	20045	20042	20240	3	198	4	93
25541	34	20044	20041	20240	3	199	5	93
25541	35	20044	20042	20242	2	200	4	93
25541	36	20044	20042	20242	2	200	4	93
25541	37	20044	20043	20241	1	198	4	93
25541	38	20045	20042	20242	3	200	4	93
25541	39	20044	20042	20242	2	200	4	93
25541	40	20044	20042	20240	2	198	4	93
25541	41	20044	20041	20242	3	201	5	93
25541	42	20045	20041	20240	4	199	5	93
25541	43	20044	20043	20241	1	198	4	93
25541	44	20044	20041	20242	3	201	5	93
25541	45	20044	20042	20242	2	200	4	93
25541	46	20044	20043	20241	1	198	4	93
25541	47	20044	20041	20240	3	199	5	93
25541	48	20045	20041	20242	4	201	5	93
25541	49	20044	20042	20240	2	198	4	93
25541	50	20044	20042	20242	2	200	4	93
25541	51	20044	20041	20242	3	201	5	93
25541	52	20044	20042	20242	2	200	4	93
25541	53	20044	20041	20241	3	200	5	93
25541	54	20044	20041	20240	3	199	5	93
25541	55	20045	20041	20240	4	199	5	93
25541	56	20045	20043	20243	2	200	4	93
25541	57	20044	20042	20242	2	200	4	93
25541	58	20044	20042	20242	2	200	4	93
25541	59	20044	20043	20241	1	198	4	93
25541	60	20044	20041	20242	3	201	5	93
25541	61	20045	20042	20242	3	200	4	93
25541	62	20044	20043	20241	1	198	4	93
25541	63	20044	20042	20242	2	200	4	93
25541	64	20045	20042	20242	3	200	4	93
25541	65	20043	20042	20240	1	198	4	93
25541	66	20044	20042	20242	2	200	4	93
25541	67	20044	20041	20260	3	219	7	94
25541	68	20044	20041	20242	3	201	5	93
25541	69	20045	20042	20242	3	200	4	93
25541	70	20044	20042	20242	2	200	4	93
25541	71	20044	20042	20240	2	198	4	93
25541	72	20044	20042	20242	2	200	4	93
25541	73	20044	20042	20240	2	198	4	93
25541	74	20044	20041	20242	3	201	5	93
25541	75	20044	20042	20242	2	200	4	93
25541	76	20044	20042	20242	2	200	4	93
25541	77	20044	20042	20242	2	200	4	93
25541	78	20044	20041	20240	3	199	5	93
25541	79	20044	20042	20242	2	200	4	93
25541	80	20045	20042	20242	3	200	4	93
25541	81	20043	20041	20240	2	199	5	93
25541	82	20044	20042	20240	2	198	4	93
25541	83	20044	20042	20242	2	200	4	93
25541	84	20043	20042	20240	1	198	4	93
25541	85	20044	20042	20240	2	198	4	93
25541	86	20044	20042	20240	2	198	4	93
25541	87	20044	20042	20243	2	201	4	93
25541	88	20044	20042	20240	2	198	4	93
25541	89	20044	20041	20239	3	198	4	93
25541	90	20044	20042	20241	2	199	4	93
25541	91	20044	20042	20242	2	200	4	93
25541	92	20044	20042	20242	2	200	4	93
25541	93	20045	20042	20242	3	200	4	93
25541	94	20045	20041	20241	4	200	5	93
25541	95	20043	20041	20240	2	199	5	93
25541	96	20045	20042	20242	3	200	4	93
25541	97	20044	20042	20242	2	200	4	93
25541	98	20044	20042	20242	2	200	4	93
25541	99	20044	20042	20242	2	200	4	93
25541	100	20044	20042	20242	2	200	4	93
25541	101	20044	20042	20256	2	214	6	94
25541	102	20044	20042	20242	2	200	4	93
25541	103	20044	20042	20242	2	200	4	93
25541	104	20044	20042	20242	2	200	4	93
25541	105	20044	20043	20241	1	198	4	93
25541	106	20044	20042	20242	2	200	4	93
25541	107	20044	20043	20241	1	198	4	93
25541	108	20044	20041	20242	3	201	5	93
25541	109	20045	20041	20242	4	201	5	93
25541	110	20044	20041	20241	3	200	5	93
25541	111	20043	20041	20240	2	199	5	93
25541	112	20044	20042	20242	2	200	4	93
25541	113	20044	20042	20240	2	198	4	93
25541	114	20044	20042	20240	2	198	4	93
25541	115	20044	20042	20240	2	198	4	93
25541	116	20044	20042	20242	2	200	4	93
25541	117	20044	20041	20240	3	199	5	93
25541	118	20044	20042	20240	2	198	4	93
25541	119	20044	20042	20242	2	200	4	93
25541	120	20044	20043	20241	1	198	4	93
25541	121	20044	20042	20240	2	198	4	93
25541	122	20044	20042	20240	2	198	4	93
25541	123	20044	20041	20242	3	201	5	93
25541	124	20044	20042	20240	2	198	4	93
25541	125	20045	20042	20242	3	200	4	93
25541	126	20044	20041	20242	3	201	5	93
25541	127	20044	20041	20241	3	200	4	93
25541	128	20044	20042	20240	2	198	4	93
25541	129	20043	20041	20240	2	199	5	93
25541	130	20043	20042	20240	1	198	4	93
25541	131	20044	20042	20242	2	200	4	93
25541	132	20045	20043	20243	2	200	4	93
25541	133	20046	20043	20243	3	200	4	93
25541	134	20047	20045	20245	2	200	4	93
25541	135	20047	20045	20244	2	199	5	93
25541	136	20046	20044	20243	2	199	5	93
25541	137	20047	20046	20244	1	198	4	93
25541	138	20046	20044	20242	2	198	4	93
25541	139	20045	20043	20243	2	200	4	93
25541	140	20044	20043	20241	1	198	4	93
25541	141	20044	20041	20241	3	200	4	93
25541	142	20044	20041	20240	3	199	5	93
25541	143	20044	20040	20242	4	202	5	93
25541	144	20045	20041	20243	4	202	5	93
25541	145	20044	20041	20242	3	201	5	93
25541	146	20044	20042	20240	2	198	4	93
25541	147	20044	20042	20240	2	198	4	93
25541	148	20044	20041	20241	3	200	4	93
25541	149	20044	20042	20240	2	198	4	93
25541	150	20044	20042	20240	2	198	4	93
25541	151	20044	20041	20242	3	201	5	93
25541	152	20044	20042	20242	2	200	4	93
25541	153	20044	20042	20240	2	198	4	93
25541	154	20043	20041	20240	2	199	5	93
25541	155	20044	20042	20242	2	200	4	93
25541	156	20044	20042	20240	2	198	4	93
25541	157	20044	20041	20240	3	199	5	93
25541	158	20045	20042	20242	3	200	4	93
25541	159	20044	20042	20242	2	200	4	93
25541	160	20044	20041	20242	3	201	5	93
25541	161	20044	20041	20242	3	201	5	93
25541	162	20044	20042	20243	2	201	4	93
25541	163	20044	20042	20242	2	200	4	93
25541	164	20044	20042	20242	2	200	4	93
25541	165	20044	20042	20242	2	200	4	93
25541	166	20044	20041	20242	3	201	5	93
25541	167	20044	20041	20242	3	201	5	93
25541	168	20044	20042	20240	2	198	4	93
25541	169	20044	20043	20241	1	198	4	93
25541	170	20044	20042	20240	2	198	4	93
25541	171	20044	20041	20240	3	199	5	93
25541	172	20044	20042	20240	2	198	4	93
25541	173	20044	20042	20240	2	198	4	93
25541	174	20044	20042	20242	2	200	4	93
25541	175	20044	20042	20240	2	198	4	93
25541	176	20044	20042	20242	2	200	4	93
25541	177	20045	20042	20242	3	200	4	93
25541	178	20043	20042	20240	1	198	4	93
25541	179	20044	20042	20242	2	200	4	93
25541	180	20044	20041	20242	3	201	5	93
25541	181	20043	20042	20240	1	198	4	93
25541	182	20044	20042	20240	2	198	4	93
25541	183	20044	20042	20242	2	200	4	93
25541	184	20044	20042	20242	2	200	4	93
25541	185	20044	20042	20242	2	200	4	93
25541	186	20044	20041	20240	3	199	5	93
25541	187	20044	20041	20240	3	199	5	93
25541	188	20044	20042	20240	2	198	4	93
25541	189	20044	20042	20240	2	198	4	93
25541	190	20044	20043	20241	1	198	4	93
25541	191	20044	20041	20242	3	201	5	93
25541	192	20045	20042	20241	3	199	4	93
25541	193	20044	20041	20242	3	201	5	93
25541	194	20044	20041	20242	3	201	5	93
25541	195	20044	20042	20242	2	200	4	93
25541	196	20044	20042	20240	2	198	4	93
25541	197	20044	20042	20240	2	198	4	93
25541	198	20044	20042	20240	2	198	4	93
25541	199	20044	20042	20242	2	200	4	93
25541	200	20044	20041	20240	3	199	5	93
25541	201	20044	20042	20241	2	199	5	93
25541	202	20044	20042	20240	2	198	4	93
25541	203	20043	20042	20253	1	211	6	94
25541	204	20044	20042	20242	2	200	4	93
25541	205	20044	20042	20240	2	198	4	93
25541	206	20045	20042	20242	3	200	4	93
25541	207	20044	20042	20241	2	199	5	93
25541	208	20044	20040	20241	4	201	5	93
25541	209	20044	20042	20240	2	198	4	93
25541	210	20044	20042	20242	2	200	4	93
25541	211	20044	20042	20242	2	200	4	93
25541	212	20044	20042	20242	2	200	4	93
25541	213	20044	20041	20242	3	201	5	93
25541	214	20044	20042	20242	2	200	4	93
25541	215	20045	20042	20240	3	198	4	93
25541	216	20044	20042	20242	2	200	4	93
25541	217	20044	20042	20242	2	200	4	93
25541	218	20044	20042	20240	2	198	4	93
25541	219	20044	20042	20242	2	200	4	93
25541	220	20044	20041	20242	3	201	5	93
25541	221	20043	20041	20240	2	199	5	93
25541	222	20044	20042	20242	2	200	4	93
25541	223	20044	20042	20241	2	199	4	93
25541	224	20044	20042	20240	2	198	4	93
25541	225	20044	20043	20241	1	198	4	93
25541	226	20044	20042	20242	2	200	4	93
25541	227	20044	20041	20242	3	201	5	93
25541	228	20044	20042	20242	2	200	4	93
25541	229	20044	20042	20242	2	200	4	93
25541	230	20044	20042	20240	2	198	4	93
25541	231	20045	20042	20242	3	200	4	93
25541	232	20044	20042	20242	2	200	4	93
25541	233	20044	20042	20240	2	198	4	93
25541	234	20044	20041	20242	3	201	5	93
25541	235	20044	20041	20242	3	201	5	93
25541	236	20044	20043	20241	1	198	4	93
25541	237	20044	20042	20242	2	200	4	93
25541	238	20045	20042	20243	3	201	5	93
25541	239	20047	20044	20244	3	200	4	93
25541	240	20047	20046	20244	1	198	4	93
25541	241	20047	20043	20244	4	201	5	93
25541	242	20048	20046	20244	2	198	4	93
25541	243	20047	20045	20245	2	200	4	93
25541	244	20046	20044	20242	2	198	4	93
25541	245	20046	20043	20243	3	200	4	93
25541	246	20044	20042	20242	2	200	4	93
25541	247	20044	20041	20242	3	201	5	93
25541	248	20044	20042	20242	2	200	4	93
25541	249	20044	20042	20242	2	200	4	93
25541	250	20044	20041	20240	3	199	5	93
25541	251	20044	20042	20242	2	200	4	93
25541	252	20044	20041	20241	3	200	4	93
25541	253	20045	20041	20242	4	201	5	93
25541	254	20044	20042	20242	2	200	4	93
25541	255	20044	20042	20242	2	200	4	93
25541	256	20044	20041	20241	3	200	4	93
25541	257	20044	20042	20240	2	198	4	93
25541	258	20044	20042	20240	2	198	4	93
25541	259	20044	20041	20241	3	200	5	93
25541	260	20044	20042	20240	2	198	4	93
25541	261	20044	20042	20242	2	200	4	93
25541	262	20044	20042	20242	2	200	4	93
25541	263	20045	20042	20242	3	200	4	93
25541	264	20044	20041	20240	3	199	5	93
25541	265	20043	20042	20240	1	198	4	93
25541	266	20044	20043	20241	1	198	4	93
25541	267	20044	20040	20239	4	199	5	93
25541	268	20044	20042	20240	2	198	4	93
25541	269	20045	20042	20242	3	200	4	93
25541	270	20044	20041	20242	3	201	5	93
25541	271	20044	20042	20242	2	200	4	93
25541	272	20045	20042	20240	3	198	4	93
25541	273	20044	20041	20240	3	199	5	93
25541	274	20044	20042	20242	2	200	4	93
25541	275	20044	20042	20242	2	200	4	93
25541	276	20044	20040	20241	4	201	5	93
25541	277	20044	20043	20241	1	198	4	93
25541	278	20044	20042	20242	2	200	4	93
25541	279	20044	20042	20240	2	198	4	93
25541	280	20045	20043	20240	2	197	4	93
25541	281	20044	20042	20240	2	198	4	93
25541	282	20044	20041	20240	3	199	4	93
25541	283	20044	20042	20242	2	200	4	93
25541	284	20044	20041	20242	3	201	5	93
25541	285	20044	20042	20242	2	200	4	93
25541	286	20043	20042	20240	1	198	4	93
25541	287	20044	20042	20241	2	199	5	93
25541	288	20044	20042	20242	2	200	4	93
25541	289	20044	20042	20242	2	200	4	93
25541	290	20044	20042	20242	2	200	4	93
25541	291	20044	20042	20241	2	199	4	93
25541	292	20045	20042	20242	3	200	4	93
25541	293	20044	20041	20242	3	201	5	93
25541	294	20044	20042	20240	2	198	4	93
25541	295	20045	20043	20241	2	198	4	93
25541	296	20045	20041	20240	4	199	5	93
25541	297	20044	20042	20242	2	200	4	93
25541	298	20044	20043	20241	1	198	4	93
25541	299	20044	20040	20241	4	201	5	93
25541	300	20044	20042	20240	2	198	4	93
25541	301	20045	20042	20242	3	200	4	93
25541	302	20044	20041	20242	3	201	5	93
25541	303	20045	20042	20242	3	200	4	93
25541	304	20044	20043	20241	1	198	4	93
25541	305	20044	20041	20258	3	217	6	94
25541	306	20044	20043	20241	1	198	4	93
25541	307	20044	20042	20242	2	200	4	93
25541	308	20044	20042	20242	2	200	4	93
25541	309	20044	20041	20245	3	204	5	93
25541	310	20044	20042	20240	2	198	4	93
25541	311	20045	20042	20242	3	200	4	93
25541	312	20044	20042	20240	2	198	4	93
25541	313	20044	20042	20242	2	200	4	93
25541	314	20044	20042	20242	2	200	4	93
25541	315	20044	20042	20241	2	199	5	93
25541	316	20044	20042	20240	2	198	4	93
25541	317	20045	20042	20240	3	198	4	93
25541	318	20044	20042	20241	2	199	5	93
25541	319	20047	20045	20243	2	198	4	93
25541	320	20044	20042	20242	2	200	4	93
25541	321	20044	20042	20241	2	199	5	93
25541	322	20045	20042	20242	3	200	4	93
25541	323	20044	20042	20240	2	198	4	93
25541	324	20044	20042	20241	2	199	5	93
25541	325	20044	20041	20242	3	201	5	93
25541	326	20044	20042	20240	2	198	4	93
25541	327	20044	20043	20241	1	198	4	93
25541	328	20044	20043	20241	1	198	4	93
25541	329	20045	20042	20240	3	198	4	93
25541	330	20044	20042	20239	2	197	4	93
25541	331	20044	20041	20240	3	199	5	93
25541	332	20044	20042	20242	2	200	4	93
25541	333	20045	20042	20242	3	200	4	93
25541	334	20044	20041	20241	3	200	4	93
25541	335	20045	20042	20242	3	200	4	93
25541	336	20045	20042	20242	3	200	4	93
25541	337	20044	20041	20242	3	201	5	93
25541	338	20044	20041	20242	3	201	5	93
25541	339	20044	20042	20242	2	200	4	93
25541	340	20045	20042	20242	3	200	4	93
25541	341	20044	20042	20240	2	198	4	93
25541	342	20044	20042	20240	2	198	4	93
25541	343	20044	20042	20240	2	198	4	93
25541	344	20045	20041	20240	4	199	5	93
25541	345	20044	20042	20242	2	200	4	93
25541	346	20044	20042	20239	2	197	4	93
25541	347	20044	20041	20241	3	200	4	93
25541	348	20045	20042	20240	3	198	4	93
25541	349	20044	20042	20242	2	200	4	93
25541	350	20044	20042	20242	2	200	4	93
25541	351	20044	20041	20242	3	201	5	93
25541	352	20044	20042	20241	2	199	5	93
25541	353	20044	20042	20242	2	200	4	93
25541	354	20044	20042	20242	2	200	4	93
25541	355	20044	20042	20242	2	200	4	93
25541	356	20044	20042	20240	2	198	4	93
25541	357	20044	20042	20241	2	199	5	93
25541	358	20044	20040	20241	4	201	5	93
25541	359	20044	20042	20242	2	200	4	93
25541	360	20045	20042	20241	3	199	4	93
25541	361	20044	20042	20242	2	200	4	93
25541	362	20044	20043	20241	1	198	4	93
25541	363	20044	20042	20240	2	198	4	93
25541	364	20044	20041	20240	3	199	5	93
25541	365	20045	20041	20242	4	201	5	93
25541	366	20044	20042	20242	2	200	4	93
25541	367	20045	20042	20242	3	200	4	93
25541	368	20045	20042	20242	3	200	4	93
25541	369	20044	20042	20240	2	198	4	93
25541	370	20044	20042	20241	2	199	5	93
25541	371	20044	20041	20242	3	201	5	93
25541	372	20044	20042	20242	2	200	4	93
25541	373	20044	20042	20242	2	200	4	93
25541	374	20044	20042	20242	2	200	4	93
25541	375	20044	20042	20242	2	200	4	93
25541	376	20045	20042	20242	3	200	4	93
25541	377	20044	20042	20242	2	200	4	93
25541	378	20044	20041	20242	3	201	5	93
25541	379	20044	20041	20242	3	201	5	93
25541	380	20044	20043	20241	1	198	4	93
25541	381	20044	20042	20241	2	199	5	93
25541	382	20044	20043	20242	1	199	4	93
25541	383	20044	20042	20240	2	198	4	93
25541	384	20044	20042	20240	2	198	4	93
25541	385	20044	20041	20241	3	200	4	93
25541	386	20044	20041	20242	3	201	5	93
25541	387	20044	20042	20240	2	198	4	93
25541	388	20045	20042	20242	3	200	4	93
25541	389	20044	20043	20241	1	198	4	93
25541	390	20044	20042	20242	2	200	4	93
25541	391	20045	20041	20242	4	201	5	93
25541	392	20044	20042	20241	2	199	5	93
25541	393	20044	20042	20242	2	200	4	93
25541	394	20045	20041	20242	4	201	5	93
25541	395	20044	20042	20240	2	198	4	93
25541	396	20043	20042	20240	1	198	4	93
25541	397	20044	20042	20240	2	198	4	93
25541	398	20044	20040	20241	4	201	5	93
25541	399	20044	20042	20242	2	200	4	93
25541	400	20044	20042	20245	2	203	4	93
25541	401	20044	20042	20240	2	198	4	93
25541	402	20044	20042	20240	2	198	4	93
25541	403	20045	20042	20242	3	200	4	93
25541	404	20044	20041	20242	3	201	5	93
25541	405	20044	20041	20240	3	199	5	93
25541	406	20044	20042	20240	2	198	4	93
25541	407	20045	20042	20242	3	200	4	93
25541	408	20044	20042	20242	2	200	4	93
25541	409	20045	20042	20242	3	200	4	93
25541	410	20044	20042	20242	2	200	4	93
25541	411	20045	20041	20240	4	199	5	93
25541	412	20044	20042	20240	2	198	4	93
25541	413	20045	20042	20242	3	200	4	93
25541	414	20044	20042	20242	2	200	4	93
25541	415	20044	20042	20242	2	200	4	93
25541	416	20044	20042	20240	2	198	4	93
25541	417	20046	20043	20242	3	199	4	93
25541	418	20044	20042	20240	2	198	4	93
25541	419	20045	20042	20240	3	198	4	93
25541	420	20044	20043	20241	1	198	4	93
25541	421	20044	20042	20242	2	200	4	93
25541	422	20044	20042	20242	2	200	4	93
25541	423	20044	20042	20242	2	200	4	93
25541	424	20044	20040	20241	4	201	5	93
25541	425	20044	20043	20241	1	198	4	93
25541	426	20045	20041	20242	4	201	5	93
25541	427	20044	20042	20242	2	200	4	93
25541	428	20044	20042	20242	2	200	4	93
25541	429	20044	20043	20241	1	198	4	93
25541	430	20044	20041	20239	3	198	4	93
25541	431	20044	20042	20242	2	200	4	93
25541	432	20045	20041	20242	4	201	5	93
25541	433	20045	20042	20242	3	200	4	93
25541	434	20045	20042	20240	3	198	4	93
25541	435	20044	20042	20240	2	198	4	93
25541	436	20044	20042	20240	2	198	4	93
25541	437	20044	20042	20240	2	198	4	93
25541	438	20044	20041	20242	3	201	5	93
25541	439	20044	20042	20242	2	200	4	93
25541	440	20044	20042	20242	2	200	4	93
25541	441	20044	20043	20261	1	218	6	94
25541	442	20044	20042	20242	2	200	4	93
25541	443	20044	20042	20242	2	200	4	93
25541	444	20044	20041	20242	3	201	5	93
25541	445	20044	20041	20242	3	201	5	93
25541	446	20044	20042	20240	2	198	4	93
25541	447	20044	20042	20239	2	197	4	93
25541	448	20044	20042	20241	2	199	5	93
25541	449	20044	20042	20242	2	200	4	93
25541	450	20045	20042	20242	3	200	4	93
25541	451	20044	20042	20240	2	198	4	93
25541	452	20044	20042	20242	2	200	4	93
25541	453	20044	20042	20240	2	198	4	93
25541	454	20044	20041	20240	3	199	5	93
25541	455	20044	20043	20241	1	198	4	93
25541	456	20044	20042	20242	2	200	4	93
25541	457	20044	20041	20242	3	201	5	93
25541	458	20044	20042	20242	2	200	4	93
25541	459	20044	20042	20241	2	199	4	93
25541	460	20044	20041	20242	3	201	5	93
25541	461	20044	20043	20241	1	198	4	93
25541	462	20044	20042	20242	2	200	4	93
25541	463	20044	20041	20242	3	201	5	93
25541	464	20045	20042	20242	3	200	4	93
25541	465	20044	20042	20240	2	198	4	93
25541	466	20044	20041	20240	3	199	5	93
25541	467	20044	20042	20240	2	198	4	93
25541	468	20044	20042	20242	2	200	4	93
25541	469	20044	20041	20242	3	201	5	93
25541	470	20044	20042	20243	2	201	4	93
25541	471	20044	20043	20241	1	198	4	93
25541	472	20044	20043	20241	1	198	4	93
25541	473	20044	20042	20242	2	200	4	93
25541	474	20044	20042	20242	2	200	4	93
25541	475	20044	20042	20242	2	200	4	93
25541	476	20044	20042	20240	2	198	4	93
25541	477	20044	20041	20242	3	201	5	93
25541	478	20044	20041	20240	3	199	5	93
25541	479	20044	20043	20241	1	198	4	93
25541	480	20044	20042	20241	2	199	4	93
25541	481	20044	20042	20240	2	198	4	93
25541	482	20045	20041	20242	4	201	5	93
25541	483	20044	20042	20240	2	198	4	93
25541	484	20044	20042	20241	2	199	4	93
25541	485	20044	20043	20241	1	198	4	93
25541	486	20044	20042	20242	2	200	4	93
25541	487	20045	20042	20242	3	200	4	93
25541	488	20044	20041	20241	3	200	5	93
25541	489	20044	20041	20242	3	201	5	93
25541	490	20045	20042	20242	3	200	4	93
25541	491	20044	20042	20242	2	200	4	93
25541	492	20044	20042	20240	2	198	4	93
25541	493	20044	20042	20242	2	200	4	93
25541	494	20045	20042	20242	3	200	4	93
25541	495	20045	20041	20242	4	201	5	93
25541	496	20045	20041	20242	4	201	5	93
25541	497	20044	20042	20240	2	198	4	93
25541	498	20044	20043	20241	1	198	4	93
25541	499	20044	20041	20239	3	198	4	93
25541	500	20044	20042	20242	2	200	4	93
25541	501	20044	20042	20241	2	199	5	93
25541	502	20044	20041	20240	3	199	5	93
25541	503	20044	20042	20241	2	199	4	93
25541	504	20044	20042	20240	2	198	4	93
25541	505	20044	20042	20242	2	200	4	93
25541	506	20044	20042	20242	2	200	4	93
25541	507	20044	20042	20242	2	200	4	93
25541	508	20044	20041	20240	3	199	5	93
25541	509	20045	20042	20240	3	198	4	93
25541	510	20044	20042	20240	2	198	4	93
25541	511	20045	20042	20242	3	200	4	93
25541	512	20045	20042	20240	3	198	4	93
25541	513	20044	20042	20241	2	199	4	93
25541	514	20044	20041	20242	3	201	5	93
25541	515	20044	20041	20240	3	199	5	93
25541	516	20044	20042	20240	2	198	4	93
25541	517	20044	20042	20240	2	198	4	93
25541	518	20044	20042	20242	2	200	4	93
25541	519	20045	20042	20240	3	198	4	93
25541	520	20045	20042	20240	3	198	4	93
25541	521	20044	20042	20240	2	198	4	93
25541	522	20044	20042	20242	2	200	4	93
25541	523	20044	20042	20239	2	197	4	93
25541	524	20044	20042	20240	2	198	4	93
25541	525	20044	20043	20241	1	198	4	93
25541	526	20044	20042	20243	2	201	4	93
25541	527	20044	20042	20240	2	198	4	93
25541	528	20044	20041	20240	3	199	5	93
25541	529	20044	20041	20242	3	201	5	93
25541	530	20044	20042	20241	2	199	4	93
25541	531	20044	20042	20242	2	200	4	93
25541	532	20044	20042	20242	2	200	4	93
25541	533	20044	20042	20240	2	198	4	93
25541	534	20044	20043	20241	1	198	4	93
25541	535	20045	20041	20242	4	201	5	93
25541	536	20044	20042	20242	2	200	4	93
25541	537	20044	20042	20242	2	200	4	93
25541	538	20044	20043	20241	1	198	4	93
25541	539	20043	20042	20240	1	198	4	93
25541	540	20044	20042	20242	2	200	4	93
25541	541	20045	20041	20242	4	201	5	93
25541	542	20044	20041	20242	3	201	5	93
25541	543	20045	20042	20242	3	200	4	93
25541	544	20044	20041	20241	3	200	4	93
25541	545	20044	20042	20240	2	198	4	93
25541	546	20045	20042	20241	3	199	4	93
25541	547	20043	20041	20240	2	199	5	93
25541	548	20044	20041	20240	3	199	5	93
25541	549	20044	20043	20241	1	198	4	93
25541	550	20044	20042	20242	2	200	4	93
25541	551	20045	20042	20242	3	200	4	93
25541	552	20044	20043	20241	1	198	4	93
25541	553	20044	20043	20240	1	197	4	93
25541	554	20045	20041	20242	4	201	5	93
25541	555	20045	20042	20242	3	200	4	93
25541	556	20045	20043	20243	2	200	4	93
25541	557	20045	20042	20241	3	199	5	93
25541	558	20045	20043	20243	2	200	4	93
25541	559	20046	20044	20242	2	198	4	93
25541	560	20046	20044	20244	2	200	4	93
25541	561	20046	20042	20243	4	201	5	93
25541	562	20046	20044	20242	2	198	4	93
25541	563	20045	20044	20242	1	198	4	93
25541	564	20045	20043	20244	2	201	4	93
25541	565	20046	20045	20243	1	198	4	93
25541	566	20045	20044	20242	1	198	4	93
25541	567	20046	20044	20243	2	199	5	93
25541	568	20046	20042	20243	4	201	5	93
25541	569	20044	20042	20240	2	198	4	93
25541	570	20044	20043	20241	1	198	4	93
25541	571	20044	20043	20241	1	198	4	93
25541	572	20044	20042	20242	2	200	4	93
25541	573	20043	20042	20240	1	198	4	93
25541	574	20044	20041	20242	3	201	5	93
25541	575	20044	20042	20242	2	200	4	93
25541	576	20044	20042	20240	2	198	4	93
25541	577	20044	20043	20241	1	198	4	93
25541	578	20044	20042	20242	2	200	4	93
25541	579	20044	20042	20242	2	200	4	93
25541	580	20044	20041	20240	3	199	5	93
25541	581	20044	20041	20242	3	201	5	93
25541	582	20044	20043	20241	1	198	4	93
25541	583	20044	20042	20242	2	200	4	93
25541	584	20044	20042	20242	2	200	4	93
25541	585	20044	20043	20241	1	198	4	93
25541	586	20044	20042	20242	2	200	4	93
25541	587	20044	20042	20240	2	198	4	93
25541	588	20044	20041	20242	3	201	5	93
25541	589	20044	20042	20242	2	200	4	93
25541	590	20045	20042	20242	3	200	4	93
25541	591	20045	20042	20240	3	198	4	93
25541	592	20044	20042	20240	2	198	4	93
25541	593	20044	20042	20242	2	200	4	93
25541	594	20044	20041	20242	3	201	5	93
25541	595	20044	20042	20240	2	198	4	93
25541	596	20044	20042	20242	2	200	4	93
25541	597	20044	20041	20238	3	197	5	93
25541	598	20044	20043	20241	1	198	4	93
25541	599	20044	20042	20242	2	200	4	93
25541	600	20044	20041	20240	3	199	5	93
25541	601	20044	20043	20242	1	199	4	93
25541	602	20044	20042	20242	2	200	4	93
25541	603	20044	20043	20241	1	198	4	93
25541	604	20044	20042	20242	2	200	4	93
25541	605	20044	20041	20242	3	201	5	93
25541	606	20044	20041	20242	3	201	5	93
25541	607	20045	20043	20243	2	200	4	93
25541	608	20044	20042	20242	2	200	4	93
25541	609	20044	20043	20241	1	198	4	93
25541	610	20044	20041	20242	3	201	5	93
25541	611	20045	20042	20242	3	200	4	93
25541	612	20044	20042	20242	2	200	4	93
25541	613	20044	20041	20242	3	201	5	93
25541	614	20045	20042	20242	3	200	4	93
25541	615	20044	20042	20240	2	198	4	93
25541	616	20044	20042	20242	2	200	4	93
25541	617	20044	20042	20242	2	200	4	93
25541	618	20044	20042	20241	2	199	5	93
25541	619	20044	20044	20240	0	196	4	93
25541	620	20044	20042	20242	2	200	4	93
25541	621	20044	20042	20242	2	200	4	93
25541	622	20045	20043	20243	2	200	4	93
25541	623	20045	20043	20243	2	200	4	93
25541	624	20044	20042	20242	2	200	4	93
25541	625	20044	20043	20241	1	198	4	93
25541	626	20044	20043	20241	1	198	4	93
25541	627	20045	20042	20242	3	200	4	93
25541	628	20044	20042	20242	2	200	4	93
25541	629	20044	20042	20241	2	199	5	93
25541	630	20045	20042	20242	3	200	4	93
25541	631	20044	20041	20240	3	199	5	93
25541	632	20044	20043	20241	1	198	4	93
25541	633	20044	20042	20242	2	200	4	93
25541	634	20044	20042	20242	2	200	4	93
25541	635	20044	20041	20242	3	201	5	93
25541	636	20044	20042	20242	2	200	4	93
25541	637	20044	20042	20240	2	198	4	93
25541	638	20044	20042	20242	2	200	4	93
25541	639	20045	20042	20242	3	200	4	93
25541	640	20044	20042	20240	2	198	4	93
25541	641	20044	20041	20240	3	199	5	93
25541	642	20044	20042	20242	2	200	4	93
25541	643	20044	20042	20242	2	200	4	93
25541	644	20044	20041	20240	3	199	5	93
25541	645	20045	20042	20242	3	200	4	93
25541	646	20044	20043	20241	1	198	4	93
25541	647	20044	20042	20242	2	200	4	93
25541	648	20044	20043	20241	1	198	4	93
25541	649	20044	20041	20242	3	201	5	93
25541	650	20044	20042	20242	2	200	4	93
25541	651	20045	20042	20242	3	200	4	93
25541	652	20044	20041	20240	3	199	5	93
25541	653	20044	20043	20241	1	198	4	93
25541	654	20045	20042	20240	3	198	4	93
25541	655	20044	20041	20240	3	199	5	93
25541	656	20044	20042	20240	2	198	4	93
25541	657	20044	20042	20240	2	198	4	93
25541	658	20045	20041	20240	4	199	5	93
25541	659	20045	20042	20242	3	200	4	93
25541	660	20044	20042	20242	2	200	4	93
25541	661	20044	20041	20242	3	201	5	93
25541	662	20044	20043	20240	1	197	4	93
25541	663	20044	20042	20240	2	198	4	93
25541	664	20044	20042	20242	2	200	4	93
25541	665	20044	20042	20242	2	200	4	93
25541	666	20045	20042	20241	3	199	4	93
25541	667	20044	20043	20241	1	198	4	93
25541	668	20044	20042	20242	2	200	4	93
25541	669	20045	20044	20242	1	198	4	93
25541	670	20045	20041	20242	4	201	5	93
25541	671	20044	20042	20242	2	200	4	93
25541	672	20045	20043	20241	2	198	4	93
25541	673	20045	20042	20243	3	201	5	93
25541	674	20045	20042	20242	3	200	4	93
25541	675	20044	20043	20241	1	198	4	93
25541	676	20044	20042	20242	2	200	4	93
25541	677	20044	20042	20242	2	200	4	93
25541	678	20044	20043	20241	1	198	4	93
25541	679	20044	20043	20241	1	198	4	93
25541	680	20045	20042	20242	3	200	4	93
25541	681	20044	20043	20241	1	198	4	93
25541	682	20044	20042	20241	2	199	5	93
25541	683	20045	20042	20242	3	200	4	93
25541	684	20045	20041	20242	4	201	5	93
25541	685	20044	20042	20242	2	200	4	93
25541	686	20045	20042	20242	3	200	4	93
25541	687	20044	20042	20242	2	200	4	93
25541	688	20044	20043	20241	1	198	4	93
25541	689	20044	20043	20241	1	198	4	93
25541	690	20045	20042	20242	3	200	4	93
25541	691	20044	20042	20242	2	200	4	93
25541	692	20044	20041	20240	3	199	5	93
25541	693	20044	20041	20242	3	201	5	93
25541	694	20044	20042	20240	2	198	4	93
25541	695	20045	20042	20242	3	200	4	93
25541	696	20044	20042	20240	2	198	4	93
25541	697	20044	20042	20240	2	198	4	93
25541	698	20045	20042	20242	3	200	4	93
25541	699	20044	20041	20242	3	201	5	93
25541	700	20044	20042	20242	2	200	4	93
25541	701	20044	20043	20241	1	198	4	93
25541	702	20044	20042	20242	2	200	4	93
25541	703	20045	20042	20242	3	200	4	93
25541	704	20045	20042	20241	3	199	4	93
25541	705	20044	20042	20239	2	197	4	93
25541	706	20044	20041	20240	3	199	5	93
25541	707	20044	20042	20240	2	198	4	93
25541	708	20044	20042	20242	2	200	4	93
25541	709	20044	20043	20241	1	198	4	93
25541	710	20044	20043	20241	1	198	4	93
25541	711	20044	20043	20241	1	198	4	93
25541	712	20044	20042	20241	2	199	5	93
25541	713	20045	20042	20242	3	200	4	93
25541	714	20045	20042	20242	3	200	4	93
25541	715	20044	20042	20242	2	200	4	93
25541	716	20044	20043	20241	1	198	4	93
25541	717	20044	20043	20241	1	198	4	93
25541	718	20045	20043	20241	2	198	4	93
25541	719	20045	20042	20243	3	201	5	93
25541	720	20044	20043	20241	1	198	4	93
25541	721	20044	20042	20242	2	200	4	93
25541	722	20045	20041	20242	4	201	5	93
25541	723	20045	20042	20242	3	200	4	93
25541	724	20044	20042	20240	2	198	4	93
25541	725	20044	20041	20240	3	199	5	93
25541	726	20045	20042	20240	3	198	4	93
25541	727	20044	20042	20240	2	198	4	93
25541	728	20044	20042	20240	2	198	4	93
25541	729	20044	20042	20242	2	200	4	93
25541	730	20044	20042	20242	2	200	4	93
25541	731	20044	20041	20240	3	199	5	93
25541	732	20044	20043	20241	1	198	4	93
25541	733	20044	20042	20241	2	199	5	93
25541	734	20044	20043	20241	1	198	4	93
25541	735	20044	20043	20241	1	198	4	93
25541	736	20044	20043	20241	1	198	4	93
25541	737	20045	20042	20242	3	200	4	93
25541	738	20044	20041	20240	3	199	5	93
25541	739	20045	20042	20242	3	200	4	93
25541	740	20044	20042	20242	2	200	4	93
25541	741	20044	20042	20240	2	198	4	93
25541	742	20044	20043	20241	1	198	4	93
25541	743	20044	20042	20240	2	198	4	93
25541	744	20044	20041	20240	3	199	5	93
25541	745	20044	20041	20242	3	201	5	93
25541	746	20044	20042	20242	2	200	4	93
25541	747	20044	20043	20241	1	198	4	93
25541	748	20045	20042	20240	3	198	4	93
25541	749	20044	20042	20242	2	200	4	93
25541	750	20044	20041	20242	3	201	5	93
25541	751	20044	20042	20242	2	200	4	93
25541	752	20044	20042	20242	2	200	4	93
25541	753	20045	20041	20242	4	201	5	93
25541	754	20044	20042	20242	2	200	4	93
25541	755	20044	20043	20241	1	198	4	93
25541	756	20045	20042	20243	3	201	5	93
25541	757	20044	20043	20241	1	198	4	93
25541	758	20045	20043	20242	2	199	4	93
25541	759	20044	20041	20240	3	199	5	93
25541	760	20044	20042	20242	2	200	4	93
25541	761	20044	20043	20241	1	198	4	93
25541	762	20044	20040	20241	4	201	5	93
25541	763	20045	20042	20242	3	200	4	93
25541	764	20044	20042	20242	2	200	4	93
25541	765	20044	20041	20241	3	200	5	93
25541	766	20044	20042	20242	2	200	4	93
25541	767	20044	20042	20240	2	198	4	93
25541	768	20044	20041	20242	3	201	5	93
25541	769	20044	20042	20240	2	198	4	93
25541	770	20043	20041	20241	2	200	4	93
25541	771	20044	20041	20242	3	201	5	93
25541	772	20044	20042	20240	2	198	4	93
25541	773	20045	20042	20240	3	198	4	93
25541	774	20045	20041	20242	4	201	5	93
25541	775	20044	20042	20242	2	200	4	93
25541	776	20044	20041	20242	3	201	5	93
25541	777	20044	20042	20242	2	200	4	93
25541	778	20044	20043	20241	1	198	4	93
25541	779	20044	20042	20242	2	200	4	93
25541	780	20044	20043	20241	1	198	4	93
25541	781	20044	20042	20242	2	200	4	93
25541	782	20044	20041	20240	3	199	5	93
25541	783	20045	20041	20242	4	201	5	93
25541	784	20044	20043	20241	1	198	4	93
25541	785	20045	20041	20240	4	199	5	93
25541	786	20044	20043	20241	1	198	4	93
25541	787	20044	20043	20241	1	198	4	93
25541	788	20045	20041	20242	4	201	5	93
25541	789	20044	20043	20241	1	198	4	93
25541	790	20044	20042	20242	2	200	4	93
25541	791	20044	20043	20241	1	198	4	93
25541	792	20045	20042	20242	3	200	4	93
25541	793	20044	20041	20240	3	199	5	93
25541	794	20045	20042	20240	3	198	4	93
25541	795	20044	20042	20242	2	200	4	93
25541	796	20044	20042	20242	2	200	4	93
25541	797	20044	20042	20242	2	200	4	93
25541	798	20044	20041	20241	3	200	4	93
25541	799	20044	20041	20242	3	201	5	93
25541	800	20044	20043	20241	1	198	4	93
25541	801	20044	20042	20242	2	200	4	93
25541	802	20045	20042	20242	3	200	4	93
25541	803	20044	20042	20242	2	200	4	93
25541	804	20045	20042	20240	3	198	4	93
25541	805	20044	20043	20241	1	198	4	93
25541	806	20045	20041	20242	4	201	5	93
25541	807	20044	20043	20241	1	198	4	93
25541	808	20044	20042	20240	2	198	4	93
25541	809	20045	20042	20242	3	200	4	93
25541	810	20044	20042	20240	2	198	4	93
25541	811	20044	20042	20240	2	198	4	93
25541	812	20045	20042	20243	3	201	5	93
25541	813	20045	20041	20240	4	199	5	93
25541	814	20044	20042	20242	2	200	4	93
25541	815	20044	20043	20241	1	198	4	93
25541	816	20044	20042	20242	2	200	4	93
25541	817	20044	20043	20241	1	198	4	93
25541	818	20044	20042	20241	2	199	5	93
25541	819	20044	20042	20242	2	200	4	93
25541	820	20045	20043	20241	2	198	4	93
25541	821	20045	20042	20242	3	200	4	93
25541	822	20044	20043	20243	1	200	4	93
25541	823	20044	20042	20240	2	198	4	93
25541	824	20042	20040	20239	2	199	5	93
25541	825	20043	20040	20239	3	199	5	93
25541	826	20045	20042	20242	3	200	4	93
25541	827	20045	20042	20242	3	200	4	93
25541	828	20044	20042	20239	2	197	4	93
25541	829	20045	20042	20242	3	200	4	93
25541	830	20045	20041	20242	4	201	5	93
25541	831	20044	20041	20242	3	201	5	93
25541	832	20045	20043	20243	2	200	4	93
25541	833	20044	20042	20242	2	200	4	93
25541	834	20044	20042	20240	2	198	4	93
25541	835	20045	20042	20242	3	200	4	93
25541	836	20044	20042	20241	2	199	5	93
25541	837	20044	20041	20242	3	201	5	93
25541	838	20044	20043	20241	1	198	4	93
25541	839	20045	20042	20242	3	200	4	93
25541	840	20045	20043	20243	2	200	4	93
25541	841	20044	20043	20241	1	198	4	93
25541	842	20044	20042	20242	2	200	4	93
25541	843	20045	20041	20244	4	203	5	93
25541	844	20045	20042	20242	3	200	4	93
25541	845	20045	20042	20242	3	200	5	93
25541	846	20043	20041	20239	2	198	4	93
25541	847	20042	20041	20239	1	198	4	93
25541	848	20045	20042	20242	3	200	4	93
25541	849	20044	20042	20241	2	199	5	93
25541	850	20044	20042	20241	2	199	5	93
25541	851	20044	20043	20241	1	198	4	93
25541	852	20044	20043	20239	1	196	4	93
25541	853	20044	20043	20241	1	198	4	93
25541	854	20045	20042	20242	3	200	4	93
25541	855	20045	20043	20243	2	200	4	93
25541	856	20045	20043	20241	2	198	4	93
25541	857	20044	20043	20241	1	198	4	93
25541	858	20044	20042	20241	2	199	5	93
25541	859	20045	20042	20242	3	200	4	93
25541	860	20044	20042	20242	2	200	4	93
25541	861	20044	20042	20241	2	199	5	93
25541	862	20044	20041	20242	3	201	5	93
25541	863	20045	20042	20242	3	200	4	93
25541	864	20045	20042	20242	3	200	4	93
25541	865	20045	20042	20242	3	200	4	93
25541	866	20044	20042	20242	2	200	4	93
25541	867	20045	20042	20242	3	200	4	93
25541	868	20042	20039	20240	3	201	5	93
25541	869	20042	20041	20239	1	198	4	93
25541	870	20045	20043	20243	2	200	4	93
25541	871	20044	20043	20241	1	198	4	93
25541	872	20044	20042	20240	2	198	4	93
25541	873	20045	20041	20242	4	201	5	93
25541	874	20044	20041	20242	3	201	5	93
25541	875	20044	20043	20241	1	198	4	93
25541	876	20044	20043	20241	1	198	4	93
25541	877	20044	20042	20242	2	200	4	93
25541	878	20044	20043	20241	1	198	4	93
25541	879	20045	20042	20242	3	200	4	93
25541	880	20044	20041	20240	3	199	5	93
25541	881	20044	20043	20241	1	198	4	93
25541	882	20044	20043	20241	1	198	4	93
25541	883	20045	20042	20242	3	200	4	93
25541	884	20045	20043	20243	2	200	4	93
25541	885	20045	20042	20242	3	200	4	93
25541	886	20045	20043	20243	2	200	4	93
25541	887	20044	20042	20242	2	200	4	93
25541	888	20042	20039	20240	3	201	5	93
25541	889	20044	20041	20239	3	198	4	93
25541	890	20044	20043	20241	1	198	4	93
25541	891	20044	20042	20241	2	199	5	93
25541	892	20047	20042	20244	5	202	5	93
25541	893	20045	20042	20242	3	200	4	93
25541	894	20045	20042	20242	3	200	4	93
25541	895	20046	20042	20245	4	203	5	93
25541	896	20045	20044	20243	1	199	4	93
25541	897	20044	20042	20241	2	199	5	93
25541	898	20044	20042	20240	2	198	4	93
25541	899	20045	20042	20242	3	200	4	93
25541	900	20044	20041	20242	3	201	5	93
25541	901	20045	20042	20241	3	199	4	93
25541	902	20045	20042	20243	3	201	5	93
25541	903	20044	20041	20240	3	199	5	93
25541	904	20045	20042	20242	3	200	4	93
25541	905	20044	20042	20240	2	198	4	93
25541	906	20044	20043	20241	1	198	4	93
25541	907	20044	20042	20242	2	200	4	93
25541	908	20044	20041	20241	3	200	4	93
25541	909	20043	20041	20241	2	200	4	93
25541	910	20045	20041	20242	4	201	5	93
25541	911	20044	20041	20242	3	201	5	93
25541	912	20044	20043	20241	1	198	4	93
25541	913	20044	20043	20241	1	198	4	93
25541	914	20044	20043	20241	1	198	4	93
25541	915	20044	20042	20245	2	203	4	93
25541	916	20044	20043	20241	1	198	4	93
25541	917	20045	20041	20242	4	201	5	93
25541	918	20044	20042	20242	2	200	4	93
25541	919	20045	20042	20242	3	200	4	93
25541	920	20044	20042	20241	2	199	5	93
25541	921	20044	20042	20242	2	200	4	93
25541	922	20044	20043	20241	1	198	4	93
25541	923	20045	20041	20242	4	201	5	93
25541	924	20045	20042	20241	3	199	5	93
25541	925	20044	20042	20242	2	200	4	93
25541	926	20044	20042	20240	2	198	4	93
25541	927	20045	20042	20242	3	200	4	93
25541	928	20044	20043	20241	1	198	4	93
25541	929	20045	20042	20241	3	199	5	93
25541	930	20044	20041	20239	3	198	4	93
25541	931	20043	20040	20239	3	199	4	93
25541	932	20045	20042	20242	3	200	4	93
25541	933	20044	20042	20243	2	201	4	93
25541	934	20045	20042	20242	3	200	4	93
25541	935	20044	20042	20242	2	200	4	93
25541	936	20044	20043	20241	1	198	4	93
25541	937	20045	20043	20241	2	198	4	93
25541	938	20044	20042	20240	2	198	4	93
25541	939	20044	20042	20241	2	199	5	93
25541	940	20044	20042	20241	2	199	5	93
25541	941	20044	20042	20242	2	200	4	93
25541	942	20045	20042	20242	3	200	4	93
25541	943	20045	20042	20242	3	200	4	93
25541	944	20044	20042	20242	2	200	4	93
25541	945	20045	20042	20242	3	200	4	93
25541	946	20045	20041	20242	4	201	5	93
25541	947	20045	20042	20241	3	199	4	93
25541	948	20044	20043	20241	1	198	4	93
25541	949	20044	20042	20242	2	200	4	93
25541	950	20044	20043	20241	1	198	4	93
25541	951	20046	20043	20242	3	199	4	93
25541	952	20045	20041	20242	4	201	5	93
25541	953	20044	20041	20240	3	199	4	93
25541	954	20043	20041	20241	2	200	4	93
25541	955	20044	20042	20242	2	200	4	93
25541	956	20044	20042	20242	2	200	4	93
25541	957	20044	20043	20241	1	198	4	93
25541	958	20044	20041	20242	3	201	5	93
25541	959	20045	20041	20242	4	201	5	93
25541	960	20044	20042	20242	2	200	4	93
25541	961	20044	20043	20241	1	198	4	93
25541	962	20044	20042	20240	2	198	4	93
25541	963	20044	20042	20240	2	198	4	93
25541	964	20044	20041	20242	3	201	5	93
25541	965	20044	20041	20242	3	201	5	93
25541	966	20045	20042	20242	3	200	4	93
25541	967	20045	20042	20242	3	200	4	93
25541	968	20045	20042	20242	3	200	4	93
25541	969	20044	20043	20241	1	198	4	93
25541	970	20044	20042	20241	2	199	5	93
25541	971	20045	20041	20242	4	201	5	93
25541	972	20042	20041	20239	1	198	4	93
25541	973	20042	20041	20239	1	198	4	93
25541	974	20044	20042	20242	2	200	4	93
25541	975	20044	20043	20241	1	198	4	93
25541	976	20044	20042	20241	2	199	5	93
25541	977	20045	20041	20242	4	201	5	93
25541	978	20044	20043	20241	1	198	4	93
25541	979	20044	20043	20241	1	198	4	93
25541	980	20045	20042	20243	3	201	5	93
25541	981	20045	20043	20243	2	200	4	93
25541	982	20044	20043	20241	1	198	4	93
25541	983	20044	20042	20241	2	199	5	93
25541	984	20044	20042	20240	2	198	4	93
25541	985	20042	20040	20240	2	200	4	93
25541	986	20043	20040	20241	3	201	5	93
25541	987	20045	20043	20243	2	200	4	93
25541	988	20045	20042	20241	3	199	4	93
25541	989	20045	20042	20242	3	200	4	93
25541	990	20045	20043	20241	2	198	4	93
25541	991	20044	20042	20242	2	200	4	93
25541	992	20045	20041	20242	4	201	5	93
25541	993	20045	20043	20241	2	198	4	93
25541	994	20044	20042	20242	2	200	4	93
25541	995	20044	20042	20241	2	199	5	93
25541	996	20045	20043	20243	2	200	4	93
25541	997	20045	20041	20242	4	201	5	93
25541	998	20043	20041	20239	2	198	4	93
25541	999	20042	20040	20240	2	200	4	93
25541	1000	20044	20043	20241	1	198	4	93
