RUNID	ITERNUM	METIME	PRTIME	TPRTIME	DIFF	TDIFF	NRPROCS	NPROCS
25601	1	23051	23048	23248	3	200	4	93
25601	2	23053	23050	23251	3	201	4	93
25601	3	23051	23049	23249	2	200	4	93
25601	4	23051	23048	23247	3	199	5	93
25601	5	23052	23050	23249	2	199	4	93
25601	6	23047	23044	23243	3	199	4	93
25601	7	23051	23048	23251	3	203	4	93
25601	8	23050	23049	23247	1	198	4	93
25601	9	23051	23049	23249	2	200	4	93
25601	10	23053	23049	23251	4	202	5	93
25601	11	23050	23049	23247	1	198	4	93
25601	12	23050	23049	23247	1	198	4	93
25601	13	23048	23045	23246	3	201	4	93
25601	14	23051	23048	23248	3	200	4	93
25601	15	23050	23048	23247	2	199	5	93
25601	16	23053	23050	23251	3	201	4	93
25601	17	23051	23049	23249	2	200	4	93
25601	18	23050	23049	23247	1	198	4	93
25601	19	23051	23047	23248	4	201	4	93
25601	20	23048	23047	23245	1	198	4	93
25601	21	23051	23048	23248	3	200	4	93
25601	22	23053	23049	23251	4	202	5	93
25601	23	23051	23049	23247	2	198	4	93
25601	24	23051	23048	23247	3	199	5	93
25601	25	23050	23049	23247	1	198	4	93
25601	26	23046	23044	23242	2	198	4	93
25601	27	23053	23049	23249	4	200	5	93
25601	28	23051	23049	23247	2	198	4	93
25601	29	23051	23049	23248	2	199	4	93
25601	30	23053	23050	23251	3	201	4	93
25601	31	23050	23049	23247	1	198	4	93
25601	32	23051	23048	23249	3	201	5	93
25601	33	23047	23043	23244	4	201	5	93
25601	34	23051	23048	23247	3	199	4	93
25601	35	23051	23049	23248	2	199	4	93
25601	36	23053	23050	23251	3	201	4	93
25601	37	23052	23048	23249	4	201	5	93
25601	38	23051	23048	23249	3	201	5	93
25601	39	23050	23046	23246	4	200	5	93
25601	40	23049	23047	23247	2	200	4	93
25601	41	23051	23048	23248	3	200	4	93
25601	42	23051	23049	23247	2	198	4	93
25601	43	23050	23049	23247	1	198	4	93
25601	44	23053	23049	23249	4	200	5	93
25601	45	23051	23049	23245	2	196	4	93
25601	46	23045	23042	23242	3	200	4	93
25601	47	23053	23050	23249	3	199	4	93
25601	48	23051	23048	23248	3	200	4	93
25601	49	23051	23048	23248	3	200	4	93
25601	50	23053	23050	23249	3	199	4	93
25601	51	23051	23049	23247	2	198	4	93
25601	52	23051	23048	23247	3	199	4	93
25601	53	23048	23045	23244	3	199	4	93
25601	54	23050	23048	23248	2	200	4	93
25601	55	23051	23049	23247	2	198	4	93
25601	56	23053	23048	23251	5	203	5	93
25601	57	23050	23048	23246	2	198	4	93
25601	58	23050	23048	23246	2	198	4	93
25601	59	23053	23048	23250	5	202	5	93
25601	60	23050	23049	23247	1	198	4	93
25601	61	23053	23048	23250	5	202	5	93
25601	62	23051	23048	23248	3	200	4	93
25601	63	23050	23049	23247	1	198	4	93
25601	64	23052	23050	23249	2	199	4	93
25601	65	23046	23044	23242	2	198	4	93
25601	66	23050	23048	23248	2	200	4	93
25601	67	23052	23048	23250	4	202	5	93
25601	68	23051	23048	23246	3	198	4	93
25601	69	23051	23046	23248	5	202	5	93
25601	70	23052	23049	23248	3	199	4	93
25601	71	23050	23049	23247	1	198	4	93
25601	72	23050	23048	23248	2	200	4	93
25601	73	23053	23049	23250	4	201	4	93
25601	74	23050	23049	23247	1	198	4	93
25601	75	23050	23048	23247	2	199	5	93
25601	76	23052	23049	23249	3	200	5	93
25601	77	23046	23044	23244	2	200	4	93
25601	78	23050	23049	23247	1	198	4	93
25601	79	23052	23048	23245	4	197	4	93
25601	80	23051	23047	23248	4	201	5	93
25601	81	23051	23049	23251	2	202	4	93
25601	82	23050	23047	23246	3	199	5	93
25601	83	23050	23049	23247	1	198	4	93
25601	84	23052	23050	23249	2	199	4	93
25601	85	23051	23049	23247	2	198	4	93
25601	86	23051	23048	23247	3	199	4	93
25601	87	23053	23049	23249	4	200	4	93
25601	88	23046	23044	23242	2	198	4	93
25601	89	23051	23048	23247	3	199	4	93
25601	90	23052	23050	23249	2	199	4	93
25601	91	23051	23048	23248	3	200	4	93
25601	92	23050	23049	23247	1	198	4	93
25601	93	23053	23049	23249	4	200	5	93
25601	94	23050	23048	23246	2	198	4	93
25601	95	23050	23049	23247	1	198	4	93
25601	96	23053	23049	23250	4	201	4	93
25601	97	23051	23048	23247	3	199	4	93
25601	98	23046	23044	23245	2	201	5	93
25601	99	23050	23048	23246	2	198	4	93
25601	100	23051	23048	23248	3	200	4	93
25601	101	23052	23049	23250	3	201	4	93
25601	102	23051	23047	23248	4	201	5	93
25601	103	23050	23049	23247	1	198	4	93
25601	104	23052	23050	23249	2	199	4	93
25601	105	23050	23047	23248	3	201	5	93
25601	106	23050	23049	23247	1	198	4	93
25601	107	23053	23048	23250	5	202	5	93
25601	108	23046	23044	23244	2	200	4	93
25601	109	23050	23048	23248	2	200	4	93
25601	110	23053	23049	23250	4	201	4	93
25601	111	23051	23049	23249	2	200	4	93
25601	112	23051	23047	23248	4	201	5	93
25601	113	23051	23048	23248	3	200	4	93
25601	114	23050	23049	23247	1	198	4	93
25601	115	23052	23050	23249	2	199	4	93
25601	116	23050	23049	23247	1	198	4	93
25601	117	23051	23047	23248	4	201	5	93
25601	118	23047	23044	23245	3	201	4	93
25601	119	23050	23049	23247	1	198	4	93
25601	120	23050	23048	23248	2	200	4	93
25601	121	23053	23049	23250	4	201	4	93
25601	122	23051	23047	23248	4	201	5	93
25601	123	23050	23049	23247	1	198	4	93
25601	124	23053	23050	23251	3	201	4	93
25601	125	23050	23049	23247	1	198	4	93
25601	126	23051	23048	23248	3	200	4	93
25601	127	23052	23048	23249	4	201	5	93
25601	128	23053	23049	23250	4	201	4	93
25601	129	23051	23048	23247	3	199	5	93
25601	130	23050	23048	23248	2	200	4	93
25601	131	23052	23050	23249	2	199	4	93
25601	132	23051	23048	23248	3	200	4	93
25601	133	23050	23049	23247	1	198	4	93
25601	134	23052	23049	23249	3	200	5	93
25601	135	23044	23042	23240	2	198	4	93
25601	136	23051	23049	23249	2	200	4	93
25601	137	23052	23050	23249	2	199	4	93
25601	138	23051	23049	23247	2	198	4	93
25601	139	23051	23049	23249	2	200	4	93
25601	140	23053	23048	23250	5	202	5	93
25601	141	23051	23048	23246	3	198	4	93
25601	142	23050	23048	23248	2	200	4	93
25601	143	23050	23048	23248	2	200	4	93
25601	144	23050	23048	23247	2	199	4	93
25601	145	23052	23049	23250	3	201	4	93
25601	146	23051	23047	23248	4	201	5	93
25601	147	23046	23044	23244	2	200	4	93
25601	148	23052	23049	23248	3	199	4	93
25601	149	23052	23048	23249	4	201	5	93
25601	150	23052	23049	23248	3	199	5	93
25601	151	23052	23049	23250	3	201	5	93
25601	152	23052	23047	23249	5	202	5	93
25601	153	23053	23049	23251	4	202	6	93
25601	154	23047	23044	23243	3	199	5	93
25601	155	23052	23048	23250	4	202	5	93
25601	156	23051	23048	23248	3	200	4	93
25601	157	23050	23048	23248	2	200	4	93
25601	158	23051	23048	23247	3	199	4	93
25601	159	23045	23044	23242	1	198	4	93
25601	160	23116	23063	23310	53	247	13	111
25601	161	23050	23049	23247	1	198	4	93
25601	162	23050	23048	23248	2	200	4	93
25601	163	23053	23049	23248	4	199	4	93
25601	164	23050	23049	23247	1	198	4	93
25601	165	23050	23048	23246	2	198	4	93
25601	166	23052	23050	23249	2	199	4	93
25601	167	23050	23048	23248	2	200	4	93
25601	168	23050	23048	23251	2	203	7	94
25601	169	23053	23049	23251	4	202	5	93
25601	170	23050	23048	23246	2	198	4	93
25601	171	23045	23043	23243	2	200	4	93
25601	172	23052	23049	23248	3	199	4	93
25601	173	23050	23049	23247	1	198	4	93
25601	174	23051	23047	23246	4	199	5	93
25601	175	23050	23047	23249	3	202	5	93
25601	176	23051	23049	23247	2	198	4	93
25601	177	23052	23049	23250	3	201	4	93
25601	178	23050	23047	23248	3	201	5	93
25601	179	23050	23049	23247	1	198	4	93
25601	180	23052	23050	23249	2	199	4	93
25601	181	23051	23049	23249	2	200	4	93
25601	182	23046	23043	23244	3	201	5	93
25601	183	23051	23049	23248	2	199	4	93
25601	184	23050	23048	23248	2	200	4	93
25601	185	23051	23048	23248	3	200	4	93
25601	186	23052	23050	23249	2	199	4	93
25601	187	23051	23048	23248	3	200	4	93
25601	188	23050	23049	23247	1	198	4	93
25601	189	23052	23048	23248	4	200	5	93
25601	190	23051	23048	23248	3	200	4	93
25601	191	23051	23048	23248	3	200	4	93
25601	192	23052	23049	23248	3	199	4	93
25601	193	23046	23043	23242	3	199	4	93
25601	194	23050	23046	23249	4	203	5	93
25601	195	23050	23049	23247	1	198	4	93
25601	196	23051	23048	23248	3	200	4	93
25601	197	23052	23049	23248	3	199	4	93
25601	198	23051	23048	23248	3	200	4	93
25601	199	23050	23048	23248	2	200	4	93
25601	200	23052	23049	23248	3	199	4	93
25601	201	23050	23048	23246	2	198	4	93
25601	202	23050	23048	23248	2	200	4	93
25601	203	23053	23049	23250	4	201	4	93
25601	204	23045	23042	23242	3	200	4	93
25601	205	23051	23048	23244	3	196	4	93
25601	206	23052	23049	23250	3	201	4	93
25601	207	23051	23049	23249	2	200	4	93
25601	208	23051	23046	23246	5	200	6	93
25601	209	23050	23047	23248	3	201	5	93
25601	210	23052	23049	23250	3	201	4	93
25601	211	23050	23048	23248	2	200	4	93
25601	212	23046	23044	23244	2	200	4	93
25601	213	23051	23048	23249	3	201	4	93
25601	214	23050	23047	23248	3	201	5	93
25601	215	23050	23048	23248	2	200	4	93
25601	216	23052	23049	23248	3	199	4	93
25601	217	23051	23047	23248	4	201	5	93
25601	218	23050	23048	23248	2	200	4	93
25601	219	23050	23049	23247	1	198	4	93
25601	220	23050	23049	23247	1	198	4	93
25601	221	23052	23049	23250	3	201	4	93
25601	222	23051	23047	23248	4	201	5	93
25601	223	23045	23043	23243	2	200	4	93
25601	224	23052	23049	23250	3	201	4	93
25601	225	23050	23048	23248	2	200	4	93
25601	226	23050	23048	23248	2	200	4	93
25601	227	23052	23048	23250	4	202	5	93
25601	228	23051	23048	23246	3	198	4	93
25601	229	23050	23047	23246	3	199	5	93
25601	230	23052	23049	23250	3	201	4	93
25601	231	23050	23048	23246	2	198	4	93
25601	232	23050	23048	23247	2	199	5	93
25601	233	23046	23045	23244	1	199	4	93
25601	234	23049	23046	23245	3	199	5	93
25601	235	23052	23049	23250	3	201	4	93
25601	236	23050	23049	23258	1	209	6	94
25601	237	23050	23049	23247	1	198	4	93
25601	238	23052	23049	23248	3	199	4	93
25601	239	23051	23048	23246	3	198	4	93
25601	240	23051	23048	23249	3	201	5	93
25601	241	23052	23049	23248	3	199	4	93
25601	242	23050	23049	23247	1	198	4	93
25601	243	23050	23048	23248	2	200	4	93
25601	244	23048	23044	23243	4	199	4	93
25601	245	23050	23048	23246	2	198	4	93
25601	246	23051	23047	23246	4	199	5	93
25601	247	23052	23050	23249	2	199	4	93
25601	248	23050	23047	23246	3	199	5	93
25601	249	23050	23048	23248	2	200	4	93
25601	250	23052	23049	23248	3	199	4	93
25601	251	23050	23048	23248	2	200	4	93
25601	252	23051	23048	23248	3	200	4	93
25601	253	23050	23048	23248	2	200	4	93
25601	254	23045	23044	23242	1	198	4	93
25601	255	23052	23049	23248	3	199	4	93
25601	256	23051	23047	23248	4	201	5	93
25601	257	23050	23048	23246	2	198	4	93
25601	258	23053	23048	23250	5	202	5	93
25601	259	23051	23048	23248	3	200	4	93
25601	260	23050	23048	23248	2	200	4	93
25601	261	23052	23049	23250	3	201	4	93
25601	262	23050	23049	23247	1	198	4	93
25601	263	23051	23047	23248	4	201	5	93
25601	264	23050	23047	23248	3	201	4	93
25601	265	23050	23047	23247	3	200	5	93
25601	266	23051	23048	23248	3	200	4	93
25601	267	23050	23048	23247	2	199	4	93
25601	268	23050	23049	23247	1	198	4	93
25601	269	23052	23049	23250	3	201	4	93
25601	270	23050	23049	23247	1	198	4	93
25601	271	23051	23048	23248	3	200	4	93
25601	272	23052	23048	23249	4	201	4	93
25601	273	23050	23049	23247	1	198	4	93
25601	274	23047	23045	23245	2	200	4	93
25601	275	23171	23052	23367	119	315	5	94
25601	276	23051	23049	23249	2	200	4	93
25601	277	23168	23048	23364	120	316	6	94
25601	278	23052	23050	23249	2	199	4	93
25601	279	23051	23048	23248	3	200	5	93
25601	280	23051	23047	23248	4	201	5	93
25601	281	23053	23050	23251	3	201	4	93
25601	282	23051	23049	23249	2	200	4	93
25601	283	23046	23044	23244	2	200	4	93
25601	284	23050	23049	23247	1	198	4	93
25601	285	23051	23047	23248	4	201	5	93
25601	286	23052	23050	23249	2	199	4	93
25601	287	23051	23048	23248	3	200	4	93
25601	288	23051	23048	23247	3	199	5	93
25601	289	23052	23050	23249	2	199	4	93
25601	290	23051	23047	23248	4	201	5	93
25601	291	23047	23046	23244	1	198	4	93
25601	292	23051	23049	23248	2	199	4	93
25601	293	23050	23048	23248	2	200	4	93
25601	294	23050	23049	23247	1	198	4	93
25601	295	23052	23048	23250	4	202	5	93
25601	296	23050	23049	23247	1	198	4	93
25601	297	23050	23049	23247	1	198	4	93
25601	298	23053	23050	23249	3	199	4	93
25601	299	23050	23048	23248	2	200	4	93
25601	300	23044	23041	23242	3	201	5	93
25601	301	23051	23049	23249	2	200	4	93
25601	302	23050	23049	23247	1	198	4	93
25601	303	23054	23050	23251	4	201	4	93
25601	304	23051	23049	23249	2	200	4	93
25601	305	23051	23048	23248	3	200	4	93
25601	306	23052	23050	23249	2	199	4	93
25601	307	23051	23049	23247	2	198	4	93
25601	308	23047	23045	23245	2	200	4	93
25601	309	23052	23048	23250	4	202	5	93
25601	310	23050	23048	23248	2	200	4	93
25601	311	23051	23049	23249	2	200	4	93
25601	312	23051	23049	23249	2	200	4	93
25601	313	23050	23048	23248	2	200	4	93
25601	314	23053	23049	23251	4	202	5	93
25601	315	23051	23048	23248	3	200	4	93
25601	316	23050	23049	23247	1	198	4	93
25601	317	23046	23044	23243	2	199	4	93
25601	318	23051	23049	23249	2	200	4	93
25601	319	23051	23048	23249	3	201	5	93
25601	320	23052	23050	23249	2	199	4	93
25601	321	23051	23049	23247	2	198	4	93
25601	322	23051	23048	23248	3	200	4	93
25601	323	23052	23050	23249	2	199	4	93
25601	324	23045	23042	23242	3	200	4	93
25601	325	23051	23048	23248	3	200	4	93
25601	326	23051	23049	23247	2	198	4	93
25601	327	23050	23048	23246	2	198	4	93
25601	328	23053	23050	23251	3	201	4	93
25601	329	23050	23048	23247	2	199	5	93
25601	330	23051	23050	23248	1	198	4	93
25601	331	23050	23047	23248	3	201	4	93
25601	332	23048	23047	23245	1	198	4	93
25601	333	23051	23049	23249	2	200	4	93
25601	334	23053	23048	23250	5	202	5	93
25601	335	23050	23049	23247	1	198	4	93
25601	336	23050	23049	23247	1	198	4	93
25601	337	23052	23050	23249	2	199	4	93
25601	338	23051	23049	23247	2	198	4	93
25601	339	23045	23042	23240	3	198	4	93
25601	340	23053	23048	23248	5	200	5	93
25601	341	23051	23047	23247	4	200	5	93
25601	342	23052	23050	23249	2	199	4	93
25601	343	23051	23048	23247	3	199	4	93
25601	344	23051	23048	23248	3	200	4	93
25601	345	23052	23050	23249	2	199	4	93
25601	346	23047	23044	23245	3	201	5	93
25601	347	23050	23048	23246	2	198	4	93
25601	348	23053	23049	23249	4	200	4	93
25601	349	23051	23049	23249	2	200	4	93
25601	350	23051	23048	23246	3	198	4	93
25601	351	23053	23049	23250	4	201	4	93
25601	352	23051	23048	23249	3	201	5	93
25601	353	23050	23048	23248	2	200	4	93
25601	354	23047	23043	23242	4	199	4	93
25601	355	23050	23048	23248	2	200	4	93
25601	356	23050	23049	23247	1	198	4	93
25601	357	23050	23048	23247	2	199	5	93
25601	358	23051	23048	23247	3	199	5	93
25601	359	23052	23050	23249	2	199	4	93
25601	360	23050	23048	23248	2	200	4	93
25601	361	23047	23045	23243	2	198	4	93
25601	362	23053	23049	23250	4	201	4	93
25601	363	23051	23048	23249	3	201	5	93
25601	364	23050	23049	23247	1	198	4	93
25601	365	23053	23050	23251	3	201	4	93
25601	366	23051	23048	23247	3	199	5	93
25601	367	23051	23048	23246	3	198	4	93
25601	368	23047	23043	23244	4	201	4	93
25601	369	23051	23048	23246	3	198	4	93
25601	370	23052	23049	23249	3	200	4	93
25601	371	23050	23048	23247	2	199	5	93
25601	372	23051	23049	23249	2	200	4	93
25601	373	23053	23050	23251	3	201	4	93
25601	374	23049	23048	23246	1	198	4	93
25601	375	23048	23045	23246	3	201	5	93
25601	376	23053	23048	23250	5	202	5	93
25601	377	23051	23048	23248	3	200	4	93
25601	378	23051	23048	23248	3	200	4	93
25601	379	23053	23049	23250	4	201	4	93
25601	380	23051	23048	23249	3	201	5	93
25601	381	23046	23043	23244	3	201	5	93
25601	382	23052	23050	23249	2	199	4	93
25601	383	23050	23049	23247	1	198	4	93
25601	384	23051	23049	23249	2	200	4	93
25601	385	23053	23049	23250	4	201	4	93
25601	386	23050	23049	23247	1	198	4	93
25601	387	23051	23048	23249	3	201	5	93
25601	388	23046	23043	23242	3	199	4	93
25601	389	23051	23048	23248	3	200	4	93
25601	390	23051	23049	23250	2	201	4	93
25601	391	23051	23049	23247	2	198	4	93
25601	392	23050	23048	23247	2	199	5	93
25601	393	23054	23050	23252	4	202	5	93
25601	394	23051	23049	23249	2	200	4	93
25601	395	23045	23043	23241	2	198	4	93
25601	396	23052	23050	23249	2	199	4	93
25601	397	23050	23049	23247	1	198	4	93
25601	398	23051	23048	23249	3	201	5	93
25601	399	23053	23049	23250	4	201	4	93
25601	400	23051	23048	23248	3	200	4	93
25601	401	23051	23049	23248	2	199	4	93
25601	402	23047	23043	23244	4	201	4	93
25601	403	23051	23049	23247	2	198	4	93
25601	404	23051	23048	23248	3	200	4	93
25601	405	23053	23050	23249	3	199	4	93
25601	406	23050	23048	23248	2	200	4	93
25601	407	23053	23049	23250	4	201	4	93
25601	408	23051	23049	23249	2	200	4	93
25601	409	23046	23044	23244	2	200	4	93
25601	410	23053	23048	23248	5	200	5	93
25601	411	23051	23048	23248	3	200	5	93
25601	412	23051	23049	23249	2	200	4	93
25601	413	23053	23049	23250	4	201	4	93
25601	414	23051	23049	23249	2	200	4	93
25601	415	23051	23048	23248	3	200	4	93
25601	416	23048	23044	23246	4	202	5	93
25601	417	23051	23049	23247	2	198	4	93
25601	418	23051	23049	23247	2	198	4	93
25601	419	23053	23049	23250	4	201	4	93
25601	420	23050	23049	23247	1	198	4	93
25601	421	23051	23049	23247	2	198	4	93
25601	422	23052	23049	23249	3	200	5	93
25601	423	23046	23044	23243	2	199	4	93
25601	424	23053	23050	23249	3	199	4	93
25601	425	23050	23048	23247	2	199	5	93
25601	426	23051	23048	23247	3	199	5	93
25601	427	23052	23050	23249	2	199	4	93
25601	428	23051	23049	23247	2	198	4	93
25601	429	23051	23048	23249	3	201	5	93
25601	430	23046	23042	23244	4	202	5	93
25601	431	23051	23049	23249	2	200	4	93
25601	432	23051	23048	23248	3	200	4	93
25601	433	23053	23050	23251	3	201	4	93
25601	434	23051	23049	23249	2	200	4	93
25601	435	23051	23047	23248	4	201	5	93
25601	436	23052	23050	23249	2	199	4	93
25601	437	23044	23042	23240	2	198	4	93
25601	438	23051	23048	23248	3	200	4	93
25601	439	23052	23050	23249	2	199	4	93
25601	440	23051	23048	23249	3	201	5	93
25601	441	23050	23049	23249	1	200	4	93
25601	442	23051	23049	23248	2	199	4	93
25601	443	23051	23048	23247	3	199	5	93
25601	444	23048	23045	23246	3	201	4	93
25601	445	23050	23048	23247	2	199	5	93
25601	446	23051	23048	23247	3	199	5	93
25601	447	23052	23050	23249	2	199	4	93
25601	448	23051	23048	23246	3	198	4	93
25601	449	23052	23048	23248	4	200	5	93
25601	450	23047	23044	23243	3	199	4	93
25601	451	23051	23049	23248	2	199	5	93
25601	452	23051	23049	23249	2	200	4	93
25601	453	23053	23050	23249	3	199	4	93
25601	454	23051	23048	23248	3	200	5	93
25601	455	23048	23046	23246	2	200	4	93
25601	456	23053	23051	23250	2	199	4	93
25601	457	23051	23049	23247	2	198	4	93
25601	458	23054	23050	23251	4	201	4	93
25601	459	23045	23043	23243	2	200	4	93
25601	460	23051	23048	23247	3	199	5	93
25601	461	23053	23050	23251	3	201	4	93
25601	462	23051	23049	23247	2	198	4	93
25601	463	23049	23047	23247	2	200	4	93
25601	464	23051	23047	23249	4	202	5	93
25601	465	23051	23048	23249	3	201	5	93
25601	466	23051	23049	23249	2	200	4	93
25601	467	23053	23051	23250	2	199	4	93
25601	468	23045	23043	23243	2	200	4	93
25601	469	23051	23049	23247	2	198	4	93
25601	470	23053	23049	23251	4	202	5	93
25601	471	23051	23050	23248	1	198	4	93
25601	472	23052	23048	23249	4	201	5	93
25601	473	23051	23049	23247	2	198	4	93
25601	474	23053	23051	23274	2	223	6	94
25601	475	23051	23048	23249	3	201	5	93
25601	476	23044	23042	23241	2	199	5	93
25601	477	23053	23050	23251	3	201	4	93
25601	478	23052	23049	23249	3	200	4	93
25601	479	23051	23049	23249	2	200	4	93
25601	480	23053	23049	23249	4	200	5	93
25601	481	23047	23044	23245	3	201	5	93
25601	482	23052	23049	23249	3	200	4	93
25601	483	23051	23049	23249	2	200	4	93
25601	484	23051	23050	23248	1	198	4	93
25601	485	23047	23044	23244	3	200	5	93
25601	486	23051	23050	23248	1	198	4	93
25601	487	23051	23049	23249	2	200	4	93
25601	488	23053	23050	23251	3	201	4	93
25601	489	23051	23047	23249	4	202	6	93
25601	490	23045	23043	23243	2	200	4	93
25601	491	23053	23050	23250	3	200	5	93
25601	492	23052	23049	23247	3	198	4	93
25601	493	23051	23048	23246	3	198	4	93
25601	494	23051	23048	23248	3	200	4	93
25601	495	23053	23050	23249	3	199	4	93
25601	496	23051	23048	23247	3	199	5	93
25601	497	23052	23049	23249	3	200	4	93
25601	498	23047	23044	23243	3	199	4	93
25601	499	23051	23050	23248	1	198	4	93
25601	500	23051	23048	23248	3	200	4	93
25601	501	23053	23049	23249	4	200	5	93
25601	502	23051	23049	23248	2	199	5	93
25601	503	23045	23043	23243	2	200	4	93
25601	504	23053	23050	23249	3	199	4	93
25601	505	23051	23049	23247	2	198	4	93
25601	506	23051	23048	23249	3	201	5	93
25601	507	23051	23050	23248	1	198	4	93
25601	508	23046	23043	23243	3	200	4	93
25601	509	23053	23050	23251	3	201	4	93
25601	510	23051	23049	23247	2	198	4	93
25601	511	23051	23049	23249	2	200	4	93
25601	512	23053	23050	23248	3	198	5	93
25601	513	23048	23045	23244	3	199	4	93
25601	514	23051	23049	23247	2	198	4	93
25601	515	23053	23051	23250	2	199	4	93
25601	516	23051	23049	23249	2	200	4	93
25601	517	23049	23048	23246	1	198	4	93
25601	518	23050	23047	23246	3	199	4	93
25601	519	23052	23049	23249	3	200	4	93
25601	520	23052	23049	23249	3	200	4	93
25601	521	23053	23049	23247	4	198	5	93
25601	522	23050	23047	23248	3	201	5	93
25601	523	23049	23046	23247	3	201	5	93
25601	524	23053	23051	23250	2	199	4	93
25601	525	23051	23048	23249	3	201	5	93
25601	526	23052	23049	23250	3	201	4	93
25601	527	23048	23046	23246	2	200	4	93
25601	528	23050	23046	23247	4	201	5	93
25601	529	23053	23050	23249	3	199	4	93
25601	530	23051	23048	23247	3	199	5	93
25601	531	23054	23052	23252	2	200	4	93
25601	532	23049	23046	23245	3	199	4	93
25601	533	23050	23048	23247	2	199	5	93
25601	534	23051	23049	23249	2	200	4	93
25601	535	23053	23051	23250	2	199	4	93
25601	536	23051	23049	23247	2	198	4	93
25601	537	23045	23044	23242	1	198	4	93
25601	538	23054	23050	23249	4	199	4	93
25601	539	23052	23049	23249	3	200	4	93
25601	540	23051	23049	23249	2	200	4	93
25601	541	23049	23045	23247	4	202	5	93
25601	542	23051	23049	23249	2	200	4	93
25601	543	23052	23049	23252	3	203	4	93
25601	544	23048	23046	23245	2	199	5	93
25601	545	23051	23048	23249	3	201	4	93
25601	546	23055	23052	23252	3	200	5	93
25601	547	23052	23049	23249	3	200	4	93
25601	548	23045	23044	23242	1	198	4	93
25601	549	23054	23050	23251	4	201	4	93
25601	550	23052	23049	23247	3	198	4	93
25601	551	23054	23051	23252	3	201	5	93
25601	552	23048	23044	23245	4	201	4	93
25601	553	23051	23049	23249	2	200	4	93
25601	554	23052	23049	23247	3	198	4	93
25601	555	23053	23049	23250	4	201	4	93
25601	556	23046	23044	23244	2	200	4	93
25601	557	23053	23049	23251	4	202	5	93
25601	558	23051	23049	23247	2	198	4	93
25601	559	23051	23048	23247	3	199	5	93
25601	560	23047	23044	23243	3	199	4	93
25601	561	23052	23049	23249	3	200	4	93
25601	562	23051	23048	23249	3	201	5	93
25601	563	23053	23050	23251	3	201	4	93
25601	564	23046	23044	23244	2	200	4	93
25601	565	23051	23050	23248	1	198	4	93
25601	566	23053	23050	23249	3	199	4	93
25601	567	23051	23048	23249	3	201	5	93
25601	568	23046	23044	23240	2	196	4	93
25601	569	23051	23049	23249	2	200	4	93
25601	570	23051	23048	23249	3	201	5	93
25601	571	23053	23051	23250	2	199	4	93
25601	572	23047	23044	23242	3	198	4	93
25601	573	23051	23049	23248	2	199	5	93
25601	574	23053	23050	23249	3	199	4	93
25601	575	23052	23048	23249	4	201	5	93
25601	576	23047	23045	23245	2	200	4	93
25601	577	23053	23050	23249	3	199	4	93
25601	578	23052	23048	23249	4	201	5	93
25601	579	23051	23049	23247	2	198	4	93
25601	580	23049	23045	23245	4	200	5	93
25601	581	23051	23048	23249	3	201	5	93
25601	582	23052	23050	23250	2	200	4	93
25601	583	23053	23050	23251	3	201	4	93
25601	584	23046	23044	23244	2	200	4	93
25601	585	23051	23049	23245	2	196	4	93
25601	586	23051	23050	23248	1	198	4	93
25601	587	23051	23049	23249	2	200	4	93
25601	588	23048	23044	23244	4	200	4	93
25601	589	23054	23052	23250	2	198	4	93
25601	590	23051	23048	23249	3	201	5	93
25601	591	23053	23049	23251	4	202	5	93
25601	592	23045	23043	23243	2	200	4	93
25601	593	23051	23049	23249	2	200	4	93
25601	594	23054	23050	23251	4	201	4	93
25601	595	23051	23049	23249	2	200	4	93
25601	596	23045	23042	23243	3	201	5	93
25601	597	23054	23050	23251	4	201	4	93
25601	598	23051	23049	23247	2	198	4	93
25601	599	23051	23049	23247	2	198	4	93
25601	600	23047	23044	23243	3	199	4	93
25601	601	23051	23048	23249	3	201	5	93
25601	602	23051	23049	23249	2	200	4	93
25601	603	23052	23049	23250	3	201	4	93
25601	604	23046	23044	23244	2	200	4	93
25601	605	23053	23050	23249	3	199	4	93
25601	606	23051	23048	23249	3	201	5	93
25601	607	23051	23049	23249	2	200	4	93
25601	608	23052	23049	23250	3	201	4	93
25601	609	23048	23046	23246	2	200	4	93
25601	610	23052	23049	23249	3	200	4	93
25601	611	23053	23049	23249	4	200	5	93
25601	612	23051	23050	23246	1	196	4	93
25601	613	23046	23043	23243	3	200	4	93
25601	614	23054	23049	23251	5	202	5	93
25601	615	23052	23049	23249	3	200	4	93
25601	616	23051	23048	23249	3	201	5	93
25601	617	23047	23045	23244	2	199	4	93
25601	618	23051	23049	23249	2	200	4	93
25601	619	23051	23049	23249	2	200	4	93
25601	620	23051	23049	23249	2	200	5	93
25601	621	23045	23042	23243	3	201	5	93
25601	622	23054	23049	23251	5	202	5	93
25601	623	23051	23049	23249	2	200	4	93
25601	624	23051	23049	23249	2	200	4	93
25601	625	23047	23044	23245	3	201	4	93
25601	626	23051	23048	23249	3	201	5	93
25601	627	23052	23049	23249	3	200	4	93
25601	628	23048	23044	23245	4	201	4	93
25601	629	23052	23049	23249	3	200	4	93
25601	630	23051	23049	23249	2	200	4	93
25601	631	23054	23049	23251	5	202	5	93
25601	632	23046	23043	23243	3	200	4	93
25601	633	23052	23049	23247	3	198	4	93
25601	634	23053	23050	23249	3	199	4	93
25601	635	23045	23044	23242	1	198	4	93
25601	636	23051	23048	23250	3	202	5	93
25601	637	23052	23049	23249	3	200	4	93
25601	638	23051	23049	23249	2	200	4	93
25601	639	23048	23045	23246	3	201	4	93
25601	640	23052	23049	23249	3	200	4	93
25601	641	23051	23049	23248	2	199	5	93
25601	642	23049	23045	23244	4	199	4	93
25601	643	23051	23049	23247	2	198	4	93
25601	644	23051	23049	23248	2	199	4	93
25601	645	23054	23051	23250	3	199	4	93
25601	646	23045	23043	23242	2	199	5	93
25601	647	23051	23050	23248	1	198	4	93
25601	648	23053	23050	23251	3	201	4	93
25601	649	23050	23048	23246	2	198	4	93
25601	650	23049	23046	23247	3	201	5	93
25601	651	23052	23048	23250	4	202	5	93
25601	652	23052	23049	23250	3	201	4	93
25601	653	23047	23045	23244	2	199	4	93
25601	654	23051	23049	23247	2	198	4	93
25601	655	23051	23048	23247	3	199	5	93
25601	656	23053	23050	23251	3	201	4	93
25601	657	23046	23043	23243	3	200	4	93
25601	658	23052	23049	23248	3	199	5	93
25601	659	23053	23050	23249	3	199	4	93
25601	660	23047	23046	23244	1	198	4	93
25601	661	23051	23048	23247	3	199	5	93
25601	662	23054	23050	23251	4	201	4	93
25601	663	23051	23049	23249	2	200	4	93
25601	664	23046	23043	23243	3	200	4	93
25601	665	23053	23050	23251	3	201	4	93
25601	666	23051	23048	23249	3	201	5	93
25601	667	23052	23049	23247	3	198	4	93
25601	668	23046	23044	23245	2	201	4	93
25601	669	23052	23048	23249	4	201	5	93
25601	670	23053	23051	23250	2	199	4	93
25601	671	23051	23050	23248	1	198	4	93
25601	672	23045	23044	23242	1	198	4	93
25601	673	23053	23050	23249	3	199	4	93
25601	674	23051	23050	23248	1	198	4	93
25601	675	23052	23049	23250	3	201	5	93
25601	676	23047	23045	23244	2	199	4	93
25601	677	23052	23049	23247	3	198	4	93
25601	678	23052	23049	23249	3	200	4	93
25601	679	23053	23050	23251	3	201	4	93
25601	680	23046	23044	23243	2	199	5	93
25601	681	23051	23049	23248	2	199	5	93
25601	682	23053	23050	23251	3	201	4	93
25601	683	23050	23049	23247	1	198	4	93
25601	684	23049	23046	23244	3	198	4	93
25601	685	23052	23048	23250	4	202	5	93
25601	686	23051	23049	23249	2	200	4	93
25601	687	23050	23048	23247	2	199	4	93
25601	688	23049	23048	23246	1	198	4	93
25601	689	23051	23050	23248	1	198	4	93
25601	690	23053	23049	23249	4	200	5	93
25601	691	23049	23046	23246	3	200	4	93
25601	692	23051	23049	23249	2	200	4	93
25601	693	23054	23049	23249	5	200	5	93
25601	694	23052	23049	23249	3	200	4	93
25601	695	23047	23044	23245	3	201	5	93
25601	696	23054	23051	23251	3	200	4	93
25601	697	23051	23049	23249	2	200	4	93
25601	698	23051	23048	23249	3	201	5	93
25601	699	23051	23047	23249	4	202	5	93
25601	700	23052	23048	23249	4	201	5	93
25601	701	23051	23048	23249	3	201	5	93
25601	702	23052	23049	23249	3	200	4	93
25601	703	23046	23045	23243	1	198	4	93
25601	704	23054	23050	23251	4	201	4	93
25601	705	23051	23049	23249	2	200	4	93
25601	706	23051	23049	23248	2	199	5	93
25601	707	23049	23045	23246	4	201	4	93
25601	708	23051	23049	23249	2	200	4	93
25601	709	23052	23048	23249	4	201	5	93
25601	710	23053	23050	23249	3	199	4	93
25601	711	23047	23046	23244	1	198	4	93
25601	712	23051	23050	23248	1	198	4	93
25601	713	23053	23051	23250	2	199	4	93
25601	714	23051	23048	23249	3	201	5	93
25601	715	23048	23046	23244	2	198	4	93
25601	716	23052	23050	23249	2	199	4	93
25601	717	23051	23049	23249	2	200	4	93
25601	718	23051	23048	23247	3	199	5	93
25601	719	23051	23047	23247	4	200	5	93
25601	720	23049	23048	23246	1	198	4	93
25601	721	23052	23049	23249	3	200	4	93
25601	722	23051	23049	23249	2	200	4	93
25601	723	23050	23048	23248	2	200	4	93
25601	724	23051	23047	23249	4	202	5	93
25601	725	23051	23049	23249	2	200	4	93
25601	726	23051	23050	23248	1	198	4	93
25601	727	23052	23050	23249	2	199	4	93
25601	728	23049	23046	23246	3	200	4	93
25601	729	23052	23049	23250	3	201	5	93
25601	730	23054	23049	23251	5	202	5	93
25601	731	23051	23049	23247	2	198	4	93
25601	732	23047	23045	23245	2	200	4	93
25601	733	23053	23050	23249	3	199	4	93
25601	734	23051	23049	23248	2	199	5	93
25601	735	23051	23049	23249	2	200	4	93
25601	736	23048	23045	23244	3	199	4	93
25601	737	23052	23049	23248	3	199	4	93
25601	738	23053	23049	23251	4	202	5	93
25601	739	23052	23049	23250	3	201	5	93
25601	740	23045	23043	23243	2	200	4	93
25601	741	23053	23051	23250	2	199	4	93
25601	742	23052	23049	23249	3	200	4	93
25601	743	23051	23050	23248	1	198	4	93
25601	744	23048	23044	23244	4	200	5	93
25601	745	23052	23049	23249	3	200	4	93
25601	746	23051	23049	23248	2	199	5	93
25601	747	23053	23051	23250	2	199	4	93
25601	748	23046	23043	23243	3	200	4	93
25601	749	23051	23049	23249	2	200	4	93
25601	750	23053	23050	23249	3	199	4	93
25601	751	23051	23048	23247	3	199	5	93
25601	752	23046	23043	23243	3	200	4	93
25601	753	23053	23051	23250	2	199	4	93
25601	754	23052	23048	23249	4	201	5	93
25601	755	23051	23048	23249	3	201	5	93
25601	756	23046	23043	23243	3	200	4	93
25601	757	23052	23049	23249	3	200	4	93
25601	758	23054	23050	23249	4	199	4	93
25601	759	23051	23049	23249	2	200	4	93
25601	760	23046	23042	23243	4	201	5	93
25601	761	23053	23050	23249	3	199	4	93
25601	762	23051	23049	23249	2	200	4	93
25601	763	23051	23049	23249	2	200	4	93
25601	764	23050	23046	23248	4	202	5	93
25601	765	23050	23047	23248	3	201	5	93
25601	766	23051	23050	23248	1	198	4	93
25601	767	23054	23050	23251	4	201	4	93
25601	768	23049	23047	23244	2	197	4	93
25601	769	23049	23047	23247	2	200	4	93
25601	770	23054	23049	23251	5	202	5	93
25601	771	23051	23049	23249	2	200	4	93
25601	772	23053	23050	23249	3	199	4	93
25601	773	23046	23044	23243	2	199	5	93
25601	774	23051	23049	23249	2	200	4	93
25601	775	23053	23051	23250	2	199	4	93
25601	776	23051	23049	23247	2	198	4	93
25601	777	23045	23044	23242	1	198	4	93
25601	778	23054	23049	23251	5	202	5	93
25601	779	23052	23049	23248	3	199	4	93
25601	780	23052	23049	23249	3	200	4	93
25601	781	23047	23043	23245	4	202	5	93
25601	782	23052	23049	23249	3	200	4	93
25601	783	23051	23049	23247	2	198	4	93
25601	784	23053	23050	23249	3	199	4	93
25601	785	23045	23043	23241	2	198	4	93
25601	786	23051	23049	23249	2	200	4	93
25601	787	23053	23050	23251	3	201	4	93
25601	788	23051	23048	23249	3	201	5	93
25601	789	23047	23043	23243	4	200	5	93
25601	790	23052	23049	23248	3	199	4	93
25601	791	23051	23048	23247	3	199	5	93
25601	792	23053	23050	23251	3	201	4	93
25601	793	23048	23045	23245	3	200	4	93
25601	794	23051	23049	23247	2	198	4	93
25601	795	23053	23050	23251	3	201	4	93
25601	796	23051	23048	23249	3	201	5	93
25601	797	23051	23050	23246	1	196	4	93
25601	798	23048	23044	23243	4	199	4	93
25601	799	23051	23048	23249	3	201	5	93
25601	800	23051	23050	23248	1	198	4	93
25601	801	23053	23050	23251	3	201	4	93
25601	802	23045	23043	23243	2	200	4	93
25601	803	23051	23049	23249	2	200	4	93
25601	804	23051	23049	23246	2	197	4	93
25601	805	23051	23050	23248	1	198	4	93
25601	806	23052	23049	23250	3	201	4	93
25601	807	23048	23044	23244	4	200	6	93
25601	808	23051	23049	23247	2	198	4	93
25601	809	23053	23050	23249	3	199	4	93
25601	810	23051	23049	23249	2	200	4	93
25601	811	23045	23043	23243	2	200	4	93
25601	812	23054	23049	23251	5	202	5	93
25601	813	23051	23049	23247	2	198	4	93
25601	814	23052	23049	23249	3	200	4	93
25601	815	23049	23045	23245	4	200	5	93
25601	816	23051	23049	23249	2	200	4	93
25601	817	23051	23048	23252	3	204	5	93
25601	818	23052	23049	23249	3	200	4	93
25601	819	23051	23049	23247	2	198	4	93
25601	820	23047	23043	23245	4	202	5	93
25601	821	23051	23050	23248	1	198	4	93
25601	822	23051	23049	23249	2	200	4	93
25601	823	23054	23049	23251	5	202	5	93
25601	824	23045	23043	23241	2	198	4	93
25601	825	23052	23048	23249	4	201	5	93
25601	826	23054	23050	23251	4	201	4	93
25601	827	23054	23052	23251	2	199	5	93
25601	828	23051	23049	23249	2	200	4	93
25601	829	23049	23045	23244	4	199	4	93
25601	830	23052	23048	23249	4	201	5	93
25601	831	23052	23048	23249	4	201	5	93
25601	832	23054	23050	23251	4	201	4	93
25601	833	23045	23043	23241	2	198	4	93
25601	834	23051	23049	23249	2	200	4	93
25601	835	23051	23048	23247	3	199	5	93
25601	836	23051	23049	23247	2	198	4	93
25601	837	23053	23049	23250	4	201	4	93
25601	838	23048	23045	23246	3	201	5	93
25601	839	23051	23050	23248	1	198	4	93
25601	840	23053	23050	23249	3	199	4	93
25601	841	23051	23048	23249	3	201	4	93
25601	842	23045	23044	23242	1	198	4	93
25601	843	23053	23050	23251	3	201	4	93
25601	844	23051	23049	23248	2	199	5	93
25601	845	23051	23050	23248	1	198	4	93
25601	846	23050	23048	23247	2	199	4	93
25601	847	23050	23048	23246	2	198	4	93
25601	848	23051	23049	23249	2	200	4	93
25601	849	23052	23048	23249	4	201	5	93
25601	850	23051	23049	23247	2	198	4	93
25601	851	23048	23045	23244	3	199	4	93
25601	852	23052	23051	23249	1	198	4	93
25601	853	23052	23049	23249	3	200	4	93
25601	854	23053	23049	23249	4	200	5	93
25601	855	23046	23043	23244	3	201	5	93
25601	856	23051	23049	23249	2	200	4	93
25601	857	23054	23050	23252	4	202	4	93
25601	858	23051	23049	23247	2	198	4	93
25601	859	23051	23049	23249	2	200	4	93
25601	860	23047	23043	23243	4	200	5	93
25601	861	23051	23050	23248	1	198	4	93
25601	862	23051	23049	23247	2	198	4	93
25601	863	23053	23050	23249	3	199	4	93
25601	864	23046	23044	23242	2	198	4	93
25601	865	23051	23049	23248	2	199	5	93
25601	866	23052	23050	23248	2	198	4	93
25601	867	23051	23049	23249	2	200	4	93
25601	868	23053	23050	23251	3	201	4	93
25601	869	23046	23045	23243	1	198	4	93
25601	870	23051	23048	23245	3	197	5	93
25601	871	23053	23050	23249	3	199	4	93
25601	872	23051	23049	23249	2	200	4	93
25601	873	23045	23043	23243	2	200	4	93
25601	874	23053	23050	23249	3	199	4	93
25601	875	23051	23048	23249	3	201	5	93
25601	876	23051	23048	23249	3	201	5	93
25601	877	23051	23049	23248	2	199	4	93
25601	878	23050	23048	23246	2	198	4	93
25601	879	23051	23050	23248	1	198	4	93
25601	880	23053	23049	23251	4	202	5	93
25601	881	23051	23048	23247	3	199	5	93
25601	882	23045	23043	23242	2	199	4	93
25601	883	23051	23050	23248	1	198	4	93
25601	884	23052	23049	23249	3	200	4	93
25601	885	23053	23050	23250	3	200	4	93
25601	886	23052	23048	23249	4	201	5	93
25601	887	23045	23043	23241	2	198	4	93
25601	888	23054	23050	23251	4	201	4	93
25601	889	23170	23051	23367	119	316	5	94
25601	890	23051	23050	23248	1	198	4	93
25601	891	23053	23049	23249	4	200	5	93
25601	892	23046	23044	23244	2	200	4	93
25601	893	23051	23048	23249	3	201	5	93
25601	894	23053	23050	23251	3	201	4	93
25601	895	23051	23049	23248	2	199	5	93
25601	896	23050	23049	23247	1	198	4	93
25601	897	23049	23047	23246	2	199	4	93
25601	898	23051	23048	23249	3	201	5	93
25601	899	23051	23049	23252	2	203	4	93
25601	900	23051	23049	23249	2	200	4	93
25601	901	23049	23048	23246	1	198	4	93
25601	902	23051	23046	23248	5	202	5	93
25601	903	23052	23049	23249	3	200	4	93
25601	904	23051	23050	23246	1	196	4	93
25601	905	23053	23050	23251	3	201	4	93
25601	906	23049	23047	23245	2	198	4	93
25601	907	23050	23046	23245	4	199	5	93
25601	908	23053	23049	23251	4	202	5	93
25601	909	23051	23049	23247	2	198	4	93
25601	910	23052	23049	23249	3	200	4	93
25601	911	23050	23046	23247	4	201	4	93
25601	912	23050	23047	23248	3	201	5	93
25601	913	23051	23048	23247	3	199	5	93
25601	914	23053	23050	23251	3	201	4	93
25601	915	23051	23050	23248	1	198	4	93
25601	916	23046	23044	23244	2	200	4	93
25601	917	23052	23049	23252	3	203	4	93
25601	918	23051	23048	23249	3	201	5	93
25601	919	23053	23049	23249	4	200	5	93
25601	920	23051	23049	23249	2	200	4	93
25601	921	23045	23043	23243	2	200	4	93
25601	922	23053	23049	23249	4	200	5	93
25601	923	23051	23049	23249	2	200	4	93
25601	924	23051	23049	23247	2	198	4	93
25601	925	23053	23050	23251	3	201	4	93
25601	926	23045	23042	23241	3	199	5	93
25601	927	23051	23049	23247	2	198	4	93
25601	928	23053	23050	23251	3	201	4	93
25601	929	23051	23048	23249	3	201	5	93
25601	930	23051	23049	23249	2	200	4	93
25601	931	23050	23048	23247	2	199	4	93
25601	932	23049	23047	23245	2	198	4	93
25601	933	23052	23049	23247	3	198	4	93
25601	934	23051	23047	23248	4	201	5	93
25601	935	23051	23049	23249	2	200	4	93
25601	936	23052	23050	23249	2	199	4	93
25601	937	23045	23043	23243	2	200	4	93
25601	938	23051	23049	23248	2	199	4	93
25601	939	23053	23050	23251	3	201	4	93
25601	940	23051	23049	23249	2	200	4	93
25601	941	23051	23049	23249	2	200	4	93
25601	942	23050	23048	23247	2	199	4	93
25601	943	23051	23048	23246	3	198	4	93
25601	944	23051	23049	23247	2	198	4	93
25601	945	23053	23049	23251	4	202	5	93
25601	946	23052	23049	23249	3	200	4	93
25601	947	23051	23049	23247	2	198	4	93
25601	948	23047	23043	23244	4	201	4	93
25601	949	23051	23049	23249	2	200	4	93
25601	950	23052	23049	23249	3	200	4	93
25601	951	23051	23049	23249	2	200	4	93
25601	952	23051	23049	23249	2	200	4	93
25601	953	23049	23046	23247	3	201	4	93
25601	954	23050	23048	23247	2	199	5	93
25601	955	23051	23049	23246	2	197	4	93
25601	956	23053	23049	23251	4	202	5	93
25601	957	23051	23049	23249	2	200	4	93
25601	958	23051	23050	23248	1	198	4	93
25601	959	23047	23044	23244	3	200	5	93
25601	960	23051	23048	23248	3	200	4	93
25601	961	23051	23049	23249	2	200	4	93
25601	962	23053	23050	23251	3	201	4	93
25601	963	23051	23049	23247	2	198	4	93
25601	964	23045	23043	23243	2	200	4	93
25601	965	23053	23050	23249	3	199	4	93
25601	966	23051	23049	23249	2	200	4	93
25601	967	23051	23048	23249	3	201	5	93
25601	968	23051	23049	23249	2	200	4	93
25601	969	23048	23046	23246	2	200	4	93
25601	970	23051	23048	23245	3	197	4	93
25601	971	23051	23050	23248	1	198	4	93
25601	972	23051	23048	23247	3	199	5	93
25601	973	23053	23049	23250	4	201	5	93
25601	974	23051	23048	23246	3	198	4	93
25601	975	23045	23043	23241	2	198	4	93
25601	976	23053	23050	23251	3	201	4	93
25601	977	23051	23049	23249	2	200	4	93
25601	978	23051	23048	23249	3	201	5	93
25601	979	23053	23048	23249	5	201	5	93
25601	980	23044	23043	23241	1	198	4	93
25601	981	23051	23049	23247	2	198	4	93
25601	982	23053	23050	23249	3	199	4	93
25601	983	23051	23049	23247	2	198	4	93
25601	984	23052	23049	23249	3	200	4	93
25601	985	23046	23044	23242	2	198	4	93
25601	986	23051	23049	23249	2	200	4	93
25601	987	23053	23049	23249	4	200	5	93
25601	988	23051	23047	23248	4	201	5	93
25601	989	23051	23049	23249	2	200	4	93
25601	990	23052	23049	23248	3	199	4	93
25601	991	23048	23045	23245	3	200	4	93
25601	992	23051	23049	23249	2	200	4	93
25601	993	23053	23049	23249	4	200	5	93
25601	994	23051	23049	23249	2	200	4	93
25601	995	23051	23049	23249	2	200	4	93
25601	996	23046	23044	23243	2	199	4	93
25601	997	23051	23049	23249	2	200	4	93
25601	998	23051	23048	23249	3	201	5	93
25601	999	23053	23048	23250	5	202	5	93
25601	1000	23051	23049	23247	2	198	4	93
