RUNID	ITERNUM	METIME	PRTIME	TPRTIME	DIFF	TDIFF	NRPROCS	NPROCS
25181	1	84189	84179	84389	10	210	6	94
25181	2	84181	84171	84378	10	207	6	94
25181	3	84188	84179	84387	9	208	6	94
25181	4	84186	84176	84385	10	209	5	94
25181	5	84187	84178	84385	9	207	6	94
25181	6	84188	84178	84388	10	210	6	94
25181	7	84180	84172	84378	8	206	5	94
25181	8	84189	84179	84387	10	208	6	94
25181	9	84183	84172	84380	11	208	6	94
25181	10	84188	84177	84386	11	209	6	94
25181	11	84185	84177	84384	8	207	6	94
25181	12	84186	84173	84386	13	213	7	94
25181	13	84185	84177	84384	8	207	6	94
25181	14	84183	84173	84381	10	208	6	94
25181	15	84191	84182	84391	9	209	6	94
25181	16	84182	84174	84383	8	209	6	94
25181	17	84186	84178	84386	8	208	7	94
25181	18	84186	84176	84388	10	212	8	94
25181	19	84183	84172	84380	11	208	6	94
25181	20	84188	84180	84387	8	207	6	94
25181	21	84183	84172	84383	11	211	6	94
25181	22	84186	84179	84385	7	206	5	94
25181	23	84183	84173	84383	10	210	6	94
25181	24	84187	84179	84388	8	209	6	94
25181	25	84183	84172	84381	11	209	6	94
25181	26	84187	84177	84387	10	210	7	94
25181	27	84183	84174	84382	9	208	6	94
25181	28	84185	84177	84383	8	206	5	94
25181	29	84187	84178	84388	9	210	7	94
25181	30	84182	84173	84381	9	208	6	94
25181	31	84189	84179	84391	10	212	7	94
25181	32	84182	84173	84381	9	208	6	94
25181	33	84188	84176	84385	12	209	6	94
25181	34	84183	84174	84383	9	209	5	94
25181	35	84188	84179	84386	9	207	6	94
25181	36	84184	84175	84383	9	208	6	94
25181	37	84187	84179	84387	8	208	5	94
25181	38	84185	84174	84383	11	209	6	94
25181	39	84187	84178	84387	9	209	6	94
25181	40	84185	84176	84385	9	209	6	94
25181	41	84186	84175	84384	11	209	6	94
25181	42	84188	84180	84387	8	207	6	94
25181	43	84183	84172	84381	11	209	7	94
25181	44	84186	84176	84387	10	211	7	94
25181	45	84182	84173	84383	9	210	6	94
25181	46	84186	84177	84386	9	209	8	94
25181	47	84182	84173	84381	9	208	6	94
25181	48	84187	84177	84384	10	207	6	94
25181	49	84182	84173	84381	9	208	6	94
25181	50	84186	84177	84385	9	208	7	94
25181	51	84182	84173	84381	9	208	6	94
25181	52	84187	84179	84388	8	209	6	94
25181	53	84184	84172	84381	12	209	6	94
25181	54	84187	84176	84387	11	211	7	94
25181	55	84186	84177	84385	9	208	6	94
25181	56	84183	84170	84383	13	213	7	94
25181	57	84187	84174	84387	13	213	7	94
25181	58	84186	84175	84386	11	211	8	94
25181	59	84187	84177	84386	10	209	6	94
25181	60	84183	84170	84381	13	211	7	94
25181	61	84187	84177	84388	10	211	6	95
25181	62	84184	84173	84382	11	209	6	94
25181	63	84187	84177	84385	10	208	6	94
25181	64	84187	84176	84388	11	212	7	94
25181	65	84180	84170	84380	10	210	7	94
25181	66	84187	84177	84385	10	208	6	94
25181	67	84183	84174	84383	9	209	5	94
25181	68	84253	84199	84451	54	252	15	112
25181	69	84185	84175	84382	10	207	5	94
25181	70	84187	84177	84388	10	211	6	94
25181	71	84187	84178	84386	9	208	6	94
25181	72	84183	84173	84383	10	210	7	94
25181	73	84186	84176	84385	10	209	7	94
25181	74	84188	84179	84388	9	209	6	94
25181	75	84186	84176	84386	10	210	6	94
25181	76	84184	84174	84385	10	211	7	94
25181	77	84186	84178	84384	8	206	5	94
25181	78	84185	84175	84383	10	208	6	94
25181	79	84184	84174	84382	10	208	6	94
25181	80	84190	84180	84388	10	208	6	94
25181	81	84188	84179	84386	9	207	6	94
25181	82	84182	84172	84379	10	207	5	94
25181	83	84187	84176	84387	11	211	6	94
25181	84	84187	84178	84386	9	208	6	94
25181	85	84185	84177	84385	8	208	5	94
25181	86	84184	84174	84382	10	208	6	94
25181	87	84186	84174	84387	12	213	7	94
25181	88	84185	84178	84387	7	209	5	94
25181	89	84179	84170	84378	9	208	6	94
25181	90	84186	84178	84385	8	207	6	94
25181	91	84188	84179	84388	9	209	5	94
25181	92	84186	84177	84384	9	207	6	94
25181	93	84182	84171	84382	11	211	6	94
25181	94	84186	84177	84385	9	208	5	94
25181	95	84188	84179	84388	9	209	5	94
25181	96	84180	84171	84380	9	209	6	94
25181	97	84189	84178	84388	11	210	6	94
25181	98	84187	84177	84385	10	208	7	94
25181	99	84187	84178	84387	9	209	7	94
25181	100	84181	84172	84379	9	207	6	94
25181	101	84186	84175	84386	11	211	7	94
25181	102	84186	84177	84387	9	210	6	94
25181	103	84180	84172	84378	8	206	5	94
25181	104	84188	84178	84389	10	211	7	94
25181	105	84186	84175	84385	11	210	6	94
25181	106	84186	84175	84386	11	211	7	94
25181	107	84185	84176	84384	9	208	5	94
25181	108	84187	84177	84386	10	209	6	94
25181	109	84186	84175	84386	11	211	7	94
25181	110	84422	84180	84621	242	441	8	96
25181	111	84185	84175	84385	10	210	7	94
25181	112	84187	84175	84386	12	211	6	94
25181	113	84187	84177	84386	10	209	6	94
25181	114	84185	84176	84385	9	209	6	94
25181	115	84188	84177	84387	11	210	6	94
25181	116	84185	84174	84384	11	210	7	94
25181	117	84187	84177	84387	10	210	6	94
25181	118	84185	84176	84383	9	207	6	94
25181	119	84183	84172	84382	11	210	6	94
25181	120	84184	84174	84385	10	211	7	94
25181	121	84188	84177	84386	11	209	7	94
25181	122	84186	84176	84386	10	210	6	94
25181	123	84187	84176	84386	11	210	6	94
25181	124	84185	84176	84385	9	209	6	94
25181	125	84185	84176	84384	9	208	6	94
25181	126	84184	84174	84383	10	209	6	94
25181	127	84182	84171	84381	11	210	6	94
25181	128	84187	84178	84387	9	209	5	94
25181	129	84185	84175	84383	10	208	6	94
25181	130	84185	84176	84384	9	208	6	94
25181	131	84183	84173	84382	10	209	6	94
25181	132	84185	84176	84383	9	207	5	94
25181	133	84183	84174	84382	9	208	6	94
25181	134	84185	84174	84386	11	212	7	94
25181	135	84184	84174	84385	10	211	6	94
25181	136	84184	84174	84383	10	209	6	94
25181	137	84184	84174	84383	10	209	6	94
25181	138	84183	84173	84382	10	209	6	94
25181	139	84184	84174	84382	10	208	6	94
25181	140	84183	84176	84382	7	206	5	94
25181	141	84186	84175	84386	11	211	6	94
25181	142	84185	84176	84386	9	210	7	94
25181	143	84193	84183	84391	10	208	6	94
25181	144	84187	84177	84386	10	209	6	94
25181	145	84187	84176	84387	11	211	6	94
25181	146	84183	84175	84382	8	207	6	94
25181	147	84185	84176	84384	9	208	6	94
25181	148	84183	84175	84381	8	206	5	94
25181	149	84185	84174	84384	11	210	6	94
25181	150	84184	84174	84385	10	211	7	94
25181	151	84185	84176	84384	9	208	5	94
25181	152	84186	84174	84385	12	211	6	94
25181	153	84184	84175	84383	9	208	6	94
25181	154	84186	84176	84385	10	209	7	94
25181	155	84185	84176	84385	9	209	6	94
25181	156	84186	84174	84382	12	208	6	94
25181	157	84185	84176	84386	9	210	5	94
25181	158	84185	84176	84384	9	208	6	94
25181	159	84184	84175	84384	9	209	6	94
25181	160	84184	84175	84383	9	208	6	94
25181	161	84184	84174	84382	10	208	6	94
25181	162	84187	84175	84387	12	212	6	94
25181	163	84184	84174	84384	10	210	6	94
25181	164	84183	84174	84382	9	208	7	94
25181	165	84186	84175	84384	11	209	6	94
25181	166	84184	84175	84385	9	210	5	94
25181	167	84186	84176	84384	10	208	6	94
25181	168	84183	84173	84383	10	210	6	94
25181	169	84186	84174	84385	12	211	6	94
25181	170	84183	84175	84384	8	209	6	94
25181	171	84187	84178	84386	9	208	6	94
25181	172	84188	84180	84388	8	208	5	94
25181	173	84188	84177	84387	11	210	6	94
25181	174	84186	84176	84384	10	208	6	94
25181	175	84188	84178	84388	10	210	6	94
25181	176	84185	84174	84386	11	212	7	94
25181	177	84185	84176	84383	9	207	5	94
25181	178	84186	84176	84386	10	210	6	94
25181	179	84184	84173	84383	11	210	6	94
25181	180	84187	84177	84387	10	210	6	94
25181	181	84184	84172	84385	12	213	6	94
25181	182	84187	84176	84386	11	210	7	94
25181	183	84184	84174	84384	10	210	6	94
25181	184	84186	84177	84386	9	209	5	94
25181	185	84188	84179	84389	9	210	7	94
25181	186	84187	84177	84385	10	208	6	94
25181	187	84187	84176	84386	11	210	6	95
25181	188	84183	84176	84382	7	206	5	94
25181	189	84185	84176	84383	9	207	6	94
25181	190	84184	84173	84385	11	212	6	94
25181	191	84186	84175	84383	11	208	6	94
25181	192	84186	84176	84386	10	210	6	94
25181	193	84186	84177	84385	9	208	6	94
25181	194	84185	84177	84384	8	207	5	94
25181	195	84186	84176	84384	10	208	6	94
25181	196	84184	84177	84383	7	206	5	94
25181	197	84186	84176	84384	10	208	6	94
25181	198	84185	84176	84383	9	207	6	94
25181	199	84186	84176	84384	10	208	6	94
25181	200	84185	84176	84385	9	209	6	94
25181	201	84184	84174	84385	10	211	7	94
25181	202	84184	84173	84382	11	209	6	94
25181	203	84181	84172	84380	9	208	6	94
25181	204	84187	84175	84388	12	213	7	94
25181	205	84185	84176	84383	9	207	6	94
25181	206	84188	84177	84386	11	209	7	94
25181	207	84185	84176	84385	9	209	6	94
25181	208	84186	84177	84386	9	209	5	94
25181	209	84184	84176	84383	8	207	6	94
25181	210	84187	84178	84385	9	207	5	94
25181	211	84185	84176	84384	9	208	7	94
25181	212	84187	84175	84386	12	211	6	94
25181	213	84179	84168	84377	11	209	6	94
25181	214	84187	84178	84385	9	207	5	94
25181	215	84187	84178	84388	9	210	5	94
25181	216	84185	84174	84384	11	210	6	94
25181	217	84187	84176	84387	11	211	7	94
25181	218	84184	84176	84383	8	207	6	94
25181	219	84187	84178	84385	9	207	5	94
25181	220	84185	84177	84383	8	206	5	94
25181	221	84187	84177	84385	10	208	6	94
25181	222	84185	84175	84385	10	210	6	94
25181	223	84186	84175	84383	11	208	6	94
25181	224	84181	84173	84381	8	208	5	94
25181	225	84186	84177	84385	9	208	6	94
25181	226	84186	84176	84383	10	207	6	94
25181	227	84188	84177	84387	11	210	6	94
25181	228	84190	84178	84391	12	213	7	94
25181	229	84179	84171	84379	8	208	5	94
25181	230	84187	84177	84387	10	210	7	94
25181	231	84185	84176	84385	9	209	6	94
25181	232	84187	84176	84386	11	210	6	94
25181	233	84179	84171	84379	8	208	7	94
25181	234	84187	84179	84386	8	207	5	94
25181	235	84186	84176	84385	10	209	6	94
25181	236	84188	84179	84387	9	208	6	94
25181	237	84181	84174	84380	7	206	5	94
25181	238	84187	84176	84386	11	210	6	94
25181	239	84186	84175	84384	11	209	6	94
25181	240	84185	84176	84387	9	211	5	94
25181	241	84186	84176	84384	10	208	6	94
25181	242	84180	84171	84380	9	209	6	94
25181	243	84188	84175	84388	13	213	6	94
25181	244	84185	84176	84386	9	210	7	94
25181	245	84188	84179	84388	9	209	5	94
25181	246	84178	84170	84377	8	207	6	94
25181	247	84188	84177	84386	11	209	5	94
25181	248	84185	84177	84384	8	207	6	94
25181	249	84188	84178	84386	10	208	6	94
25181	250	84186	84178	84385	8	207	6	94
25181	251	84183	84170	84380	13	210	6	94
25181	252	84186	84176	84386	10	210	6	94
25181	253	84186	84177	84386	9	209	6	94
25181	254	84179	84170	84377	9	207	6	94
25181	255	84186	84177	84387	9	210	7	94
25181	256	84187	84178	84386	9	208	6	94
25181	257	84179	84171	84379	8	208	7	94
25181	258	84188	84178	84388	10	210	6	94
25181	259	84185	84176	84384	9	208	6	94
25181	260	84187	84178	84386	9	208	6	94
25181	261	84181	84171	84379	10	208	7	94
25181	262	84188	84179	84386	9	207	5	94
25181	263	84186	84177	84384	9	207	6	94
25181	264	84182	84171	84381	11	210	6	94
25181	265	84186	84174	84387	12	213	6	94
25181	266	84185	84174	84385	11	211	6	94
25181	267	84186	84176	84385	10	209	6	94
25181	268	84180	84169	84381	11	212	7	94
25181	269	84187	84174	84388	13	214	6	94
25181	270	84187	84178	84386	9	208	5	94
25181	271	84189	84178	84390	11	212	6	94
25181	272	84181	84171	84382	10	211	7	94
25181	273	84189	84178	84389	11	211	6	94
25181	274	84186	84177	84384	9	207	6	94
25181	275	84182	84173	84382	9	209	5	94
25181	276	84186	84174	84385	12	211	6	94
25181	277	84188	84177	84389	11	212	7	94
25181	278	84185	84174	84384	11	210	7	94
25181	279	84183	84174	84381	9	207	6	94
25181	280	84186	84178	84386	8	208	5	94
25181	281	84314	84188	84511	126	323	7	95
25181	282	84185	84175	84383	10	208	6	94
25181	283	84185	84177	84384	8	207	6	94
25181	284	84189	84178	84389	11	211	6	94
25181	285	84179	84169	84379	10	210	7	94
25181	286	84188	84179	84387	9	208	6	94
25181	287	84186	84174	84388	12	214	7	94
25181	288	84188	84178	84387	10	209	6	94
25181	289	84181	84173	84379	8	206	5	94
25181	290	84187	84177	84387	10	210	7	94
25181	291	84186	84176	84384	10	208	6	94
25181	292	84181	84171	84381	10	210	6	94
25181	293	84187	84176	84387	11	211	7	94
25181	294	84188	84179	84387	9	208	5	94
25181	295	84188	84178	84386	10	208	6	94
25181	296	84179	84171	84378	8	207	6	94
25181	297	84188	84177	84389	11	212	6	94
25181	298	84185	84174	84385	11	211	8	94
25181	299	84188	84178	84388	10	210	6	94
25181	300	84180	84171	84380	9	209	6	94
25181	301	84188	84179	84386	9	207	5	94
25181	302	84185	84177	84384	8	207	6	94
25181	303	84188	84177	84388	11	211	6	94
25181	304	84180	84171	84381	9	210	5	94
25181	305	84186	84176	84387	10	211	6	94
25181	306	84186	84178	84384	8	206	5	94
25181	307	84185	84175	84382	10	207	6	94
25181	308	84181	84170	84380	11	210	7	94
25181	309	84186	84177	84384	9	207	6	94
25181	310	84188	84178	84389	10	211	7	94
25181	311	84185	84177	84384	8	207	6	94
25181	312	84181	84173	84380	8	207	5	94
25181	313	84191	84180	84388	11	208	7	94
25181	314	84193	84179	84395	14	216	7	94
25181	315	84186	84176	84385	10	209	6	94
25181	316	84184	84172	84382	12	210	6	94
25181	317	84186	84177	84385	9	208	5	94
25181	318	84185	84177	84384	8	207	6	94
25181	319	84179	84170	84380	9	210	7	94
25181	320	84186	84177	84384	9	207	6	94
25181	321	84187	84179	84386	8	207	5	94
25181	322	84185	84177	84384	8	207	6	94
25181	323	84182	84172	84382	10	210	6	94
25181	324	84186	84178	84385	8	207	6	94
25181	325	84187	84176	84386	11	210	7	94
25181	326	84186	84176	84384	10	208	6	94
25181	327	84182	84173	84380	9	207	5	94
25181	328	84186	84176	84387	10	211	7	94
25181	329	84188	84178	84386	10	208	6	94
25181	330	84185	84177	84384	8	207	6	94
25181	331	84179	84169	84380	10	211	7	94
25181	332	84187	84178	84386	9	208	6	94
25181	333	84187	84178	84386	9	208	5	94
25181	334	84188	84178	84387	10	209	5	94
25181	335	84179	84172	84378	7	206	5	94
25181	336	84188	84178	84388	10	210	6	94
25181	337	84186	84174	84388	12	214	7	94
25181	338	84188	84179	84387	9	208	6	94
25181	339	84180	84172	84379	8	207	6	94
25181	340	84187	84177	84386	10	209	6	94
25181	341	84185	84177	84384	8	207	6	94
25181	342	84187	84177	84386	10	209	6	94
25181	343	84184	84174	84384	10	210	8	94
25181	344	84182	84172	84381	10	209	6	94
25181	345	84188	84178	84387	10	209	7	94
25181	346	84186	84176	84389	10	213	7	95
25181	347	84188	84176	84387	12	211	7	94
25181	348	84180	84171	84380	9	209	6	94
25181	349	84188	84178	84386	10	208	6	94
25181	350	84186	84176	84387	10	211	6	94
25181	351	84188	84178	84386	10	208	6	94
25181	352	84179	84172	84378	7	206	5	94
25181	353	84188	84177	84386	11	209	6	94
25181	354	84185	84175	84386	10	211	7	94
25181	355	84185	84177	84384	8	207	6	94
25181	356	84182	84173	84382	9	209	6	94
25181	357	84186	84173	84385	13	212	8	94
25181	358	84187	84179	84386	8	207	5	94
25181	359	84186	84178	84387	8	209	6	94
25181	360	84186	84176	84384	10	208	6	94
25181	361	84183	84173	84386	10	213	7	94
25181	362	84188	84179	84388	9	209	5	94
25181	363	84186	84177	84386	9	209	6	94
25181	364	84188	84180	84387	8	207	5	94
25181	365	84179	84171	84378	8	207	6	94
25181	366	84188	84178	84387	10	209	5	94
25181	367	84186	84177	84386	9	209	6	94
25181	368	84185	84177	84383	8	206	5	94
25181	369	84179	84171	84378	8	207	6	94
25181	370	84186	84175	84384	11	209	6	94
25181	371	84188	84178	84389	10	211	5	94
25181	372	84186	84177	84384	9	207	6	94
25181	373	84188	84178	84386	10	208	6	94
25181	374	84181	84172	84380	9	208	6	94
25181	375	84187	84178	84386	9	208	6	94
25181	376	84185	84176	84383	9	207	6	94
25181	377	84188	84177	84388	11	211	7	94
25181	378	84179	84168	84379	11	211	7	94
25181	379	84188	84179	84389	9	210	6	94
25181	380	84185	84178	84384	7	206	5	94
25181	381	84185	84175	84386	10	211	7	94
25181	382	84182	84172	84380	10	208	6	94
25181	383	84184	84176	84384	8	208	5	94
25181	384	84188	84177	84388	11	211	6	94
25181	385	84186	84175	84387	11	212	6	94
25181	386	84188	84178	84386	10	208	6	94
25181	387	84179	84171	84378	8	207	6	94
25181	388	84188	84179	84386	9	207	5	94
25181	389	84186	84175	84385	11	210	6	94
25181	390	84187	84176	84385	11	209	6	94
25181	391	84186	84177	84386	9	209	5	94
25181	392	84182	84172	84381	10	209	7	94
25181	393	84186	84175	84387	11	212	6	94
25181	394	84186	84177	84386	9	209	6	94
25181	395	84189	84178	84389	11	211	6	94
25181	396	84180	84172	84378	8	206	5	94
25181	397	84187	84178	84386	9	208	6	94
25181	398	84186	84176	84385	10	209	6	94
25181	399	84188	84176	84386	12	210	6	94
25181	400	84186	84176	84388	10	212	7	94
25181	401	84182	84171	84381	11	210	6	94
25181	402	84185	84174	84384	11	210	7	94
25181	403	84188	84178	84388	10	210	6	94
25181	404	84186	84177	84385	9	208	5	94
25181	405	84188	84177	84388	11	211	7	94
25181	406	84179	84171	84379	8	208	7	94
25181	407	84186	84177	84383	9	206	5	94
25181	408	84185	84177	84384	8	207	6	94
25181	409	84186	84177	84386	9	209	6	94
25181	410	84188	84177	84388	11	211	7	94
25181	411	84185	84176	84384	9	208	7	94
25181	412	84182	84173	84381	9	208	6	94
25181	413	84185	84177	84383	8	206	5	94
25181	414	84188	84176	84386	12	210	6	94
25181	415	84185	84175	84383	10	208	6	94
25181	416	84187	84176	84385	11	209	6	94
25181	417	84185	84176	84386	9	210	7	94
25181	418	84182	84170	84380	12	210	6	94
25181	419	84186	84177	84385	9	208	7	94
25181	420	84185	84175	84383	10	208	6	94
25181	421	84188	84177	84387	11	210	6	94
25181	422	84185	84175	84385	10	210	6	94
25181	423	84186	84177	84384	9	207	5	94
25181	424	84182	84173	84380	9	207	6	94
25181	425	84187	84176	84387	11	211	6	94
25181	426	84186	84176	84385	10	209	6	94
25181	427	84187	84177	84386	10	209	6	94
25181	428	84187	84177	84388	10	211	6	94
25181	429	84182	84172	84381	10	209	5	94
25181	430	84185	84175	84385	10	210	6	94
25181	431	84188	84177	84389	11	212	6	94
25181	432	84185	84178	84384	7	206	5	94
25181	433	84185	84177	84384	8	207	6	94
25181	434	84187	84177	84388	10	211	7	94
25181	435	84183	84173	84380	10	207	6	94
25181	436	84186	84175	84385	11	210	7	94
25181	437	84186	84176	84383	10	207	6	94
25181	438	84187	84177	84387	10	210	6	94
25181	439	84185	84176	84384	9	208	6	94
25181	440	84186	84177	84385	9	208	6	94
25181	441	84190	84180	84391	10	211	6	94
25181	442	84180	84169	84377	11	208	6	94
25181	443	84186	84176	84385	10	209	6	94
25181	444	84186	84177	84387	9	210	6	94
25181	445	84185	84177	84383	8	206	5	94
25181	446	84185	84176	84385	9	209	6	94
25181	447	84187	84177	84387	10	210	7	94
25181	448	84180	84170	84381	10	211	7	94
25181	449	84189	84179	84387	10	208	6	94
25181	450	84186	84176	84386	10	210	7	94
25181	451	84305	84180	84505	125	325	8	95
25181	452	84185	84175	84383	10	208	6	94
25181	453	84187	84176	84386	11	210	6	94
25181	454	84179	84172	84378	7	206	5	94
25181	455	84188	84178	84387	10	209	5	94
25181	456	84186	84179	84385	7	206	5	94
25181	457	84188	84177	84386	11	209	6	94
25181	458	84186	84177	84384	9	207	6	94
25181	459	84186	84177	84384	9	207	6	94
25181	460	84186	84177	84384	9	207	5	94
25181	461	84182	84172	84381	10	209	6	94
25181	462	84188	84178	84386	10	208	6	94
25181	463	84185	84176	84385	9	209	6	94
25181	464	84187	84177	84388	10	211	7	94
25181	465	84185	84176	84385	9	209	6	94
25181	466	84187	84174	84387	13	213	6	94
25181	467	84179	84168	84380	11	212	7	94
25181	468	84187	84178	84387	9	209	5	94
25181	469	84186	84177	84386	9	209	6	94
25181	470	84187	84178	84386	9	208	6	94
25181	471	84185	84176	84384	9	208	6	94
25181	472	84185	84175	84384	10	209	7	94
25181	473	84182	84170	84382	12	212	7	94
25181	474	84186	84177	84386	9	209	6	94
25181	475	84188	84176	84389	12	213	6	94
25181	476	84185	84176	84387	9	211	7	94
25181	477	84187	84178	84387	9	209	5	94
25181	478	84185	84176	84385	9	209	6	94
25181	479	84182	84173	84381	9	208	6	94
25181	480	84185	84178	84384	7	206	5	94
25181	481	84189	84178	84389	11	211	7	94
25181	482	84186	84177	84386	9	209	6	94
25181	483	84191	84182	84390	9	208	6	94
25181	484	84185	84176	84386	9	210	5	94
25181	485	84182	84172	84381	10	209	6	94
25181	486	84188	84176	84386	12	210	6	94
25181	487	84186	84176	84386	10	210	7	94
25181	488	84187	84177	84387	10	210	6	94
25181	489	84186	84176	84385	10	209	6	94
25181	490	84182	84172	84383	10	211	7	94
25181	491	84185	84176	84384	9	208	6	94
25181	492	84188	84179	84388	9	209	5	94
25181	493	84186	84176	84386	10	210	6	94
25181	494	84187	84175	84386	12	211	6	94
25181	495	84181	84172	84381	9	209	6	94
25181	496	84186	84177	84384	9	207	6	94
25181	497	84186	84175	84388	11	213	7	94
25181	498	84185	84176	84383	9	207	6	94
25181	499	84183	84174	84383	9	209	5	94
25181	500	84185	84177	84386	8	209	6	94
25181	501	84187	84178	84386	9	208	6	94
25181	502	84185	84175	84385	10	210	7	94
25181	503	84187	84179	84386	8	207	5	94
25181	504	84179	84169	84377	10	208	6	94
25181	505	84188	84178	84391	10	213	7	95
25181	506	84186	84176	84384	10	208	6	94
25181	507	84188	84177	84385	11	208	6	94
25181	508	84186	84175	84387	11	212	7	94
25181	509	84178	84171	84378	7	207	6	94
25181	510	84188	84177	84386	11	209	6	94
25181	511	84186	84178	84386	8	208	5	94
25181	512	84188	84178	84386	10	208	6	94
25181	513	84186	84177	84385	9	208	6	94
25181	514	84181	84171	84381	10	210	6	94
25181	515	84186	84174	84386	12	212	7	94
25181	516	84187	84178	84385	9	207	5	94
25181	517	84186	84177	84384	9	207	6	94
25181	518	84182	84172	84382	10	210	6	94
25181	519	84186	84177	84385	9	208	6	94
25181	520	84188	84178	84388	10	210	7	94
25181	521	84185	84175	84386	10	211	7	94
25181	522	84180	84171	84379	9	208	5	94
25181	523	84188	84179	84386	9	207	5	94
25181	524	84187	84178	84387	9	209	6	94
25181	525	84182	84170	84381	12	211	6	94
25181	526	84189	84181	84388	8	207	6	94
25181	527	84188	84177	84386	11	209	6	94
25181	528	84186	84177	84385	9	208	6	94
25181	529	84184	84171	84382	13	211	7	94
25181	530	84185	84176	84384	9	208	6	94
25181	531	84188	84177	84388	11	211	7	94
25181	532	84186	84175	84384	11	209	6	94
25181	533	84180	84173	84379	7	206	5	94
25181	534	84186	84178	84384	8	206	5	94
25181	535	84186	84177	84384	9	207	6	94
25181	536	84183	84174	84382	9	208	6	94
25181	537	84186	84178	84386	8	208	5	94
25181	538	84188	84177	84387	11	210	6	94
25181	539	84186	84177	84386	9	209	6	94
25181	540	84182	84171	84380	11	209	6	94
25181	541	84187	84177	84386	10	209	6	94
25181	542	84188	84178	84387	10	209	6	94
25181	543	84183	84173	84383	10	210	6	94
25181	544	84187	84173	84385	14	212	6	94
25181	545	84185	84176	84385	9	209	6	94
25181	546	84187	84176	84386	11	210	7	94
25181	547	84183	84171	84383	12	212	7	94
25181	548	84187	84178	84387	9	209	6	94
25181	549	84188	84179	84386	9	207	5	94
25181	550	84181	84169	84378	12	209	6	94
25181	551	84188	84180	84387	8	207	5	94
25181	552	84186	84178	84384	8	206	5	94
25181	553	84181	84173	84380	8	207	5	94
25181	554	84188	84178	84386	10	208	6	94
25181	555	84188	84178	84388	10	210	6	94
25181	556	84181	84173	84381	8	208	5	94
25181	557	84186	84176	84386	10	210	6	94
25181	558	84186	84177	84386	9	209	7	94
25181	559	84186	84176	84385	10	209	6	94
25181	560	84184	84174	84384	10	210	6	94
25181	561	84186	84176	84384	10	208	6	94
25181	562	84188	84178	84386	10	208	6	94
25181	563	84180	84172	84378	8	206	5	94
25181	564	84187	84179	84386	8	207	5	94
25181	565	84187	84176	84384	11	208	6	94
25181	566	84182	84173	84380	9	207	5	94
25181	567	84187	84178	84385	9	207	6	94
25181	568	84189	84176	84389	13	213	7	94
25181	569	84187	84176	84385	11	209	7	94
25181	570	84181	84172	84381	9	209	6	94
25181	571	84186	84176	84385	10	209	6	94
25181	572	84187	84178	84384	9	206	5	94
25181	573	84182	84171	84383	11	212	6	94
25181	574	84186	84177	84385	9	208	5	94
25181	575	84188	84180	84387	8	207	5	94
25181	576	84183	84173	84381	10	208	6	94
25181	577	84187	84178	84385	9	207	5	94
25181	578	84186	84178	84387	8	209	6	94
25181	579	84189	84179	84388	10	209	5	94
25181	580	84182	84173	84384	9	211	6	94
25181	581	84188	84179	84387	9	208	6	94
25181	582	84187	84175	84387	12	212	7	94
25181	583	84180	84171	84380	9	209	6	94
25181	584	84186	84177	84389	9	212	7	94
25181	585	84186	84176	84386	10	210	6	94
25181	586	84182	84171	84383	11	212	7	94
25181	587	84187	84177	84387	10	210	7	94
25181	588	84188	84179	84388	9	209	5	94
25181	589	84180	84172	84378	8	206	5	94
25181	590	84189	84178	84387	11	209	7	94
25181	591	84187	84176	84386	11	210	6	94
25181	592	84182	84171	84382	11	211	6	94
25181	593	84186	84179	84385	7	206	5	94
25181	594	84188	84177	84388	11	211	6	94
25181	595	84180	84169	84380	11	211	7	94
25181	596	84187	84178	84386	9	208	6	94
25181	597	84186	84177	84384	9	207	6	94
25181	598	84181	84171	84381	10	210	7	94
25181	599	84188	84179	84387	9	208	6	94
25181	600	84186	84177	84386	9	209	6	94
25181	601	84182	84173	84381	9	208	6	94
25181	602	84187	84177	84388	10	211	6	94
25181	603	84188	84176	84388	12	212	7	94
25181	604	84184	84173	84382	11	209	7	94
25181	605	84191	84177	84390	14	213	7	94
25181	606	84185	84177	84384	8	207	6	94
25181	607	84182	84172	84382	10	210	7	94
25181	608	84185	84176	84386	9	210	7	94
25181	609	84187	84177	84385	10	208	6	94
25181	610	84182	84172	84382	10	210	6	94
25181	611	84186	84176	84387	10	211	8	94
25181	612	84191	84180	84392	11	212	6	94
25181	613	84185	84176	84385	9	209	6	94
25181	614	84183	84173	84381	10	208	6	94
25181	615	84187	84176	84385	11	209	6	94
25181	616	84186	84175	84386	11	211	6	94
25181	617	84184	84176	84383	8	207	6	94
25181	618	84188	84179	84387	9	208	6	94
25181	619	84181	84171	84379	10	208	6	94
25181	620	84189	84179	84389	10	210	6	94
25181	621	84307	84181	84503	126	322	7	95
25181	622	84182	84172	84380	10	208	6	94
25181	623	84187	84179	84385	8	206	5	94
25181	624	84187	84176	84385	11	209	6	94
25181	625	84182	84171	84384	11	213	7	94
25181	626	84186	84176	84386	10	210	6	94
25181	627	84188	84179	84388	9	209	5	94
25181	628	84181	84171	84381	10	210	6	94
25181	629	84188	84177	84389	11	212	8	94
25181	630	84186	84177	84387	9	210	5	94
25181	631	84183	84173	84384	10	211	5	94
25181	632	84186	84177	84387	9	210	5	94
25181	633	84188	84178	84388	10	210	6	94
25181	634	84180	84172	84381	8	209	6	94
25181	635	84186	84177	84387	9	210	7	94
25181	636	84186	84177	84386	9	209	6	94
25181	637	84179	84172	84378	7	206	5	94
25181	638	84189	84179	84388	10	209	6	94
25181	639	84186	84176	84385	10	209	7	94
25181	640	84181	84171	84381	10	210	6	94
25181	641	84186	84177	84384	9	207	6	94
25181	642	84189	84179	84386	10	207	5	94
25181	643	84180	84171	84378	9	207	6	94
25181	644	84189	84179	84390	10	211	5	94
25181	645	84186	84177	84386	9	209	6	94
25181	646	84184	84173	84385	11	212	7	94
25181	647	84186	84176	84383	10	207	6	94
25181	648	84186	84175	84385	11	210	6	94
25181	649	84188	84177	84388	11	211	6	94
25181	650	84180	84170	84380	10	210	7	94
25181	651	84188	84177	84386	11	209	6	94
25181	652	84185	84175	84384	10	209	6	94
25181	653	84185	84175	84384	10	209	5	94
25181	654	84186	84178	84385	8	207	6	94
25181	655	84188	84177	84389	11	212	6	94
25181	656	84180	84170	84379	10	209	6	94
25181	657	84188	84177	84386	11	209	6	94
25181	658	84185	84176	84384	9	208	6	94
25181	659	84184	84175	84382	9	207	5	94
25181	660	84185	84177	84384	8	207	6	94
25181	661	84185	84177	84384	8	207	6	94
25181	662	84188	84179	84386	9	207	5	94
25181	663	84179	84169	84379	10	210	7	94
25181	664	84188	84174	84389	14	215	6	94
25181	665	84185	84178	84384	7	206	5	94
25181	666	84188	84177	84387	11	210	6	94
25181	667	84180	84171	84380	9	209	6	94
25181	668	84188	84178	84386	10	208	6	94
25181	669	84185	84177	84384	8	207	6	94
25181	670	84185	84174	84383	11	209	7	94
25181	671	84184	84176	84384	8	208	5	94
25181	672	84187	84178	84386	9	208	6	94
25181	673	84186	84176	84386	10	210	6	94
25181	674	84180	84171	84380	9	209	6	94
25181	675	84188	84177	84388	11	211	6	94
25181	676	84185	84177	84383	8	206	5	94
25181	677	84187	84178	84387	9	209	5	94
25181	678	84179	84171	84378	8	207	6	94
25181	679	84187	84177	84386	10	209	6	94
25181	680	84185	84176	84385	9	209	6	94
25181	681	84188	84178	84388	10	210	6	94
25181	682	84180	84171	84378	9	207	6	94
25181	683	84187	84178	84387	9	209	7	94
25181	684	84187	84177	84385	10	208	6	94
25181	685	84186	84176	84388	10	212	7	94
25181	686	84180	84169	84380	11	211	7	94
25181	687	84185	84175	84384	10	209	6	94
25181	688	84186	84175	84385	11	210	6	94
25181	689	84184	84176	84383	8	207	6	94
25181	690	84186	84175	84385	11	210	6	94
25181	691	84186	84176	84387	10	211	6	94
25181	692	84183	84174	84384	9	210	6	94
25181	693	84184	84174	84382	10	208	5	94
25181	694	84187	84177	84387	10	210	6	94
25181	695	84184	84175	84384	9	209	6	94
25181	696	84192	84179	84394	13	215	7	94
25181	697	84184	84176	84383	8	207	6	94
25181	698	84191	84180	84391	11	211	8	94
25181	699	84180	84171	84380	9	209	6	94
25181	700	84184	84176	84383	8	207	6	94
25181	701	84187	84176	84385	11	209	6	94
25181	702	84185	84176	84384	9	208	5	94
25181	703	84187	84176	84385	11	209	6	94
25181	704	84185	84175	84385	10	210	6	94
25181	705	84188	84178	84387	10	209	6	94
25181	706	84182	84173	84380	9	207	6	94
25181	707	84185	84176	84385	9	209	5	94
25181	708	84185	84176	84385	9	209	6	94
25181	709	84187	84178	84387	9	209	5	94
25181	710	84185	84176	84385	9	209	6	94
25181	711	84186	84178	84386	8	208	5	94
25181	712	84186	84177	84385	9	208	6	94
25181	713	84179	84171	84379	8	208	5	94
25181	714	84188	84178	84385	10	207	5	94
25181	715	84185	84174	84383	11	209	6	94
25181	716	84188	84176	84388	12	212	7	94
25181	717	84185	84177	84385	8	208	5	94
25181	718	84188	84177	84386	11	209	6	94
25181	719	84179	84170	84377	9	207	6	94
25181	720	84186	84177	84385	9	208	6	94
25181	721	84185	84175	84384	10	209	7	94
25181	722	84187	84177	84385	10	208	6	94
25181	723	84185	84174	84385	11	211	6	94
25181	724	84185	84173	84384	12	211	6	94
25181	725	84187	84174	84387	13	213	7	94
25181	726	84185	84177	84385	8	208	5	94
25181	727	84181	84170	84382	11	212	6	94
25181	728	84185	84176	84385	9	209	6	94
25181	729	84187	84176	84385	11	209	6	94
25181	730	84185	84176	84382	9	206	5	94
25181	731	84187	84178	84385	9	207	5	94
25181	732	84184	84175	84384	9	209	7	94
25181	733	84186	84177	84385	9	208	6	94
25181	734	84184	84176	84382	8	206	5	94
25181	735	84187	84176	84384	11	208	6	94
25181	736	84179	84169	84379	10	210	6	94
25181	737	84185	84175	84386	10	211	7	94
25181	738	84187	84178	84386	9	208	6	94
25181	739	84185	84175	84385	10	210	6	94
25181	740	84187	84176	84388	11	212	6	94
25181	741	84185	84175	84386	10	211	7	94
25181	742	84187	84176	84386	11	210	7	94
25181	743	84184	84176	84382	8	206	5	94
25181	744	84187	84177	84385	10	208	6	94
25181	745	84185	84175	84384	10	209	7	94
25181	746	84180	84170	84380	10	210	6	94
25181	747	84185	84175	84386	10	211	7	94
25181	748	84185	84177	84385	8	208	5	94
25181	749	84185	84177	84385	8	208	5	94
25181	750	84184	84176	84383	8	207	6	94
25181	751	84187	84176	84387	11	211	7	94
25181	752	84185	84176	84387	9	211	6	94
25181	753	84187	84178	84388	9	210	6	94
25181	754	84184	84176	84385	8	209	6	94
25181	755	84182	84172	84380	10	208	6	94
25181	756	84185	84175	84386	10	211	6	94
25181	757	84187	84176	84389	11	213	7	94
25181	758	84184	84176	84384	8	208	5	94
25181	759	84186	84175	84387	11	212	7	94
25181	760	84185	84177	84384	8	207	6	94
25181	761	84185	84177	84385	8	208	5	94
25181	762	84181	84172	84380	9	208	6	94
25181	763	84183	84175	84382	8	207	6	94
25181	764	84187	84176	84387	11	211	7	94
25181	765	84185	84173	84385	12	212	6	94
25181	766	84187	84177	84387	10	210	6	94
25181	767	84185	84176	84385	9	209	6	94
25181	768	84187	84176	84384	11	208	6	94
25181	769	84182	84173	84382	9	209	6	94
25181	770	84186	84177	84384	9	207	5	94
25181	771	84185	84174	84384	11	210	7	94
25181	772	84186	84176	84386	10	210	6	94
25181	773	84186	84177	84387	9	210	7	94
25181	774	84185	84177	84383	8	206	5	94
25181	775	84188	84177	84389	11	212	7	94
25181	776	84185	84175	84387	10	212	7	94
25181	777	84186	84176	84384	10	208	6	94
25181	778	84184	84175	84382	9	207	6	94
25181	779	84181	84171	84380	10	209	6	94
25181	780	84185	84176	84386	9	210	7	94
25181	781	84190	84181	84389	9	208	6	94
25181	782	84185	84178	84384	7	206	5	94
25181	783	84186	84175	84386	11	211	7	94
25181	784	84184	84175	84382	9	207	6	94
25181	785	84186	84174	84384	12	210	6	94
25181	786	84185	84175	84385	10	210	6	94
25181	787	84185	84175	84382	10	207	6	94
25181	788	84181	84173	84380	8	207	5	94
25181	789	84185	84176	84385	9	209	6	94
25181	790	84187	84176	84385	11	209	6	94
25181	791	84304	84180	84504	124	324	8	95
25181	792	84187	84176	84385	11	209	6	94
25181	793	84184	84175	84384	9	209	7	94
25181	794	84187	84177	84386	10	209	7	94
25181	795	84185	84176	84383	9	207	6	94
25181	796	84181	84170	84378	11	208	6	94
25181	797	84185	84176	84383	9	207	6	94
25181	798	84189	84178	84387	11	209	7	94
25181	799	84185	84177	84384	8	207	6	94
25181	800	84185	84176	84385	9	209	6	94
25181	801	84187	84177	84387	10	210	6	94
25181	802	84179	84170	84379	9	209	7	94
25181	803	84188	84176	84387	12	211	6	94
25181	804	84185	84177	84386	8	209	6	94
25181	805	84187	84179	84386	8	207	5	94
25181	806	84185	84176	84385	9	209	6	94
25181	807	84187	84177	84385	10	208	6	94
25181	808	84179	84169	84376	10	207	6	94
25181	809	84188	84178	84389	10	211	7	94
25181	810	84185	84175	84383	10	208	6	94
25181	811	84188	84178	84386	10	208	6	94
25181	812	84185	84176	84384	9	208	6	94
25181	813	84179	84170	84377	9	207	6	94
25181	814	84187	84177	84387	10	210	6	94
25181	815	84186	84175	84389	11	214	7	94
25181	816	84187	84176	84384	11	208	6	94
25181	817	84185	84176	84383	9	207	6	94
25181	818	84184	84175	84384	9	209	5	94
25181	819	84183	84175	84382	8	207	6	94
25181	820	84188	84176	84387	12	211	8	94
25181	821	84185	84175	84384	10	209	7	94
25181	822	84191	84181	84391	10	210	6	94
25181	823	84186	84175	84387	11	212	7	94
25181	824	84184	84175	84382	9	207	5	94
25181	825	84185	84176	84383	9	207	6	94
25181	826	84185	84176	84386	9	210	7	94
25181	827	84188	84178	84387	10	209	5	94
25181	828	84185	84175	84385	10	210	6	94
25181	829	84182	84171	84380	11	209	6	94
25181	830	84185	84177	84384	8	207	6	94
25181	831	84187	84176	84388	11	212	7	94
25181	832	84185	84176	84384	9	208	6	94
25181	833	84186	84174	84386	12	212	7	94
25181	834	84185	84176	84385	9	209	6	94
25181	835	84181	84172	84379	9	207	5	94
25181	836	84185	84175	84385	10	210	7	94
25181	837	84187	84178	84387	9	209	5	94
25181	838	84185	84176	84383	9	207	6	94
25181	839	84185	84176	84385	9	209	6	94
25181	840	84182	84171	84383	11	212	7	94
25181	841	84187	84177	84388	10	211	6	94
25181	842	84187	84177	84387	10	210	6	94
25181	843	84186	84177	84386	9	209	6	94
25181	844	84188	84177	84388	11	211	7	94
25181	845	84179	84170	84379	9	209	6	94
25181	846	84188	84178	84386	10	208	6	94
25181	847	84186	84177	84387	9	210	5	94
25181	848	84187	84177	84385	10	208	6	94
25181	849	84180	84170	84379	10	209	6	94
25181	850	84185	84175	84385	10	210	6	94
25181	851	84186	84176	84384	10	208	6	94
25181	852	84187	84179	84385	8	206	5	94
25181	853	84182	84173	84380	9	207	5	94
25181	854	84185	84177	84383	8	206	5	94
25181	855	84187	84178	84386	9	208	6	94
25181	856	84186	84178	84386	8	208	5	94
25181	857	84183	84170	84380	13	210	6	94
25181	858	84185	84177	84385	8	208	5	94
25181	859	84188	84176	84387	12	211	6	94
25181	860	84186	84178	84387	8	209	6	94
25181	861	84182	84173	84381	9	208	6	94
25181	862	84185	84175	84382	10	207	6	94
25181	863	84186	84175	84387	11	212	6	94
25181	864	84188	84178	84389	10	211	6	94
25181	865	84182	84174	84381	8	207	6	94
25181	866	84190	84178	84389	12	211	6	94
25181	867	84186	84175	84384	11	209	6	94
25181	868	84188	84179	84388	9	209	5	94
25181	869	84185	84175	84385	10	210	6	94
25181	870	84184	84173	84384	11	211	7	94
25181	871	84185	84175	84385	10	210	6	94
25181	872	84187	84177	84388	10	211	7	94
25181	873	84185	84177	84384	8	207	6	94
25181	874	84181	84171	84381	10	210	6	94
25181	875	84185	84177	84384	8	207	6	94
25181	876	84186	84177	84384	9	207	6	94
25181	877	84188	84177	84389	11	212	6	94
25181	878	84181	84172	84380	9	208	6	94
25181	879	84188	84177	84387	11	210	6	94
25181	880	84188	84180	84388	8	208	5	94
25181	881	84187	84175	84386	12	211	6	94
25181	882	84179	84170	84379	9	209	6	94
25181	883	84188	84179	84388	9	209	5	94
25181	884	84185	84176	84387	9	211	7	94
25181	885	84187	84177	84388	10	211	7	94
25181	886	84183	84173	84383	10	210	7	94
25181	887	84184	84176	84384	8	208	7	94
25181	888	84188	84180	84388	8	208	5	94
25181	889	84185	84176	84385	9	209	6	94
25181	890	84187	84178	84386	9	208	6	94
25181	891	84180	84168	84379	12	211	6	94
25181	892	84189	84179	84389	10	210	6	94
25181	893	84185	84177	84383	8	206	5	94
25181	894	84188	84176	84385	12	209	6	94
25181	895	84179	84170	84379	9	209	6	94
25181	896	84187	84178	84387	9	209	5	94
25181	897	84186	84177	84385	9	208	7	94
25181	898	84188	84176	84389	12	213	7	94
25181	899	84182	84173	84382	9	209	6	94
25181	900	84185	84175	84384	10	209	6	94
25181	901	84185	84176	84383	9	207	6	94
25181	902	84186	84178	84384	8	206	5	94
25181	903	84188	84177	84385	11	208	6	94
25181	904	84179	84171	84378	8	207	6	94
25181	905	84188	84178	84385	10	207	5	94
25181	906	84186	84176	84384	10	208	6	94
25181	907	84188	84177	84387	11	210	6	94
25181	908	84179	84171	84377	8	206	5	94
25181	909	84191	84181	84390	10	209	7	94
25181	910	84185	84177	84384	8	207	6	94
25181	911	84187	84178	84386	9	208	6	94
25181	912	84185	84175	84383	10	208	6	94
25181	913	84182	84173	84382	9	209	6	94
25181	914	84185	84178	84384	7	206	5	94
25181	915	84185	84175	84385	10	210	6	94
25181	916	84187	84177	84387	10	210	6	94
25181	917	84178	84169	84377	9	208	6	94
25181	918	84187	84177	84387	10	210	6	94
25181	919	84185	84177	84384	8	207	6	94
25181	920	84187	84176	84387	11	211	7	94
25181	921	84186	84176	84385	10	209	7	94
25181	922	84181	84170	84381	11	211	6	94
25181	923	84185	84177	84384	8	207	6	94
25181	924	84187	84178	84387	9	209	5	94
25181	925	84186	84176	84385	10	209	6	94
25181	926	84179	84171	84378	8	207	6	94
25181	927	84187	84178	84387	9	209	5	94
25181	928	84186	84176	84389	10	213	7	94
25181	929	84187	84177	84385	10	208	6	94
25181	930	84186	84178	84386	8	208	5	94
25181	931	84181	84172	84380	9	208	6	94
25181	932	84186	84177	84383	9	206	5	94
25181	933	84187	84177	84387	10	210	6	94
25181	934	84187	84176	84387	11	211	6	94
25181	935	84183	84172	84384	11	212	7	94
25181	936	84186	84177	84385	9	208	5	94
25181	937	84188	84177	84385	11	208	6	94
25181	938	84186	84177	84386	9	209	6	94
25181	939	84185	84176	84385	9	209	6	94
25181	940	84182	84173	84380	9	207	5	94
25181	941	84186	84177	84384	9	207	6	94
25181	942	84189	84180	84389	9	209	5	94
25181	943	84186	84176	84385	10	209	6	94
25181	944	84221	84188	84419	33	231	11	105
25181	945	84180	84170	84380	10	210	6	94
25181	946	84187	84177	84386	10	209	6	94
25181	947	84186	84175	84385	11	210	6	94
25181	948	84187	84176	84384	11	208	6	94
25181	949	84183	84175	84383	8	208	7	94
25181	950	84182	84174	84381	8	207	6	94
25181	951	84188	84180	84387	8	207	6	94
25181	952	84185	84176	84387	9	211	7	94
25181	953	84187	84176	84386	11	210	6	94
25181	954	84179	84170	84378	9	208	7	94
25181	955	84188	84178	84388	10	210	6	94
25181	956	84185	84176	84383	9	207	6	94
25181	957	84188	84177	84386	11	209	7	94
25181	958	84184	84176	84383	8	207	6	94
25181	959	84181	84172	84381	9	209	5	94
25181	960	84185	84176	84384	9	208	6	94
25181	961	84306	84180	84505	126	325	7	95
25181	962	84187	84179	84387	8	208	5	94
25181	963	84185	84176	84385	9	209	6	94
25181	964	84179	84170	84379	9	209	6	94
25181	965	84186	84178	84384	8	206	5	94
25181	966	84187	84176	84386	11	210	6	94
25181	967	84185	84177	84384	8	207	6	94
25181	968	84187	84179	84386	8	207	5	94
25181	969	84181	84171	84381	10	210	6	94
25181	970	84188	84177	84386	11	209	6	94
25181	971	84185	84176	84385	9	209	6	94
25181	972	84187	84175	84385	12	210	6	94
25181	973	84179	84170	84379	9	209	6	94
25181	974	84188	84178	84386	10	208	6	94
25181	975	84185	84177	84384	8	207	6	94
25181	976	84185	84176	84384	9	208	6	94
25181	977	84187	84178	84386	9	208	6	94
25181	978	84180	84169	84381	11	212	6	94
25181	979	84188	84178	84390	10	212	6	94
25181	980	84185	84175	84384	10	209	6	94
25181	981	84187	84173	84386	14	213	6	94
25181	982	84186	84176	84385	10	209	7	94
25181	983	84183	84171	84382	12	211	7	94
25181	984	84185	84177	84384	8	207	6	94
25181	985	84187	84178	84385	9	207	5	94
25181	986	84185	84178	84384	7	206	5	94
25181	987	84182	84173	84381	9	208	6	94
25181	988	84185	84177	84384	8	207	6	94
25181	989	84189	84178	84389	11	211	6	94
25181	990	84188	84177	84386	11	209	6	94
25181	991	84183	84174	84383	9	209	6	94
25181	992	84186	84176	84383	10	207	5	94
25181	993	84186	84176	84384	10	208	6	94
25181	994	84191	84181	84391	10	210	6	94
25181	995	84183	84176	84382	7	206	5	94
25181	996	84185	84174	84384	11	210	7	94
25181	997	84186	84177	84387	9	210	5	94
25181	998	84188	84177	84387	11	210	6	94
25181	999	84184	84177	84383	7	206	5	94
25181	1000	84184	84175	84383	9	208	6	94
