RUNID	ITERNUM	METIME	PRTIME	TPRTIME	DIFF	TDIFF	NRPROCS	NPROCS
27421	1	103230	103218	103426	12	208	7	93
27421	2	103228	103216	103428	12	212	7	93
27421	3	103224	103214	103422	10	208	5	93
27421	4	103230	103217	103427	13	210	6	93
27421	5	103230	103219	103428	11	209	5	93
27421	6	103230	103218	103428	12	210	6	93
27421	7	103345	103219	103544	126	325	7	94
27421	8	103230	103217	103429	13	212	7	93
27421	9	103229	103219	103426	10	207	6	93
27421	10	103228	103218	103426	10	208	5	93
27421	11	103225	103212	103422	13	210	7	93
27421	12	103228	103218	103424	10	206	5	93
27421	13	103227	103214	103427	13	213	8	93
27421	14	103227	103214	103426	13	212	8	93
27421	15	103228	103217	103426	11	209	6	93
27421	16	103229	103216	103426	13	210	7	93
27421	17	103227	103215	103426	12	211	7	93
27421	18	103231	103219	103430	12	211	7	93
27421	19	103234	103222	103432	12	210	6	93
27421	20	103234	103221	103431	13	210	6	93
27421	21	103230	103220	103428	10	208	7	93
27421	22	103233	103219	103431	14	212	7	93
27421	23	103233	103221	103430	12	209	6	93
27421	24	103228	103218	103424	10	206	6	93
27421	25	103230	103217	103427	13	210	8	93
27421	26	103231	103218	103429	13	211	6	93
27421	27	103230	103218	103429	12	211	7	93
27421	28	103228	103217	103427	11	210	7	93
27421	29	103228	103218	103424	10	206	5	93
27421	30	103231	103218	103430	13	212	6	94
27421	31	103227	103217	103424	10	207	6	93
27421	32	103229	103216	103426	13	210	6	93
27421	33	103230	103217	103427	13	210	6	93
27421	34	103228	103216	103423	12	207	6	93
27421	35	103227	103216	103422	11	206	5	93
27421	36	103229	103213	103426	16	213	6	93
27421	37	103228	103216	103424	12	208	6	93
27421	38	103228	103217	103428	11	211	6	93
27421	39	103229	103217	103426	12	209	6	93
27421	40	103229	103217	103426	12	209	6	93
27421	41	103233	103221	103429	12	208	6	93
27421	42	103231	103220	103428	11	208	6	93
27421	43	103230	103217	103427	13	210	8	93
27421	44	103231	103219	103429	12	210	6	93
27421	45	103226	103214	103423	12	209	6	93
27421	46	103229	103216	103425	13	209	7	93
27421	47	103230	103219	103428	11	209	5	93
27421	48	103229	103217	103426	12	209	6	93
27421	49	103227	103215	103425	12	210	6	93
27421	50	103229	103216	103426	13	210	6	93
27421	51	103229	103218	103426	11	208	5	93
27421	52	103230	103217	103426	13	209	6	93
27421	53	103227	103218	103422	9	204	5	93
27421	54	103227	103215	103421	12	206	6	93
27421	55	103229	103218	103423	11	205	5	93
27421	56	103228	103216	103425	12	209	6	93
27421	57	103233	103222	103430	11	208	5	93
27421	58	103229	103217	103427	12	210	6	93
27421	59	103226	103216	103424	10	208	5	93
27421	60	103229	103217	103427	12	210	6	93
27421	61	103230	103217	103425	13	208	6	93
27421	62	103228	103217	103424	11	207	6	93
27421	63	103229	103217	103426	12	209	5	93
27421	64	103227	103214	103422	13	208	6	93
27421	65	103232	103219	103429	13	210	6	93
27421	66	103231	103218	103427	13	209	6	93
27421	67	103228	103218	103426	10	208	5	93
27421	68	103228	103216	103427	12	211	7	93
27421	69	103231	103217	103427	14	210	6	93
27421	70	103228	103217	103426	11	209	6	93
27421	71	103227	103214	103422	13	208	6	93
27421	72	103231	103219	103429	12	210	6	93
27421	73	103228	103216	103426	12	210	6	93
27421	74	103228	103214	103426	14	212	6	93
27421	75	103229	103217	103427	12	210	6	93
27421	76	103227	103215	103424	12	209	6	93
27421	77	103229	103216	103425	13	209	6	93
27421	78	103228	103216	103427	12	211	7	93
27421	79	103228	103218	103425	10	207	6	93
27421	80	103230	103218	103427	12	209	5	93
27421	81	103229	103215	103426	14	211	6	93
27421	82	103229	103216	103427	13	211	6	93
27421	83	103231	103217	103424	14	207	6	93
27421	84	103232	103221	103430	11	209	6	93
27421	85	103229	103215	103425	14	210	6	93
27421	86	103229	103217	103427	12	210	6	93
27421	87	103231	103220	103427	11	207	6	93
27421	88	103236	103220	103432	16	212	8	93
27421	89	103233	103221	103429	12	208	7	93
27421	90	103230	103219	103427	11	208	5	93
27421	91	103231	103219	103427	12	208	7	93
27421	92	103222	103211	103419	11	208	6	93
27421	93	103229	103218	103426	11	208	7	93
27421	94	103232	103218	103430	14	212	6	93
27421	95	103231	103216	103428	15	212	6	93
27421	96	103230	103217	103425	13	208	6	93
27421	97	103231	103218	103427	13	209	7	93
27421	98	103226	103212	103423	14	211	6	93
27421	99	103232	103220	103429	12	209	5	93
27421	100	103232	103216	103430	16	214	7	93
27421	101	103230	103219	103428	11	209	6	93
27421	102	103230	103218	103425	12	207	5	93
27421	103	103222	103210	103419	12	209	7	93
27421	104	103229	103219	103424	10	205	6	93
27421	105	103230	103219	103428	11	209	5	93
27421	106	103230	103219	103428	11	209	6	93
27421	107	103229	103219	103427	10	208	7	93
27421	108	103229	103216	103423	13	207	6	93
27421	109	103225	103213	103421	12	208	6	93
27421	110	103234	103222	103431	12	209	5	93
27421	111	103230	103218	103427	12	209	6	93
27421	112	103229	103217	103427	12	210	7	93
27421	113	103226	103211	103425	15	214	7	93
27421	114	103229	103219	103426	10	207	6	93
27421	115	103228	103216	103425	12	209	8	93
27421	116	103232	103220	103428	12	208	6	93
27421	117	103222	103213	103419	9	206	5	93
27421	118	103232	103221	103429	11	208	6	93
27421	119	103230	103219	103427	11	208	6	93
27421	120	103230	103218	103426	12	208	6	93
27421	121	103224	103211	103422	13	211	6	93
27421	122	103230	103219	103427	11	208	6	93
27421	123	103230	103218	103427	12	209	6	93
27421	124	103234	103221	103432	13	211	6	93
27421	125	103230	103217	103427	13	210	6	93
27421	126	103222	103211	103420	11	209	6	93
27421	127	103230	103216	103428	14	212	6	93
27421	128	103228	103216	103427	12	211	7	93
27421	129	103230	103218	103428	12	210	7	93
27421	130	103236	103222	103431	14	209	7	93
27421	131	103228	103218	103426	10	208	5	93
27421	132	103223	103211	103419	12	208	6	93
27421	133	103231	103217	103427	14	210	6	93
27421	134	103228	103217	103424	11	207	6	93
27421	135	103230	103219	103426	11	207	5	93
27421	136	103229	103216	103427	13	211	7	93
27421	137	103230	103220	103426	10	206	5	93
27421	138	103226	103214	103422	12	208	6	93
27421	139	103228	103216	103423	12	207	6	93
27421	140	103229	103218	103426	11	208	6	93
27421	141	103232	103219	103430	13	211	6	93
27421	142	103230	103218	103428	12	210	7	93
27421	143	103230	103218	103426	12	208	6	93
27421	144	103230	103215	103428	15	213	6	93
27421	145	103222	103212	103419	10	207	6	93
27421	146	103347	103220	103543	127	323	8	94
27421	147	103229	103220	103426	9	206	5	93
27421	148	103229	103218	103425	11	207	6	93
27421	149	103231	103221	103428	10	207	5	93
27421	150	103227	103217	103424	10	207	6	93
27421	151	103224	103214	103422	10	208	5	93
27421	152	103232	103220	103431	12	211	7	93
27421	153	103230	103219	103428	11	209	6	93
27421	154	103230	103219	103428	11	209	7	93
27421	155	103232	103218	103430	14	212	6	93
27421	156	103222	103212	103419	10	207	6	93
27421	157	103228	103216	103424	12	208	6	93
27421	158	103230	103219	103428	11	209	6	93
27421	159	103230	103219	103428	11	209	6	94
27421	160	103232	103219	103430	13	211	6	93
27421	161	103223	103214	103420	9	206	5	93
27421	162	103230	103217	103428	13	211	6	93
27421	163	103231	103219	103427	12	208	6	93
27421	164	103230	103218	103428	12	210	6	93
27421	165	103233	103220	103431	13	211	6	93
27421	166	103229	103216	103427	13	211	7	93
27421	167	103227	103215	103423	12	208	7	93
27421	168	103230	103218	103426	12	208	6	93
27421	169	103229	103216	103425	13	209	6	93
27421	170	103230	103218	103427	12	209	7	93
27421	171	103232	103219	103430	13	211	6	93
27421	172	103221	103212	103418	9	206	5	93
27421	173	103230	103219	103429	11	210	7	93
27421	174	103232	103220	103430	12	210	6	93
27421	175	103231	103220	103428	11	208	5	93
27421	176	103230	103219	103428	11	209	6	93
27421	177	103225	103213	103422	12	209	6	93
27421	178	103230	103219	103427	11	208	5	93
27421	179	103228	103214	103426	14	212	6	93
27421	180	103230	103217	103428	13	211	7	93
27421	181	103228	103219	103425	9	206	5	93
27421	182	103229	103216	103426	13	210	6	93
27421	183	103228	103217	103426	11	209	6	93
27421	184	103228	103216	103424	12	208	6	93
27421	185	103231	103220	103429	11	209	5	93
27421	186	103227	103217	103424	10	207	6	93
27421	187	103229	103216	103426	13	210	6	93
27421	188	103225	103212	103425	13	213	7	93
27421	189	103228	103217	103424	11	207	6	93
27421	190	103230	103220	103428	10	208	5	93
27421	191	103232	103220	103432	12	212	6	94
27421	192	103229	103217	103425	12	208	6	93
27421	193	103266	103230	103463	36	233	12	104
27421	194	103227	103216	103424	11	208	5	93
27421	195	103228	103215	103425	13	210	6	93
27421	196	103232	103220	103429	12	209	6	93
27421	197	103230	103218	103427	12	209	6	93
27421	198	103230	103220	103426	10	206	5	93
27421	199	103231	103219	103430	12	211	7	93
27421	200	103224	103211	103420	13	209	7	93
27421	201	103228	103217	103426	11	209	6	93
27421	202	103231	103219	103427	12	208	6	93
27421	203	103230	103219	103428	11	209	6	93
27421	204	103230	103219	103427	11	208	6	93
27421	205	103228	103215	103426	13	211	7	93
27421	206	103223	103212	103420	11	208	6	93
27421	207	103232	103219	103430	13	211	7	93
27421	208	103230	103218	103428	12	210	6	93
27421	209	103228	103217	103425	11	208	5	93
27421	210	103232	103218	103429	14	211	6	93
27421	211	103230	103217	103426	13	209	6	93
27421	212	103222	103211	103420	11	209	6	93
27421	213	103231	103219	103429	12	210	6	93
27421	214	103230	103217	103427	13	210	6	93
27421	215	103232	103220	103430	12	210	6	93
27421	216	103230	103216	103425	14	209	7	93
27421	217	103229	103216	103426	13	210	6	93
27421	218	103232	103220	103429	12	209	5	93
27421	219	103225	103216	103422	9	206	5	93
27421	220	103229	103218	103426	11	208	6	93
27421	221	103232	103219	103429	13	210	6	93
27421	222	103229	103216	103425	13	209	6	93
27421	223	103230	103218	103427	12	209	6	93
27421	224	103232	103218	103429	14	211	6	93
27421	225	103228	103217	103426	11	209	7	93
27421	226	103226	103216	103427	10	211	5	93
27421	227	103228	103216	103424	12	208	6	93
27421	228	103230	103217	103427	13	210	6	93
27421	229	103231	103218	103428	13	210	6	93
27421	230	103231	103222	103428	9	206	5	93
27421	231	103229	103217	103425	12	208	6	93
27421	232	103231	103218	103429	13	211	6	93
27421	233	103225	103213	103423	12	210	6	93
27421	234	103232	103221	103429	11	208	6	93
27421	235	103231	103217	103425	14	208	6	93
27421	236	103230	103218	103428	12	210	6	93
27421	237	103228	103217	103426	11	209	6	93
27421	238	103229	103217	103422	12	205	6	93
27421	239	103229	103219	103427	10	208	5	93
27421	240	103227	103211	103423	16	212	7	93
27421	241	103229	103218	103427	11	209	6	93
27421	242	103228	103216	103423	12	207	6	93
27421	243	103231	103220	103427	11	207	5	93
27421	244	103230	103218	103427	12	209	6	93
27421	245	103230	103219	103424	11	205	6	93
27421	246	103230	103217	103427	13	210	6	93
27421	247	103223	103210	103422	13	212	7	93
27421	248	103229	103217	103427	12	210	7	93
27421	249	103231	103219	103429	12	210	7	93
27421	250	103229	103216	103425	13	209	6	93
27421	251	103230	103219	103426	11	207	5	93
27421	252	103229	103219	103424	10	205	6	93
27421	253	103227	103218	103424	9	206	5	93
27421	254	103225	103212	103422	13	210	6	93
27421	255	103230	103218	103430	12	212	7	94
27421	256	103230	103218	103427	12	209	7	93
27421	257	103232	103219	103428	13	209	6	93
27421	258	103230	103217	103427	13	210	6	93
27421	259	103229	103219	103426	10	207	6	93
27421	260	103233	103220	103431	13	211	7	93
27421	261	103223	103212	103420	11	208	6	93
27421	262	103228	103218	103430	10	212	6	93
27421	263	103229	103218	103426	11	208	6	93
27421	264	103227	103216	103423	11	207	6	93
27421	265	103229	103218	103426	11	208	6	93
27421	266	103229	103216	103425	13	209	7	93
27421	267	103228	103218	103427	10	209	6	93
27421	268	103227	103214	103424	13	210	6	93
27421	269	103229	103217	103426	12	209	6	93
27421	270	103229	103218	103423	11	205	6	93
27421	271	103231	103218	103429	13	211	6	93
27421	272	103228	103217	103423	11	206	5	93
27421	273	103227	103218	103424	9	206	5	93
27421	274	103229	103215	103427	14	212	7	93
27421	275	103223	103213	103421	10	208	5	93
27421	276	103231	103218	103429	13	211	7	93
27421	277	103230	103218	103428	12	210	7	93
27421	278	103229	103217	103425	12	208	6	93
27421	279	103232	103220	103429	12	209	5	93
27421	280	103229	103217	103426	12	209	6	93
27421	281	103230	103218	103428	12	210	7	93
27421	282	103226	103213	103422	13	209	6	93
27421	283	103234	103219	103429	15	210	7	93
27421	284	103230	103218	103427	12	209	6	93
27421	285	103345	103216	103539	129	323	7	94
27421	286	103229	103218	103427	11	209	7	93
27421	287	103230	103218	103430	12	212	6	94
27421	288	103229	103219	103428	10	209	6	93
27421	289	103226	103213	103422	13	209	7	93
27421	290	103230	103218	103426	12	208	6	93
27421	291	103229	103217	103424	12	207	7	93
27421	292	103229	103217	103427	12	210	7	93
27421	293	103230	103219	103426	11	207	5	93
27421	294	103230	103217	103427	13	210	6	93
27421	295	103228	103217	103424	11	207	6	93
27421	296	103225	103214	103423	11	209	5	93
27421	297	103227	103215	103425	12	210	6	93
27421	298	103293	103234	103489	59	255	13	111
27421	299	103230	103218	103427	12	209	6	93
27421	300	103228	103217	103425	11	208	6	93
27421	301	103231	103218	103427	13	209	6	93
27421	302	103225	103213	103419	12	206	6	93
27421	303	103232	103220	103429	12	209	6	93
27421	304	103231	103219	103428	12	209	6	93
27421	305	103230	103216	103425	14	209	6	93
27421	306	103230	103219	103428	11	209	6	93
27421	307	103231	103221	103429	10	208	5	93
27421	308	103222	103211	103420	11	209	6	93
27421	309	103232	103221	103430	11	209	5	93
27421	310	103230	103217	103427	13	210	6	93
27421	311	103230	103218	103426	12	208	7	93
27421	312	103230	103217	103428	13	211	6	93
27421	313	103229	103217	103426	12	209	6	93
27421	314	103226	103215	103424	11	209	6	93
27421	315	103230	103219	103427	11	208	6	93
27421	316	103228	103217	103426	11	209	6	93
27421	317	103230	103217	103427	13	210	6	93
27421	318	103230	103218	103427	12	209	5	94
27421	319	103222	103210	103419	12	209	6	93
27421	320	103231	103220	103428	11	208	6	93
27421	321	103230	103219	103426	11	207	6	93
27421	322	103229	103217	103425	12	208	6	93
27421	323	103226	103214	103423	12	209	5	93
27421	324	103231	103217	103428	14	211	6	93
27421	325	103229	103219	103426	10	207	6	93
27421	326	103231	103219	103427	12	208	6	93
27421	327	103224	103214	103420	10	206	5	93
27421	328	103229	103217	103426	12	209	6	93
27421	329	103230	103218	103428	12	210	7	93
27421	330	103229	103219	103426	10	207	6	93
27421	331	103226	103215	103424	11	209	5	93
27421	332	103230	103217	103427	13	210	6	93
27421	333	103231	103217	103428	14	211	6	93
27421	334	103232	103220	103428	12	208	6	93
27421	335	103222	103211	103418	11	207	6	93
27421	336	103230	103218	103426	12	208	6	93
27421	337	103230	103217	103427	13	210	6	93
27421	338	103232	103222	103429	10	207	6	93
27421	339	103224	103212	103422	12	210	7	93
27421	340	103232	103217	103429	15	212	6	93
27421	341	103230	103218	103426	12	208	6	93
27421	342	103225	103212	103422	13	210	6	93
27421	343	103227	103215	103424	12	209	6	93
27421	344	103232	103218	103429	14	211	6	93
27421	345	103233	103220	103430	13	210	6	93
27421	346	103224	103212	103419	12	207	6	93
27421	347	103233	103219	103430	14	211	7	93
27421	348	103230	103218	103426	12	208	6	93
27421	349	103233	103221	103429	12	208	6	93
27421	350	103223	103212	103421	11	209	6	93
27421	351	103232	103219	103428	13	209	6	93
27421	352	103231	103218	103428	13	210	6	93
27421	353	103226	103215	103422	11	207	6	93
27421	354	103230	103218	103428	12	210	6	93
27421	355	103230	103218	103428	12	210	6	93
27421	356	103231	103218	103428	13	210	7	93
27421	357	103225	103214	103423	11	209	6	93
27421	358	103230	103219	103424	11	205	6	93
27421	359	103233	103220	103430	13	210	6	93
27421	360	103229	103217	103426	12	209	6	93
27421	361	103225	103210	103422	15	212	6	93
27421	362	103233	103219	103428	14	209	6	93
27421	363	103231	103217	103427	14	210	6	93
27421	364	103224	103212	103422	12	210	6	93
27421	365	103232	103221	103429	11	208	6	93
27421	366	103231	103217	103427	14	210	6	93
27421	367	103224	103213	103421	11	208	6	93
27421	368	103230	103219	103426	11	207	6	93
27421	369	103231	103217	103428	14	211	8	93
27421	370	103232	103221	103429	11	208	6	93
27421	371	103225	103210	103422	15	212	7	93
27421	372	103229	103219	103427	10	208	5	93
27421	373	103234	103223	103428	11	205	7	93
27421	374	103224	103210	103422	14	212	8	93
27421	375	103229	103217	103428	12	211	7	93
27421	376	103232	103218	103428	14	210	6	93
27421	377	103231	103219	103429	12	210	6	93
27421	378	103225	103214	103422	11	208	6	93
27421	379	103230	103219	103428	11	209	6	93
27421	380	103232	103220	103427	12	207	6	93
27421	381	103226	103214	103423	12	209	7	93
27421	382	103230	103218	103428	12	210	7	93
27421	383	103229	103218	103426	11	208	5	93
27421	384	103231	103217	103428	14	211	6	93
27421	385	103224	103212	103421	12	209	7	93
27421	386	103228	103219	103425	9	206	5	93
27421	387	103233	103217	103430	16	213	6	93
27421	388	103229	103215	103427	14	212	7	93
27421	389	103222	103212	103418	10	206	5	93
27421	390	103230	103218	103424	12	206	6	93
27421	391	103229	103217	103426	12	209	6	93
27421	392	103231	103220	103428	11	208	6	93
27421	393	103228	103217	103424	11	207	6	93
27421	394	103225	103213	103422	12	209	7	93
27421	395	103231	103217	103429	14	212	6	93
27421	396	103230	103218	103427	12	209	6	93
27421	397	103229	103218	103427	11	209	6	93
27421	398	103231	103218	103428	13	210	6	93
27421	399	103229	103218	103425	11	207	6	93
27421	400	103230	103218	103427	12	209	6	93
27421	401	103229	103218	103429	11	211	6	93
27421	402	103229	103216	103424	13	208	7	93
27421	403	103226	103211	103423	15	212	6	93
27421	404	103228	103215	103426	13	211	7	93
27421	405	103229	103217	103425	12	208	7	93
27421	406	103232	103218	103429	14	211	6	93
27421	407	103229	103218	103429	11	211	7	93
27421	408	103233	103216	103430	17	214	6	93
27421	409	103230	103218	103426	12	208	6	93
27421	410	103228	103215	103426	13	211	7	93
27421	411	103230	103218	103427	12	209	6	93
27421	412	103232	103218	103429	14	211	7	93
27421	413	103229	103216	103426	13	210	6	93
27421	414	103225	103214	103426	11	212	6	93
27421	415	103230	103218	103427	12	209	6	94
27421	416	103229	103218	103427	11	209	7	93
27421	417	103232	103219	103429	13	210	6	93
27421	418	103230	103217	103427	13	210	6	93
27421	419	103230	103219	103429	11	210	7	93
27421	420	103231	103218	103428	13	210	7	93
27421	421	103228	103216	103425	12	209	7	93
27421	422	103223	103212	103420	11	208	6	93
27421	423	103232	103218	103428	14	210	6	93
27421	424	103468	103221	103664	247	443	8	95
27421	425	103231	103220	103428	11	208	6	93
27421	426	103229	103218	103427	11	209	6	93
27421	427	103230	103219	103428	11	209	6	93
27421	428	103231	103216	103428	15	212	6	93
27421	429	103230	103217	103428	13	211	8	93
27421	430	103226	103216	103423	10	207	6	93
27421	431	103229	103218	103424	11	206	6	93
27421	432	103225	103214	103422	11	208	6	93
27421	433	103228	103215	103423	13	208	6	93
27421	434	103235	103222	103429	13	207	6	93
27421	435	103227	103215	103425	12	210	6	93
27421	436	103229	103215	103426	14	211	6	93
27421	437	103228	103215	103425	13	210	7	93
27421	438	103227	103216	103424	11	208	5	93
27421	439	103229	103216	103427	13	211	6	93
27421	440	103226	103214	103421	12	207	6	93
27421	441	103226	103215	103422	11	207	6	93
27421	442	103234	103222	103432	12	210	6	93
27421	443	103229	103217	103426	12	209	6	93
27421	444	103227	103216	103426	11	210	7	93
27421	445	103229	103214	103427	15	213	6	93
27421	446	103228	103216	103425	12	209	6	93
27421	447	103228	103216	103428	12	212	6	94
27421	448	103225	103215	103422	10	207	6	93
27421	449	103226	103216	103422	10	206	5	93
27421	450	103228	103218	103426	10	208	6	93
27421	451	103232	103220	103429	12	209	6	93
27421	452	103230	103219	103427	11	208	5	93
27421	453	103228	103213	103425	15	212	6	93
27421	454	103230	103220	103428	10	208	5	93
27421	455	103227	103215	103425	12	210	7	93
27421	456	103228	103215	103425	13	210	6	93
27421	457	103226	103213	103422	13	209	7	93
27421	458	103226	103216	103423	10	207	6	93
27421	459	103229	103216	103425	13	209	6	93
27421	460	103231	103222	103428	9	206	5	93
27421	461	103226	103215	103423	11	208	6	93
27421	462	103225	103215	103424	10	209	6	93
27421	463	103226	103215	103421	11	206	7	93
27421	464	103235	103221	103433	14	212	7	93
27421	465	103226	103214	103422	12	208	7	93
27421	466	103224	103213	103422	11	209	6	93
27421	467	103228	103216	103422	12	206	6	93
27421	468	103225	103213	103421	12	208	7	93
27421	469	103233	103219	103430	14	211	7	93
27421	470	103228	103216	103425	12	209	6	93
27421	471	103225	103214	103422	11	208	5	93
27421	472	103226	103217	103423	9	206	5	93
27421	473	103224	103213	103420	11	207	6	93
27421	474	103227	103215	103425	12	210	6	93
27421	475	103236	103223	103433	13	210	6	93
27421	476	103228	103219	103425	9	206	5	93
27421	477	103229	103215	103427	14	212	6	93
27421	478	103227	103214	103420	13	206	6	93
27421	479	103227	103214	103425	13	211	7	94
27421	480	103233	103220	103429	13	209	6	93
27421	481	103229	103215	103426	14	211	6	93
27421	482	103227	103215	103424	12	209	6	93
27421	483	103225	103215	103423	10	208	5	93
27421	484	103228	103216	103423	12	207	6	93
27421	485	103229	103219	103427	10	208	5	93
27421	486	103233	103221	103432	12	211	7	93
27421	487	103228	103215	103423	13	208	6	93
27421	488	103228	103216	103425	12	209	6	93
27421	489	103231	103218	103427	13	209	6	93
27421	490	103230	103217	103427	13	210	8	93
27421	491	103228	103216	103425	12	209	6	93
27421	492	103230	103218	103428	12	210	6	93
27421	493	103226	103214	103424	12	210	6	93
27421	494	103228	103217	103426	11	209	6	93
27421	495	103229	103215	103424	14	209	6	93
27421	496	103227	103217	103425	10	208	7	93
27421	497	103229	103216	103426	13	210	7	93
27421	498	103228	103216	103425	12	209	7	93
27421	499	103227	103217	103424	10	207	6	93
27421	500	103231	103219	103426	12	207	5	93
27421	501	103228	103217	103426	11	209	6	93
27421	502	103228	103217	103426	11	209	6	93
27421	503	103231	103218	103428	13	210	6	93
27421	504	103228	103215	103423	13	208	6	93
27421	505	103227	103216	103424	11	208	5	93
27421	506	103230	103219	103426	11	207	5	93
27421	507	103229	103216	103426	13	210	7	93
27421	508	103228	103217	103429	11	212	6	93
27421	509	103227	103217	103424	10	207	6	93
27421	510	103229	103219	103426	10	207	6	93
27421	511	103232	103220	103429	12	209	5	94
27421	512	103232	103218	103429	14	211	6	93
27421	513	103224	103213	103420	11	207	6	93
27421	514	103230	103218	103426	12	208	6	93
27421	515	103228	103216	103427	12	211	7	93
27421	516	103230	103220	103426	10	206	5	93
27421	517	103231	103219	103429	12	210	6	93
27421	518	103230	103217	103426	13	209	6	93
27421	519	103229	103218	103427	11	209	6	93
27421	520	103230	103219	103427	11	208	7	93
27421	521	103223	103212	103420	11	208	5	93
27421	522	103230	103216	103426	14	210	7	93
27421	523	103230	103217	103425	13	208	6	93
27421	524	103228	103217	103424	11	207	6	93
27421	525	103230	103215	103427	15	212	7	93
27421	526	103228	103217	103426	11	209	6	93
27421	527	103230	103218	103426	12	208	6	93
27421	528	103225	103211	103421	14	210	6	93
27421	529	103230	103217	103426	13	209	6	93
27421	530	103231	103218	103429	13	211	6	93
27421	531	103230	103219	103429	11	210	6	93
27421	532	103224	103214	103422	10	208	5	93
27421	533	103232	103218	103430	14	212	6	93
27421	534	103230	103218	103428	12	210	7	93
27421	535	103225	103214	103423	11	209	6	93
27421	536	103231	103218	103429	13	211	6	93
27421	537	103231	103220	103428	11	208	7	93
27421	538	103229	103218	103427	11	209	6	93
27421	539	103226	103213	103422	13	209	7	93
27421	540	103230	103218	103426	12	208	6	93
27421	541	103231	103219	103429	12	210	7	93
27421	542	103232	103220	103430	12	210	6	93
27421	543	103224	103210	103422	14	212	7	93
27421	544	103233	103220	103430	13	210	6	93
27421	545	103231	103219	103428	12	209	6	93
27421	546	103230	103219	103425	11	206	6	93
27421	547	103229	103219	103426	10	207	5	93
27421	548	103230	103217	103425	13	208	7	93
27421	549	103228	103216	103424	12	208	6	93
27421	550	103230	103218	103427	12	209	7	93
27421	551	103223	103210	103422	13	212	7	93
27421	552	103230	103218	103428	12	210	6	93
27421	553	103232	103217	103429	15	212	7	93
27421	554	103229	103217	103426	12	209	6	93
27421	555	103225	103215	103422	10	207	5	93
27421	556	103229	103217	103426	12	209	6	93
27421	557	103229	103218	103426	11	208	6	93
27421	558	103232	103219	103429	13	210	6	93
27421	559	103225	103214	103421	11	207	6	93
27421	560	103229	103219	103427	10	208	5	93
27421	561	103232	103219	103430	13	211	6	93
27421	562	103229	103218	103426	11	208	6	93
27421	563	103359	103232	103554	127	322	7	94
27421	564	103223	103213	103420	10	207	5	93
27421	565	103230	103219	103426	11	207	5	93
27421	566	103229	103217	103427	12	210	6	93
27421	567	103229	103217	103426	12	209	6	93
27421	568	103229	103217	103425	12	208	6	93
27421	569	103226	103212	103423	14	211	6	93
27421	570	103228	103219	103425	9	206	5	93
27421	571	103230	103218	103426	12	208	6	93
27421	572	103231	103217	103429	14	212	7	93
27421	573	103230	103218	103426	12	208	6	93
27421	574	103222	103208	103417	14	209	6	93
27421	575	103230	103219	103427	11	208	6	93
27421	576	103230	103219	103429	11	210	7	93
27421	577	103229	103219	103426	10	207	6	93
27421	578	103232	103219	103429	13	210	6	93
27421	579	103227	103214	103425	13	211	7	93
27421	580	103229	103218	103428	11	210	6	93
27421	581	103229	103217	103427	12	210	6	93
27421	582	103232	103219	103431	13	212	7	93
27421	583	103231	103219	103427	12	208	6	93
27421	584	103228	103217	103426	11	209	6	93
27421	585	103223	103212	103419	11	207	6	93
27421	586	103232	103220	103428	12	208	6	93
27421	587	103229	103217	103428	12	211	7	93
27421	588	103230	103218	103426	12	208	6	93
27421	589	103231	103218	103429	13	211	6	93
27421	590	103229	103216	103428	13	212	8	93
27421	591	103225	103213	103422	12	209	6	93
27421	592	103228	103217	103423	11	206	5	93
27421	593	103232	103221	103430	11	209	6	93
27421	594	103230	103217	103428	13	211	6	93
27421	595	103228	103216	103426	12	210	7	93
27421	596	103230	103218	103428	12	210	7	93
27421	597	103225	103212	103421	13	209	6	93
27421	598	103230	103218	103428	12	210	7	93
27421	599	103230	103218	103428	12	210	6	93
27421	600	103232	103220	103430	12	210	6	93
27421	601	103229	103217	103424	12	207	7	93
27421	602	103229	103219	103429	10	210	6	93
27421	603	103229	103217	103423	12	206	6	93
27421	604	103225	103214	103422	11	208	5	93
27421	605	103230	103219	103425	11	206	6	93
27421	606	103229	103218	103425	11	207	6	93
27421	607	103229	103218	103426	11	208	5	93
27421	608	103231	103218	103429	13	211	7	93
27421	609	103230	103218	103427	12	209	6	93
27421	610	103230	103219	103428	11	209	6	93
27421	611	103231	103216	103427	15	211	7	93
27421	612	103225	103214	103422	11	208	7	93
27421	613	103230	103217	103427	13	210	6	93
27421	614	103230	103218	103427	12	209	6	93
27421	615	103230	103220	103427	10	207	5	93
27421	616	103234	103224	103430	10	206	5	93
27421	617	103229	103217	103424	12	207	6	93
27421	618	103230	103218	103427	12	209	6	93
27421	619	103232	103218	103429	14	211	6	93
27421	620	103227	103216	103423	11	207	6	93
27421	621	103227	103215	103425	12	210	6	93
27421	622	103233	103222	103431	11	209	5	93
27421	623	103227	103215	103424	12	209	6	93
27421	624	103229	103217	103426	12	209	6	93
27421	625	103232	103218	103429	14	211	6	93
27421	626	103229	103217	103427	12	210	6	93
27421	627	103231	103220	103428	11	208	6	93
27421	628	103229	103217	103425	12	208	6	93
27421	629	103230	103221	103428	9	207	6	93
27421	630	103229	103217	103425	12	208	6	93
27421	631	103227	103215	103425	12	210	6	93
27421	632	103228	103216	103426	12	210	6	93
27421	633	103228	103216	103426	12	210	7	93
27421	634	103223	103211	103417	12	206	6	93
27421	635	103229	103215	103425	14	210	6	93
27421	636	103230	103217	103427	13	210	6	93
27421	637	103227	103216	103425	11	209	6	93
27421	638	103229	103217	103426	12	209	7	93
27421	639	103227	103218	103424	9	206	5	93
27421	640	103228	103218	103425	10	207	6	93
27421	641	103231	103217	103426	14	209	6	93
27421	642	103229	103219	103427	10	208	5	93
27421	643	103229	103218	103426	11	208	6	93
27421	644	103231	103216	103428	15	212	7	93
27421	645	103229	103219	103424	10	205	6	93
27421	646	103230	103219	103427	11	208	5	93
27421	647	103229	103218	103426	11	208	6	93
27421	648	103229	103217	103427	12	210	6	93
27421	649	103223	103212	103418	11	206	7	93
27421	650	103227	103216	103424	11	208	5	93
27421	651	103233	103219	103431	14	212	7	93
27421	652	103230	103220	103427	10	207	5	93
27421	653	103228	103218	103425	10	207	6	93
27421	654	103230	103217	103428	13	211	6	93
27421	655	103233	103218	103428	15	210	6	93
27421	656	103229	103216	103426	13	210	6	93
27421	657	103227	103215	103426	12	211	7	93
27421	658	103230	103218	103427	12	209	6	93
27421	659	103228	103217	103426	11	209	6	93
27421	660	103227	103215	103425	12	210	6	93
27421	661	103230	103217	103429	13	212	7	93
27421	662	103229	103216	103425	13	209	7	93
27421	663	103231	103218	103426	13	208	6	93
27421	664	103228	103217	103426	11	209	6	93
27421	665	103229	103216	103425	13	209	7	93
27421	666	103229	103218	103426	11	208	6	93
27421	667	103231	103221	103428	10	207	6	93
27421	668	103226	103215	103424	11	209	7	93
27421	669	103228	103215	103425	13	210	6	93
27421	670	103230	103216	103427	14	211	6	93
27421	671	103229	103216	103427	13	211	7	93
27421	672	103231	103218	103427	13	209	6	93
27421	673	103229	103219	103425	10	206	6	93
27421	674	103231	103218	103429	13	211	6	93
27421	675	103229	103218	103428	11	210	7	93
27421	676	103229	103218	103426	11	208	6	93
27421	677	103231	103218	103428	13	210	6	93
27421	678	103229	103217	103426	12	209	7	93
27421	679	103228	103216	103426	12	210	6	93
27421	680	103233	103219	103429	14	210	6	93
27421	681	103229	103218	103427	11	209	6	93
27421	682	103227	103216	103423	11	207	6	93
27421	683	103231	103217	103427	14	210	8	93
27421	684	103229	103217	103427	12	210	6	93
27421	685	103230	103218	103426	12	208	6	93
27421	686	103230	103220	103428	10	208	5	93
27421	687	103228	103218	103425	10	207	6	93
27421	688	103230	103218	103426	12	208	6	93
27421	689	103228	103215	103425	13	210	6	93
27421	690	103229	103217	103425	12	208	7	93
27421	691	103231	103219	103429	12	210	6	93
27421	692	103230	103219	103427	11	208	5	93
27421	693	103227	103216	103423	11	207	7	93
27421	694	103231	103217	103427	14	210	6	93
27421	695	103229	103218	103427	11	209	6	93
27421	696	103229	103217	103427	12	210	6	93
27421	697	103229	103218	103427	11	209	6	93
27421	698	103228	103217	103425	11	208	7	93
27421	699	103230	103216	103428	14	212	7	93
27421	700	103228	103215	103424	13	209	6	93
27421	701	103231	103219	103429	12	210	7	93
27421	702	103349	103221	103545	128	324	7	94
27421	703	103230	103217	103425	13	208	7	93
27421	704	103229	103217	103427	12	210	7	93
27421	705	103230	103219	103425	11	206	6	93
27421	706	103229	103219	103428	10	209	6	93
27421	707	103228	103218	103428	10	210	7	93
27421	708	103229	103215	103423	14	208	6	93
27421	709	103230	103218	103427	12	209	6	93
27421	710	103231	103219	103427	12	208	6	93
27421	711	103228	103216	103425	12	209	6	93
27421	712	103229	103218	103427	11	209	6	93
27421	713	103229	103218	103426	11	208	6	93
27421	714	103229	103217	103428	12	211	7	93
27421	715	103228	103216	103425	12	209	7	93
27421	716	103231	103219	103425	12	206	6	93
27421	717	103228	103217	103425	11	208	5	93
27421	718	103230	103219	103427	11	208	5	93
27421	719	103229	103217	103430	12	213	6	93
27421	720	103230	103220	103428	10	208	5	93
27421	721	103230	103217	103425	13	208	6	93
27421	722	103229	103218	103427	11	209	6	93
27421	723	103227	103216	103427	11	211	7	93
27421	724	103231	103218	103429	13	211	7	93
27421	725	103227	103216	103425	11	209	6	93
27421	726	103227	103214	103424	13	210	7	93
27421	727	103228	103216	103426	12	210	6	93
27421	728	103228	103219	103425	9	206	5	93
27421	729	103227	103214	103423	13	209	6	93
27421	730	103231	103217	103428	14	211	6	93
27421	731	103229	103216	103425	13	209	8	93
27421	732	103233	103222	103430	11	208	6	93
27421	733	103229	103216	103425	13	209	7	93
27421	734	103229	103217	103427	12	210	7	93
27421	735	103231	103219	103426	12	207	6	93
27421	736	103229	103218	103425	11	207	6	93
27421	737	103229	103217	103428	12	211	7	93
27421	738	103229	103216	103426	13	210	8	93
27421	739	103228	103219	103425	9	206	5	93
27421	740	103229	103217	103426	12	209	7	93
27421	741	103229	103217	103427	12	210	6	93
27421	742	103223	103211	103419	12	208	6	93
27421	743	103229	103217	103427	12	210	7	93
27421	744	103229	103216	103424	13	208	6	93
27421	745	103229	103218	103425	11	207	6	93
27421	746	103230	103217	103426	13	209	5	93
27421	747	103230	103217	103427	13	210	6	93
27421	748	103230	103218	103428	12	210	7	93
27421	749	103232	103219	103429	13	210	6	93
27421	750	103230	103218	103428	12	210	7	93
27421	751	103227	103216	103424	11	208	6	93
27421	752	103231	103219	103427	12	208	6	93
27421	753	103229	103217	103426	12	209	7	93
27421	754	103230	103217	103427	13	210	6	93
27421	755	103229	103219	103425	10	206	5	93
27421	756	103227	103214	103424	13	210	6	93
27421	757	103231	103221	103428	10	207	5	93
27421	758	103228	103214	103424	14	210	7	93
27421	759	103229	103217	103425	12	208	6	93
27421	760	103232	103217	103429	15	212	6	93
27421	761	103229	103217	103426	12	209	7	93
27421	762	103229	103218	103427	11	209	6	93
27421	763	103232	103218	103428	14	210	6	93
27421	764	103229	103218	103426	11	208	6	93
27421	765	103228	103216	103425	12	209	7	93
27421	766	103229	103217	103426	12	209	6	93
27421	767	103227	103217	103424	10	207	6	93
27421	768	103227	103216	103425	11	209	5	93
27421	769	103230	103220	103428	10	208	5	93
27421	770	103229	103217	103425	12	208	6	93
27421	771	103231	103219	103429	12	210	6	93
27421	772	103229	103216	103426	13	210	6	93
27421	773	103228	103216	103427	12	211	7	93
27421	774	103231	103218	103426	13	208	6	93
27421	775	103229	103215	103426	14	211	6	93
27421	776	103229	103217	103427	12	210	6	93
27421	777	103230	103218	103426	12	208	6	93
27421	778	103229	103218	103426	11	208	6	93
27421	779	103229	103217	103424	12	207	6	93
27421	780	103225	103213	103422	12	209	6	93
27421	781	103229	103216	103427	13	211	6	93
27421	782	103230	103215	103428	15	213	6	93
27421	783	103230	103219	103427	11	208	5	93
27421	784	103228	103213	103424	15	211	8	93
27421	785	103230	103218	103427	12	209	6	93
27421	786	103230	103218	103428	12	210	7	93
27421	787	103230	103217	103427	13	210	6	93
27421	788	103231	103219	103428	12	209	6	93
27421	789	103230	103217	103427	13	210	6	93
27421	790	103235	103224	103430	11	206	5	93
27421	791	103224	103213	103420	11	207	8	93
27421	792	103230	103217	103428	13	211	7	93
27421	793	103231	103219	103428	12	209	6	93
27421	794	103229	103218	103427	11	209	6	93
27421	795	103229	103219	103427	10	208	5	93
27421	796	103231	103219	103425	12	206	6	93
27421	797	103229	103219	103428	10	209	6	93
27421	798	103229	103217	103427	12	210	6	93
27421	799	103231	103220	103429	11	209	5	93
27421	800	103228	103218	103425	10	207	6	93
27421	801	103229	103218	103426	11	208	6	93
27421	802	103225	103212	103423	13	211	7	93
27421	803	103229	103217	103425	12	208	6	93
27421	804	103232	103218	103429	14	211	6	93
27421	805	103229	103217	103427	12	210	7	93
27421	806	103227	103216	103424	11	208	6	93
27421	807	103231	103218	103427	13	209	6	93
27421	808	103229	103218	103427	11	209	6	93
27421	809	103228	103217	103426	11	209	6	93
27421	810	103232	103219	103430	13	211	7	93
27421	811	103230	103218	103428	12	210	6	93
27421	812	103231	103219	103428	12	209	6	93
27421	813	103232	103220	103429	12	209	7	93
27421	814	103225	103213	103421	12	208	6	93
27421	815	103231	103221	103428	10	207	5	93
27421	816	103229	103217	103425	12	208	6	93
27421	817	103231	103220	103424	11	204	5	93
27421	818	103229	103218	103426	11	208	6	93
27421	819	103229	103217	103426	12	209	6	93
27421	820	103229	103218	103427	11	209	7	93
27421	821	103230	103217	103429	13	212	8	93
27421	822	103227	103217	103424	10	207	6	93
27421	823	103228	103216	103423	12	207	6	93
27421	824	103230	103219	103428	11	209	7	93
27421	825	103231	103216	103428	15	212	6	93
27421	826	103228	103216	103426	12	210	6	93
27421	827	103230	103218	103427	12	209	6	93
27421	828	103229	103218	103423	11	205	6	93
27421	829	103229	103217	103424	12	207	7	93
27421	830	103228	103215	103425	13	210	6	93
27421	831	103227	103218	103424	9	206	5	93
27421	832	103231	103219	103429	12	210	6	93
27421	833	103228	103216	103425	12	209	6	93
27421	834	103230	103217	103427	13	210	6	93
27421	835	103231	103218	103429	13	211	6	93
27421	836	103229	103216	103427	13	211	7	93
27421	837	103230	103215	103427	15	212	6	93
27421	838	103227	103215	103423	12	208	8	93
27421	839	103229	103217	103426	12	209	7	93
27421	840	103231	103216	103428	15	212	6	93
27421	841	103344	103217	103540	127	323	7	94
27421	842	103229	103218	103428	11	210	7	93
27421	843	103231	103218	103429	13	211	7	93
27421	844	103227	103215	103425	12	210	6	93
27421	845	103227	103217	103426	10	209	6	93
27421	846	103232	103218	103429	14	211	7	93
27421	847	103231	103218	103428	13	210	6	93
27421	848	103229	103218	103427	11	209	6	93
27421	849	103229	103219	103425	10	206	7	93
27421	850	103228	103214	103425	14	211	7	93
27421	851	103231	103218	103427	13	209	6	93
27421	852	103227	103217	103426	10	209	6	93
27421	853	103229	103218	103424	11	206	5	93
27421	854	103229	103214	103428	15	214	7	93
27421	855	103224	103213	103422	11	209	7	93
27421	856	103229	103218	103425	11	207	6	93
27421	857	103229	103216	103426	13	210	6	93
27421	858	103229	103218	103426	11	208	6	93
27421	859	103229	103216	103425	13	209	6	93
27421	860	103229	103220	103427	9	207	5	93
27421	861	103228	103218	103425	10	207	6	93
27421	862	103233	103219	103429	14	210	7	93
27421	863	103231	103220	103429	11	209	6	93
27421	864	103229	103216	103426	13	210	7	93
27421	865	103229	103216	103427	13	211	6	93
27421	866	103229	103219	103426	10	207	5	93
27421	867	103228	103216	103425	12	209	6	93
27421	868	103231	103220	103429	11	209	5	93
27421	869	103227	103216	103425	11	209	6	93
27421	870	103226	103214	103422	12	208	6	93
27421	871	103231	103219	103427	12	208	6	93
27421	872	103229	103217	103426	12	209	6	93
27421	873	103231	103220	103427	11	207	5	93
27421	874	103229	103216	103427	13	211	7	93
27421	875	103229	103218	103424	11	206	7	93
27421	876	103231	103218	103427	13	209	7	93
27421	877	103231	103219	103429	12	210	7	93
27421	878	103229	103217	103427	12	210	6	93
27421	879	103231	103221	103426	10	205	5	93
27421	880	103229	103216	103424	13	208	6	93
27421	881	103229	103217	103427	12	210	6	93
27421	882	103231	103219	103429	12	210	6	93
27421	883	103227	103217	103424	10	207	6	93
27421	884	103227	103216	103422	11	206	6	93
27421	885	103229	103217	103426	12	209	6	93
27421	886	103229	103217	103425	12	208	6	93
27421	887	103228	103217	103425	11	208	6	93
27421	888	103229	103220	103427	9	207	6	93
27421	889	103229	103218	103428	11	210	7	93
27421	890	103231	103218	103427	13	209	6	93
27421	891	103229	103218	103427	11	209	6	93
27421	892	103231	103218	103428	13	210	7	93
27421	893	103230	103217	103427	13	210	7	93
27421	894	103228	103216	103426	12	210	7	93
27421	895	103229	103217	103425	12	208	6	93
27421	896	103231	103220	103430	11	210	7	93
27421	897	103229	103218	103427	11	209	6	93
27421	898	103228	103216	103425	12	209	6	93
27421	899	103227	103215	103425	12	210	6	93
27421	900	103227	103216	103422	11	206	6	93
27421	901	103231	103218	103429	13	211	6	93
27421	902	103227	103218	103424	9	206	5	93
27421	903	103230	103219	103427	11	208	7	93
27421	904	103231	103218	103427	13	209	6	93
27421	905	103228	103217	103424	11	207	6	93
27421	906	103231	103220	103428	11	208	6	93
27421	907	103229	103218	103426	11	208	6	93
27421	908	103229	103219	103425	10	206	5	93
27421	909	103228	103215	103426	13	211	6	93
27421	910	103227	103216	103423	11	207	6	93
27421	911	103227	103216	103424	11	208	7	93
27421	912	103231	103220	103428	11	208	6	93
27421	913	103229	103220	103425	9	205	5	93
27421	914	103230	103217	103427	13	210	6	93
27421	915	103231	103219	103427	12	208	6	93
27421	916	103228	103216	103423	12	207	6	93
27421	917	103228	103218	103425	10	207	6	93
27421	918	103230	103217	103426	13	209	6	93
27421	919	103224	103213	103421	11	208	6	93
27421	920	103231	103219	103429	12	210	6	93
27421	921	103229	103218	103427	11	209	7	93
27421	922	103228	103217	103425	11	208	6	93
27421	923	103230	103217	103427	13	210	6	93
27421	924	103229	103217	103425	12	208	6	93
27421	925	103228	103215	103425	13	210	6	93
27421	926	103230	103218	103427	12	209	5	93
27421	927	103231	103218	103427	13	209	7	93
27421	928	103224	103212	103423	12	211	7	93
27421	929	103236	103221	103433	15	212	6	93
27421	930	103228	103215	103424	13	209	6	93
27421	931	103229	103219	103428	10	209	6	93
27421	932	103230	103218	103428	12	210	6	93
27421	933	103229	103219	103424	10	205	6	93
27421	934	103232	103219	103428	13	209	7	93
27421	935	103230	103217	103427	13	210	6	93
27421	936	103230	103217	103427	13	210	6	93
27421	937	103224	103213	103422	11	209	5	93
27421	938	103230	103216	103428	14	212	7	93
27421	939	103230	103217	103425	13	208	6	93
27421	940	103231	103220	103427	11	207	5	93
27421	941	103229	103218	103426	11	208	6	93
27421	942	103229	103218	103426	11	208	7	93
27421	943	103229	103217	103425	12	208	6	93
27421	944	103226	103214	103425	12	211	7	93
27421	945	103228	103215	103426	13	211	7	93
27421	946	103233	103223	103430	10	207	6	93
27421	947	103231	103218	103428	13	210	6	93
27421	948	103231	103219	103429	12	210	6	93
27421	949	103229	103218	103425	11	207	6	93
27421	950	103229	103215	103428	14	213	7	93
27421	951	103231	103219	103427	12	208	6	93
27421	952	103223	103211	103420	12	209	6	93
27421	953	103229	103217	103427	12	210	6	93
27421	954	103231	103220	103428	11	208	6	93
27421	955	103229	103218	103427	11	209	6	93
27421	956	103232	103218	103429	14	211	6	93
27421	957	103229	103218	103427	11	209	6	93
27421	958	103229	103218	103427	11	209	6	93
27421	959	103231	103218	103429	13	211	6	93
27421	960	103225	103211	103423	14	212	7	93
27421	961	103229	103218	103427	11	209	6	93
27421	962	103231	103217	103428	14	211	6	93
27421	963	103229	103217	103426	12	209	6	93
27421	964	103233	103221	103427	12	206	6	93
27421	965	103225	103214	103422	11	208	6	93
27421	966	103230	103218	103426	12	208	6	93
27421	967	103231	103219	103429	12	210	6	93
27421	968	103230	103218	103427	12	209	6	93
27421	969	103229	103217	103424	12	207	6	93
27421	970	103227	103215	103424	12	209	5	93
27421	971	103229	103218	103427	11	209	6	93
27421	972	103229	103220	103426	9	206	5	93
27421	973	103232	103219	103428	13	209	7	93
27421	974	103230	103217	103427	13	210	6	93
27421	975	103228	103216	103425	12	209	6	93
27421	976	103229	103217	103425	12	208	6	93
27421	977	103228	103217	103426	11	209	6	93
27421	978	103230	103219	103430	11	211	6	93
27421	979	103230	103217	103427	13	210	6	93
27421	980	103349	103222	103547	127	325	7	94
27421	981	103226	103213	103424	13	211	6	93
27421	982	103230	103219	103426	11	207	6	93
27421	983	103230	103217	103428	13	211	7	93
27421	984	103230	103217	103428	13	211	6	93
27421	985	103228	103216	103424	12	208	7	93
27421	986	103226	103213	103422	13	209	6	93
27421	987	103231	103220	103428	11	208	6	93
27421	988	103229	103218	103426	11	208	6	93
27421	989	103230	103219	103429	11	210	7	93
27421	990	103222	103210	103417	12	207	6	93
27421	991	103229	103218	103426	11	208	6	93
27421	992	103232	103220	103430	12	210	6	93
27421	993	103228	103217	103425	11	208	6	93
27421	994	103230	103219	103428	11	209	6	93
27421	995	103226	103214	103423	12	209	7	93
27421	996	103230	103219	103424	11	205	6	93
27421	997	103230	103218	103428	12	210	7	93
27421	998	103233	103220	103426	13	206	6	93
27421	999	103232	103220	103429	12	209	6	93
27421	1000	103226	103214	103423	12	209	6	93
