RUNID	ITERNUM	METIME	PRTIME	TPRTIME	DIFF	TDIFF	NRPROCS	NPROCS
25841	1	11405	11402	11604	3	202	4	93
25841	2	11397	11396	11595	1	199	3	93
25841	3	11405	11403	11602	2	199	3	93
25841	4	11399	11398	11596	1	198	4	93
25841	5	11405	11403	11602	2	199	3	93
25841	6	11397	11397	11594	0	197	3	93
25841	7	11404	11403	11602	1	199	3	93
25841	8	11397	11397	11594	0	197	3	93
25841	9	11404	11404	11601	0	197	3	93
25841	10	11399	11397	11597	2	200	4	93
25841	11	11404	11403	11601	1	198	4	93
25841	12	11398	11395	11595	3	200	4	93
25841	13	11404	11403	11601	1	198	4	93
25841	14	11398	11397	11596	1	199	3	93
25841	15	11402	11400	11600	2	200	4	93
25841	16	11403	11402	11599	1	197	3	93
25841	17	11397	11395	11595	2	200	4	93
25841	18	11405	11403	11604	2	201	3	93
25841	19	11398	11396	11597	2	201	3	93
25841	20	11404	11404	11601	0	197	3	93
25841	21	11399	11398	11596	1	198	4	93
25841	22	11404	11403	11602	1	199	3	93
25841	23	11398	11396	11595	2	199	3	93
25841	24	11404	11403	11601	1	198	4	93
25841	25	11398	11396	11596	2	200	4	93
25841	26	11407	11404	11604	3	200	4	93
25841	27	11397	11396	11595	1	199	3	93
25841	28	11405	11403	11600	2	197	3	93
25841	29	11397	11396	11595	1	199	3	93
25841	30	11402	11400	11600	2	200	4	93
25841	31	11402	11402	11599	0	197	3	93
25841	32	11399	11398	11596	1	198	4	93
25841	33	11405	11403	11603	2	200	3	93
25841	34	11398	11396	11594	2	198	4	93
25841	35	11404	11403	11601	1	198	4	93
25841	36	11397	11397	11594	0	197	3	93
25841	37	11406	11404	11604	2	200	4	93
25841	38	11397	11397	11594	0	197	3	93
25841	39	11405	11402	11602	3	200	4	93
25841	40	11397	11397	11594	0	197	3	93
25841	41	11405	11403	11602	2	199	3	93
25841	42	11398	11396	11595	2	199	3	93
25841	43	11406	11405	11603	1	198	4	93
25841	44	11398	11397	11595	1	198	4	93
25841	45	11399	11399	11596	0	197	3	93
25841	46	11404	11403	11602	1	199	3	93
25841	47	11397	11396	11595	1	199	3	93
25841	48	11407	11404	11604	3	200	4	93
25841	49	11398	11396	11596	2	200	4	93
25841	50	11405	11403	11602	2	199	3	93
25841	51	11397	11397	11594	0	197	3	93
25841	52	11404	11404	11601	0	197	3	93
25841	53	11397	11396	11594	1	198	4	93
25841	54	11406	11404	11603	2	199	5	93
25841	55	11397	11397	11594	0	197	3	93
25841	56	11404	11403	11602	1	199	3	93
25841	57	11397	11396	11595	1	199	3	93
25841	58	11402	11401	11598	1	197	3	93
25841	59	11401	11401	11601	0	200	4	93
25841	60	11398	11395	11597	3	202	4	93
25841	61	11404	11403	11602	1	199	3	93
25841	62	11397	11396	11595	1	199	3	93
25841	63	11404	11403	11601	1	198	4	93
25841	64	11397	11396	11594	1	198	4	93
25841	65	11406	11404	11603	2	199	5	93
25841	66	11397	11397	11594	0	197	3	93
25841	67	11404	11404	11601	0	197	3	93
25841	68	11397	11395	11595	2	200	4	93
25841	69	11405	11403	11604	2	201	3	93
25841	70	11398	11396	11600	2	204	4	93
25841	71	11405	11404	11601	1	197	3	93
25841	72	11397	11396	11593	1	197	3	93
25841	73	11401	11400	11599	1	199	3	93
25841	74	11402	11401	11600	1	199	3	93
25841	75	11397	11397	11594	0	197	3	93
25841	76	11406	11404	11604	2	200	4	93
25841	77	11398	11396	11594	2	198	4	93
25841	78	11404	11403	11602	1	199	3	93
25841	79	11398	11395	11595	3	200	4	93
25841	80	11405	11403	11604	2	201	3	93
25841	81	11397	11397	11596	0	199	3	93
25841	82	11404	11404	11601	0	197	3	93
25841	83	11398	11396	11595	2	199	3	93
25841	84	11404	11403	11602	1	199	3	93
25841	85	11397	11396	11594	1	198	4	93
25841	86	11404	11402	11602	2	200	4	93
25841	87	11400	11397	11597	3	200	4	93
25841	88	11404	11403	11602	1	199	3	93
25841	89	11400	11399	11596	1	197	3	93
25841	90	11398	11397	11595	1	198	4	93
25841	91	11404	11402	11600	2	198	4	93
25841	92	11397	11396	11595	1	199	3	93
25841	93	11404	11403	11602	1	199	3	93
25841	94	11398	11396	11596	2	200	3	93
25841	95	11404	11403	11601	1	198	4	93
25841	96	11397	11396	11595	1	199	3	93
25841	97	11404	11404	11601	0	197	3	93
25841	98	11399	11398	11596	1	198	4	93
25841	99	11404	11404	11601	0	197	3	93
25841	100	11398	11395	11595	3	200	4	93
25841	101	11405	11403	11602	2	199	3	93
25841	102	11397	11396	11595	1	199	3	93
25841	103	11405	11403	11602	2	199	3	93
25841	104	11398	11396	11596	2	200	4	93
25841	105	11399	11397	11597	2	200	4	93
25841	106	11404	11403	11600	1	197	3	93
25841	107	11397	11396	11593	1	197	3	93
25841	108	11404	11404	11601	0	197	3	93
25841	109	11400	11397	11599	3	202	4	93
25841	110	11404	11403	11601	1	198	4	93
25841	111	11397	11397	11594	0	197	3	93
25841	112	11405	11403	11604	2	201	3	93
25841	113	11398	11396	11595	2	199	3	93
25841	114	11404	11402	11602	2	200	4	93
25841	115	11397	11396	11594	1	198	4	93
25841	116	11404	11403	11600	1	197	3	93
25841	117	11397	11396	11595	1	199	3	93
25841	118	11404	11404	11601	0	197	3	93
25841	119	11399	11397	11597	2	200	4	93
25841	120	11401	11399	11599	2	200	4	93
25841	121	11404	11404	11601	0	197	3	93
25841	122	11397	11396	11595	1	199	3	93
25841	123	11404	11404	11601	0	197	3	93
25841	124	11397	11395	11595	2	200	4	93
25841	125	11404	11403	11602	1	199	3	93
25841	126	11400	11397	11597	3	200	4	93
25841	127	11405	11403	11602	2	199	3	93
25841	128	11398	11396	11595	2	199	3	93
25841	129	11405	11402	11602	3	200	4	93
25841	130	11398	11395	11595	3	200	4	93
25841	131	11406	11403	11604	3	201	5	93
25841	132	11398	11396	11596	2	200	3	93
25841	133	11403	11401	11600	2	199	3	93
25841	134	11401	11400	11599	1	199	3	93
25841	135	11397	11397	11594	0	197	3	93
25841	136	11405	11403	11604	2	201	3	93
25841	137	11400	11397	11597	3	200	4	93
25841	138	11404	11404	11601	0	197	3	93
25841	139	11398	11396	11597	2	201	3	93
25841	140	11404	11403	11602	1	199	3	93
25841	141	11397	11397	11594	0	197	3	93
25841	142	11406	11404	11604	2	200	4	93
25841	143	11397	11396	11594	1	198	4	93
25841	144	11405	11403	11604	2	201	3	93
25841	145	11397	11397	11594	0	197	3	93
25841	146	11404	11403	11602	1	199	3	93
25841	147	11398	11396	11596	2	200	4	93
25841	148	11400	11398	11597	2	199	5	93
25841	149	11404	11404	11601	0	197	3	93
25841	150	11397	11397	11594	0	197	3	93
25841	151	11404	11404	11601	0	197	3	93
25841	152	11397	11396	11594	1	198	4	93
25841	153	11404	11403	11602	1	199	3	93
25841	154	11397	11397	11594	0	197	3	93
25841	155	11405	11402	11604	3	202	4	93
25841	156	11398	11395	11595	3	200	4	93
25841	157	11404	11404	11601	0	197	3	93
25841	158	11397	11397	11594	0	197	3	93
25841	159	11407	11404	11603	3	199	4	93
25841	160	11398	11396	11597	2	201	3	93
25841	161	11400	11399	11597	1	198	4	93
25841	162	11403	11402	11599	1	197	3	93
25841	163	11397	11395	11593	2	198	4	93
25841	164	11405	11403	11604	2	201	3	93
25841	165	11397	11396	11595	1	199	5	93
25841	166	11405	11403	11603	2	200	4	93
25841	167	11398	11397	11596	1	199	3	93
25841	168	11405	11403	11602	2	199	3	93
25841	169	11398	11396	11595	2	199	3	93
25841	170	11406	11404	11604	2	200	4	93
25841	171	11398	11395	11595	3	200	4	93
25841	172	11405	11403	11602	2	199	3	93
25841	173	11398	11396	11597	2	201	3	93
25841	174	11400	11399	11598	1	199	3	93
25841	175	11403	11401	11630	2	229	6	94
25841	176	11399	11397	11596	2	199	5	93
25841	177	11405	11403	11602	2	199	3	93
25841	178	11397	11396	11594	1	198	4	93
25841	179	11404	11404	11601	0	197	3	93
25841	180	11398	11396	11597	2	201	3	93
25841	181	11406	11405	11603	1	198	4	93
25841	182	11397	11396	11597	1	201	3	93
25841	183	11404	11403	11602	1	199	3	93
25841	184	11397	11397	11594	0	197	3	93
25841	185	11404	11402	11600	2	198	4	93
25841	186	11397	11396	11595	1	199	3	93
25841	187	11401	11400	11598	1	198	4	93
25841	188	11404	11403	11602	1	199	3	93
25841	189	11398	11396	11595	2	199	3	93
25841	190	11404	11403	11601	1	198	4	93
25841	191	11397	11396	11595	1	199	3	93
25841	192	11404	11404	11603	0	199	3	93
25841	193	11398	11396	11596	2	200	4	93
25841	194	11404	11403	11601	1	198	4	93
25841	195	11398	11396	11596	2	200	4	93
25841	196	11405	11402	11602	3	200	4	93
25841	197	11398	11398	11597	0	199	3	93
25841	198	11406	11404	11604	2	200	4	93
25841	199	11397	11396	11595	1	199	3	93
25841	200	11403	11402	11600	1	198	4	93
25841	201	11400	11399	11598	1	199	3	93
25841	202	11400	11399	11598	1	199	3	93
25841	203	11404	11402	11602	2	200	4	93
25841	204	11397	11395	11593	2	198	4	93
25841	205	11405	11403	11602	2	199	3	93
25841	206	11397	11396	11595	1	199	3	93
25841	207	11404	11403	11601	1	198	4	93
25841	208	11398	11395	11597	3	202	4	93
25841	209	11406	11404	11609	2	205	6	94
25841	210	11398	11395	11597	3	202	4	93
25841	211	11404	11403	11600	1	197	3	93
25841	212	11397	11395	11593	2	198	4	93
25841	213	11405	11403	11602	2	199	3	93
25841	214	11398	11395	11597	3	202	4	93
25841	215	11405	11403	11604	2	201	3	93
25841	216	11397	11397	11594	0	197	3	93
25841	217	11404	11402	11602	2	200	4	93
25841	218	11397	11397	11594	0	197	3	93
25841	219	11405	11403	11604	2	201	3	93
25841	220	11399	11397	11597	2	200	4	93
25841	221	11404	11403	11600	1	197	3	93
25841	222	11398	11396	11597	2	201	3	93
25841	223	11400	11399	11597	1	198	4	93
25841	224	11403	11402	11601	1	199	3	93
25841	225	11398	11396	11595	2	199	3	93
25841	226	11404	11403	11602	1	199	3	93
25841	227	11398	11396	11596	2	200	3	93
25841	228	11405	11402	11602	3	200	4	93
25841	229	11397	11396	11593	1	197	3	93
25841	230	11405	11404	11601	1	197	3	93
25841	231	11399	11397	11597	2	200	4	93
25841	232	11405	11402	11602	3	200	4	93
25841	233	11398	11395	11596	3	201	4	93
25841	234	11404	11404	11601	0	197	3	93
25841	235	11398	11396	11595	2	199	3	93
25841	236	11404	11403	11602	1	199	3	93
25841	237	11398	11396	11595	2	199	3	93
25841	238	11404	11402	11600	2	198	4	93
25841	239	11398	11396	11595	2	199	3	93
25841	240	11404	11403	11602	1	199	3	93
25841	241	11399	11399	11596	0	197	3	93
25841	242	11401	11399	11599	2	200	4	93
25841	243	11404	11403	11602	1	199	3	93
25841	244	11397	11396	11595	1	199	3	93
25841	245	11405	11403	11602	2	199	3	93
25841	246	11397	11396	11595	1	199	3	93
25841	247	11404	11403	11601	1	198	4	93
25841	248	11398	11396	11598	2	202	4	93
25841	249	11404	11404	11601	0	197	3	93
25841	250	11398	11396	11597	2	201	3	93
25841	251	11404	11402	11600	2	198	4	93
25841	252	11397	11395	11593	2	198	4	93
25841	253	11407	11403	11606	4	203	5	93
25841	254	11397	11397	11594	0	197	3	93
25841	255	11404	11404	11601	0	197	3	93
25841	256	11397	11397	11594	0	197	3	93
25841	257	11403	11400	11600	3	200	4	93
25841	258	11400	11400	11597	0	197	3	93
25841	259	11400	11399	11597	1	198	4	93
25841	260	11404	11403	11601	1	198	4	93
25841	261	11397	11396	11595	1	199	3	93
25841	262	11404	11404	11601	0	197	3	93
25841	263	11397	11397	11594	0	197	3	93
25841	264	11407	11404	11606	3	202	4	93
25841	265	11397	11397	11594	0	197	3	93
25841	266	11405	11403	11603	2	200	3	93
25841	267	11397	11396	11595	1	199	3	93
25841	268	11405	11403	11604	2	201	3	93
25841	269	11398	11397	11594	1	197	3	93
25841	270	11406	11404	11604	2	200	4	93
25841	271	11397	11397	11594	0	197	3	93
25841	272	11435	11408	11634	27	226	7	104
25841	273	11403	11401	11601	2	200	4	93
25841	274	11398	11396	11597	2	201	3	93
25841	275	11407	11404	11605	3	201	4	93
25841	276	11397	11397	11594	0	197	3	93
25841	277	11404	11404	11601	0	197	3	93
25841	278	11398	11396	11597	2	201	3	93
25841	279	11404	11402	11602	2	200	4	93
25841	280	11398	11396	11597	2	201	3	93
25841	281	11404	11403	11602	1	199	3	93
25841	282	11397	11396	11595	1	199	3	93
25841	283	11405	11403	11602	2	199	3	93
25841	284	11398	11397	11594	1	197	3	93
25841	285	11402	11401	11600	1	199	3	93
25841	286	11404	11401	11601	3	200	4	93
25841	287	11397	11396	11595	1	199	3	93
25841	288	11405	11403	11604	2	201	3	93
25841	289	11397	11397	11594	0	197	3	93
25841	290	11405	11403	11602	2	199	3	93
25841	291	11397	11395	11595	2	200	4	93
25841	292	11404	11402	11602	2	200	4	93
25841	293	11398	11396	11596	2	200	4	93
25841	294	11404	11403	11601	1	198	4	93
25841	295	11397	11396	11595	1	199	3	93
25841	296	11404	11403	11602	1	199	3	93
25841	297	11399	11397	11597	2	200	4	93
25841	298	11401	11400	11599	1	199	3	93
25841	299	11403	11400	11600	3	200	4	93
25841	300	11397	11396	11595	1	199	3	93
25841	301	11404	11403	11602	1	199	3	93
25841	302	11398	11396	11597	2	201	3	93
25841	303	11405	11403	11602	2	199	3	93
25841	304	11398	11395	11597	3	202	4	93
25841	305	11404	11402	11602	2	200	4	93
25841	306	11398	11395	11597	3	202	4	93
25841	307	11404	11402	11602	2	200	4	93
25841	308	11399	11396	11595	3	199	5	93
25841	309	11404	11404	11601	0	197	3	93
25841	310	11398	11396	11595	2	199	3	93
25841	311	11400	11399	11598	1	199	3	93
25841	312	11404	11402	11614	2	212	5	94
25841	313	11398	11396	11596	2	200	3	93
25841	314	11404	11404	11601	0	197	3	93
25841	315	11398	11397	11595	1	198	3	93
25841	316	11404	11403	11600	1	197	3	93
25841	317	11398	11395	11595	3	200	4	93
25841	318	11404	11403	11601	1	198	4	93
25841	319	11400	11397	11598	3	201	5	93
25841	320	11404	11404	11601	0	197	3	93
25841	321	11398	11396	11595	2	199	3	93
25841	322	11403	11402	11601	1	199	3	93
25841	323	11399	11399	11596	0	197	3	93
25841	324	11397	11396	11594	1	198	4	93
25841	325	11407	11404	11605	3	201	4	93
25841	326	11398	11396	11595	2	199	3	93
25841	327	11405	11403	11603	2	200	3	93
25841	328	11398	11396	11595	2	199	3	93
25841	329	11405	11403	11604	2	201	3	93
25841	330	11400	11398	11598	2	200	4	93
25841	331	11404	11404	11601	0	197	3	93
25841	332	11397	11396	11594	1	198	4	93
25841	333	11404	11403	11601	1	198	4	93
25841	334	11398	11397	11596	1	199	3	93
25841	335	11398	11397	11596	1	199	3	93
25841	336	11520	11406	11716	114	310	5	94
25841	337	11397	11396	11595	1	199	3	93
25841	338	11404	11404	11601	0	197	3	93
25841	339	11398	11396	11597	2	201	3	93
25841	340	11404	11404	11601	0	197	3	93
25841	341	11399	11397	11597	2	200	4	93
25841	342	11404	11403	11602	1	199	3	93
25841	343	11397	11396	11594	1	198	4	93
25841	344	11405	11402	11602	3	200	4	93
25841	345	11398	11397	11595	1	198	4	93
25841	346	11398	11396	11603	2	207	5	94
25841	347	11404	11403	11603	1	200	4	93
25841	348	11398	11397	11596	1	199	3	93
25841	349	11404	11404	11601	0	197	3	93
25841	350	11397	11397	11594	0	197	3	93
25841	351	11405	11403	11602	2	199	3	93
25841	352	11400	11397	11599	3	202	4	93
25841	353	11405	11403	11602	2	199	3	93
25841	354	11397	11397	11594	0	197	3	93
25841	355	11404	11403	11601	1	198	4	93
25841	356	11398	11397	11595	1	198	4	93
25841	357	11397	11396	11594	1	198	4	93
25841	358	11407	11403	11602	4	199	5	93
25841	359	11397	11397	11594	0	197	3	93
25841	360	11404	11404	11601	0	197	3	93
25841	361	11397	11397	11594	0	197	3	93
25841	362	11404	11403	11602	1	199	3	93
25841	363	11399	11398	11596	1	198	4	93
25841	364	11405	11404	11602	1	198	3	93
25841	365	11398	11396	11597	2	201	3	93
25841	366	11404	11403	11600	1	197	3	93
25841	367	11399	11399	11596	0	197	3	93
25841	368	11397	11396	11594	1	198	4	93
25841	369	11407	11403	11606	4	203	5	93
25841	370	11397	11396	11595	1	199	3	93
25841	371	11404	11404	11601	0	197	3	93
25841	372	11398	11397	11594	1	197	3	93
25841	373	11404	11404	11601	0	197	3	93
25841	374	11400	11398	11596	2	198	4	93
25841	375	11404	11404	11601	0	197	3	93
25841	376	11398	11396	11597	2	201	3	93
25841	377	11402	11400	11599	2	199	3	93
25841	378	11402	11401	11600	1	199	3	93
25841	379	11397	11396	11594	1	198	4	93
25841	380	11406	11405	11612	1	207	6	94
25841	381	11397	11397	11594	0	197	3	93
25841	382	11404	11404	11601	0	197	3	93
25841	383	11398	11396	11595	2	199	3	93
25841	384	11404	11403	11601	1	198	4	93
25841	385	11400	11397	11599	3	202	4	93
25841	386	11404	11403	11602	1	199	3	93
25841	387	11397	11397	11594	0	197	3	93
25841	388	11398	11396	11593	2	197	3	93
25841	389	11404	11404	11601	0	197	3	93
25841	390	11398	11395	11595	3	200	4	93
25841	391	11406	11404	11604	2	200	4	93
25841	392	11398	11396	11594	2	198	3	93
25841	393	11405	11402	11602	3	200	4	93
25841	394	11397	11395	11595	2	200	4	93
25841	395	11405	11403	11602	2	199	3	93
25841	396	11399	11398	11596	1	198	4	93
25841	397	11402	11401	11598	1	197	3	93
25841	398	11401	11401	11598	0	197	3	93
25841	399	11398	11396	11595	2	199	3	93
25841	400	11405	11403	11602	2	199	3	93
25841	401	11398	11397	11596	1	199	3	93
25841	402	11406	11405	11603	1	198	4	93
25841	403	11398	11397	11594	1	197	3	93
25841	404	11404	11403	11602	1	199	3	93
25841	405	11397	11395	11595	2	200	4	93
25841	406	11404	11402	11602	2	200	4	93
25841	407	11400	11396	11597	4	201	5	93
25841	408	11398	11396	11596	2	200	4	93
25841	409	11404	11404	11601	0	197	3	93
25841	410	11397	11397	11594	0	197	3	93
25841	411	11404	11404	11601	0	197	3	93
25841	412	11398	11396	11597	2	201	3	93
25841	413	11407	11404	11604	3	200	4	93
25841	414	11398	11396	11604	2	208	5	94
25841	415	11405	11403	11602	2	199	3	93
25841	416	11398	11397	11594	1	197	3	93
25841	417	11400	11399	11598	1	199	3	93
25841	418	11405	11403	11602	2	199	5	93
25841	419	11397	11396	11594	1	198	4	93
25841	420	11405	11402	11602	3	200	4	93
25841	421	11398	11396	11597	2	201	3	93
25841	422	11405	11403	11602	2	199	3	93
25841	423	11398	11396	11595	2	199	3	93
25841	424	11406	11404	11604	2	200	4	93
25841	425	11398	11396	11597	2	201	3	93
25841	426	11404	11402	11602	2	200	3	93
25841	427	11400	11400	11597	0	197	3	93
25841	428	11397	11397	11594	0	197	3	93
25841	429	11406	11404	11602	2	198	4	93
25841	430	11398	11396	11596	2	200	4	93
25841	431	11405	11402	11604	3	202	4	93
25841	432	11398	11395	11595	3	200	4	93
25841	433	11405	11402	11604	3	202	4	93
25841	434	11398	11396	11596	2	200	3	93
25841	435	11403	11401	11601	2	200	4	93
25841	436	11403	11400	11602	3	202	4	93
25841	437	11397	11397	11594	0	197	3	93
25841	438	11405	11403	11602	2	199	3	93
25841	439	11398	11396	11597	2	201	3	93
25841	440	11407	11404	11604	3	200	4	93
25841	441	11398	11397	11596	1	199	3	93
25841	442	11404	11404	11601	0	197	3	93
25841	443	11399	11398	11597	1	199	3	93
25841	444	11398	11397	11596	1	199	3	93
25841	445	11404	11403	11600	1	197	3	93
25841	446	11400	11397	11598	3	201	5	93
25841	447	11404	11403	11602	1	199	3	93
25841	448	11397	11397	11598	0	201	5	94
25841	449	11404	11403	11600	1	197	3	93
25841	450	11398	11397	11596	1	199	3	93
25841	451	11398	11396	11594	2	198	4	93
25841	452	11404	11404	11601	0	197	3	93
25841	453	11397	11397	11594	0	197	3	93
25841	454	11404	11403	11602	1	199	3	93
25841	455	11397	11397	11594	0	197	3	93
25841	456	11405	11402	11602	3	200	4	93
25841	457	11400	11397	11599	3	202	4	93
25841	458	11399	11398	11597	1	199	3	93
25841	459	11404	11404	11601	0	197	3	93
25841	460	11398	11397	11595	1	198	3	93
25841	461	11404	11404	11601	0	197	3	93
25841	462	11398	11397	11596	1	199	3	93
25841	463	11404	11404	11601	0	197	3	93
25841	464	11398	11397	11596	1	199	3	93
25841	465	11403	11402	11601	1	199	3	93
25841	466	11400	11400	11597	0	197	3	93
25841	467	11398	11396	11594	2	198	4	93
25841	468	11407	11404	11602	3	198	4	93
25841	469	11398	11397	11596	1	199	3	93
25841	470	11404	11403	11602	1	199	3	93
25841	471	11397	11397	11594	0	197	3	93
25841	472	11405	11403	11602	2	199	3	93
25841	473	11399	11397	11596	2	199	3	93
25841	474	11398	11396	11595	2	199	3	93
25841	475	11405	11403	11602	2	199	3	93
25841	476	11397	11397	11594	0	197	3	93
25841	477	11404	11404	11601	0	197	3	93
25841	478	11398	11396	11594	2	198	4	93
25841	479	11406	11405	11603	1	198	4	93
25841	480	11398	11396	11594	2	198	4	93
25841	481	11399	11396	11596	3	200	4	93
25841	482	11406	11404	11604	2	200	4	93
25841	483	11401	11399	11598	2	199	4	93
25841	484	11409	11405	11608	4	203	4	93
25841	485	11400	11398	11597	2	199	4	93
25841	486	11405	11403	11603	2	200	3	93
25841	487	11398	11397	11596	1	199	3	93
25841	488	11401	11400	11599	1	199	3	93
25841	489	11402	11402	11599	0	197	3	93
25841	490	11400	11396	11599	4	203	5	93
25841	491	11404	11404	11601	0	197	3	93
25841	492	11398	11397	11596	1	199	3	93
25841	493	11404	11404	11601	0	197	3	93
25841	494	11397	11396	11594	1	198	4	93
25841	495	11404	11402	11602	2	200	4	93
25841	496	11399	11398	11597	1	199	3	93
25841	497	11398	11397	11594	1	197	3	93
25841	498	11405	11403	11604	2	201	3	93
25841	499	11398	11395	11597	3	202	4	93
25841	500	11405	11403	11602	2	199	3	93
25841	501	11400	11398	11598	2	200	4	93
25841	502	11405	11403	11602	2	199	3	93
25841	503	11398	11397	11596	1	199	3	93
25841	504	11397	11397	11594	0	197	3	93
25841	505	11404	11402	11602	2	200	4	93
25841	506	11398	11397	11596	1	199	3	93
25841	507	11407	11404	11606	3	202	4	93
25841	508	11397	11397	11594	0	197	3	93
25841	509	11404	11402	11602	2	200	4	93
25841	510	11398	11395	11597	3	202	4	93
25841	511	11400	11399	11596	1	197	3	93
25841	512	11406	11403	11604	3	201	5	93
25841	513	11398	11397	11596	1	199	3	93
25841	514	11404	11403	11601	1	198	4	93
25841	515	11398	11396	11595	2	199	4	93
25841	516	11404	11404	11601	0	197	3	93
25841	517	11398	11397	11604	1	207	5	94
25841	518	11405	11404	11602	1	198	4	93
25841	519	11399	11397	11597	2	200	4	93
25841	520	11398	11396	11596	2	200	4	93
25841	521	11405	11403	11602	2	199	3	93
25841	522	11398	11396	11596	2	200	4	93
25841	523	11407	11404	11606	3	202	4	93
25841	524	11397	11397	11594	0	197	3	93
25841	525	11404	11403	11601	1	198	4	93
25841	526	11398	11396	11593	2	197	3	93
25841	527	11397	11396	11594	1	198	4	93
25841	528	11405	11402	11604	3	202	4	93
25841	529	11400	11397	11598	3	201	5	93
25841	530	11404	11403	11600	1	197	3	93
25841	531	11398	11396	11597	2	201	3	93
25841	532	11404	11404	11601	0	197	3	93
25841	533	11398	11397	11596	1	199	3	93
25841	534	11401	11398	11599	3	201	5	93
25841	535	11404	11403	11602	1	199	3	93
25841	536	11397	11396	11594	1	198	4	93
25841	537	11405	11402	11602	3	200	4	93
25841	538	11398	11396	11595	2	199	4	93
25841	539	11405	11402	11604	3	202	4	93
25841	540	11400	11398	11597	2	199	4	93
25841	541	11403	11403	11600	0	197	3	93
25841	542	11400	11399	11598	1	199	3	93
25841	543	11398	11397	11596	1	199	3	93
25841	544	11404	11402	11602	2	200	4	93
25841	545	11400	11397	11597	3	200	4	93
25841	546	11405	11403	11604	2	201	3	93
25841	547	11398	11397	11596	1	199	3	93
25841	548	11405	11403	11602	2	199	3	93
25841	549	11398	11397	11595	1	198	3	93
25841	550	11398	11396	11595	2	199	3	93
25841	551	11406	11403	11608	3	205	7	94
25841	552	11398	11396	11594	2	198	4	93
25841	553	11405	11403	11604	2	201	3	93
25841	554	11398	11397	11594	1	197	3	93
25841	555	11404	11404	11601	0	197	3	93
25841	556	11397	11397	11596	0	199	3	93
25841	557	11400	11399	11596	1	197	3	93
25841	558	11404	11402	11600	2	198	4	93
25841	559	11398	11397	11596	1	199	3	93
25841	560	11404	11404	11601	0	197	3	93
25841	561	11398	11396	11597	2	201	3	93
25841	562	11406	11404	11604	2	200	4	93
25841	563	11399	11396	11596	3	200	4	93
25841	564	11400	11399	11596	1	197	3	93
25841	565	11404	11402	11601	2	199	3	93
25841	566	11398	11397	11596	1	199	3	93
25841	567	11404	11404	11603	0	199	3	93
25841	568	11399	11396	11598	3	202	4	93
25841	569	11404	11403	11602	1	199	3	93
25841	570	11398	11396	11596	2	200	4	93
25841	571	11398	11397	11594	1	197	3	93
25841	572	11404	11403	11601	1	198	4	93
25841	573	11400	11397	11598	3	201	5	93
25841	574	11404	11403	11602	1	199	3	93
25841	575	11398	11396	11594	2	198	4	93
25841	576	11401	11400	11599	1	199	3	93
25841	577	11403	11401	11602	2	201	3	93
25841	578	11398	11396	11594	2	198	4	93
25841	579	11405	11403	11604	2	201	3	93
25841	580	11398	11397	11594	1	197	3	93
25841	581	11404	11403	11602	1	199	3	93
25841	582	11398	11397	11596	1	199	3	93
25841	583	11398	11396	11596	2	200	3	93
25841	584	11406	11404	11602	2	198	4	93
25841	585	11399	11396	11596	3	200	4	93
25841	586	11404	11403	11601	1	198	4	93
25841	587	11398	11398	11595	0	197	3	93
25841	588	11403	11402	11599	1	197	3	93
25841	589	11402	11399	11599	3	200	4	93
25841	590	11398	11396	11596	2	200	4	93
25841	591	11405	11403	11604	2	201	3	93
25841	592	11397	11397	11594	0	197	3	93
25841	593	11405	11402	11602	3	200	4	93
25841	594	11398	11397	11594	1	197	3	93
25841	595	11399	11398	11596	1	198	4	93
25841	596	11405	11402	11601	3	199	3	93
25841	597	11398	11397	11596	1	199	3	93
25841	598	11405	11402	11603	3	201	4	93
25841	599	11398	11397	11596	1	199	3	93
25841	600	11405	11403	11602	2	199	3	93
25841	601	11399	11398	11597	1	199	3	93
25841	602	11398	11397	11596	1	199	3	93
25841	603	11405	11402	11602	3	200	4	93
25841	604	11398	11396	11596	2	200	4	93
25841	605	11404	11403	11602	1	199	3	93
25841	606	11400	11398	11598	2	200	4	93
25841	607	11400	11399	11598	1	199	3	93
25841	608	11404	11403	11602	1	199	3	93
25841	609	11398	11396	11596	2	200	4	93
25841	610	11404	11404	11601	0	197	3	93
25841	611	11398	11397	11596	1	199	3	93
25841	612	11404	11403	11601	1	198	4	93
25841	613	11399	11397	11597	2	200	4	93
25841	614	11398	11396	11594	2	198	4	93
25841	615	11405	11403	11604	2	201	3	93
25841	616	11398	11397	11594	1	197	3	93
25841	617	11406	11405	11603	1	198	4	93
25841	618	11399	11396	11596	3	200	4	93
25841	619	11398	11396	11596	2	200	4	93
25841	620	11405	11403	11602	2	199	3	93
25841	621	11398	11397	11594	1	197	3	93
25841	622	11405	11403	11602	2	199	3	93
25841	623	11399	11396	11596	3	200	4	93
25841	624	11404	11401	11601	3	200	4	93
25841	625	11400	11398	11599	2	201	3	93
25841	626	11398	11397	11596	1	199	3	93
25841	627	11404	11403	11602	1	199	3	93
25841	628	11400	11398	11598	2	200	4	93
25841	629	11404	11402	11602	2	200	4	93
25841	630	11398	11397	11596	1	199	3	93
25841	631	11399	11397	11596	2	199	3	93
25841	632	11404	11404	11601	0	197	3	93
25841	633	11398	11396	11596	2	200	4	93
25841	634	11404	11402	11602	2	200	4	93
25841	635	11398	11397	11595	1	198	3	93
25841	636	11402	11402	11599	0	197	3	93
25841	637	11402	11401	11598	1	197	3	93
25841	638	11398	11397	11596	1	199	3	93
25841	639	11406	11404	11603	2	199	5	93
25841	640	11398	11397	11594	1	197	3	93
25841	641	11405	11404	11603	1	199	3	93
25841	642	11398	11397	11596	1	199	3	93
25841	643	11398	11397	11594	1	197	3	93
25841	644	11405	11402	11603	3	201	4	93
25841	645	11398	11397	11595	1	198	4	93
25841	646	11405	11403	11602	2	199	3	93
25841	647	11398	11397	11596	1	199	3	93
25841	648	11402	11402	11599	0	197	3	93
25841	649	11401	11399	11599	2	200	4	93
25841	650	11400	11398	11598	2	200	4	93
25841	651	11404	11404	11601	0	197	3	93
25841	652	11398	11397	11595	1	198	3	93
25841	653	11405	11403	11602	2	199	3	93
25841	654	11398	11397	11595	1	198	4	93
25841	655	11399	11397	11596	2	199	3	93
25841	656	11404	11403	11602	1	199	3	93
25841	657	11398	11397	11596	1	199	3	93
25841	658	11404	11404	11601	0	197	3	93
25841	659	11398	11398	11595	0	197	3	93
25841	660	11403	11400	11602	3	202	4	93
25841	661	11404	11402	11602	2	200	4	93
25841	662	11398	11397	11594	1	197	3	93
25841	663	11404	11404	11601	0	197	3	93
25841	664	11399	11397	11596	2	199	3	93
25841	665	11404	11404	11601	0	197	3	93
25841	666	11398	11397	11596	1	199	3	93
25841	667	11398	11398	11595	0	197	3	93
25841	668	11404	11404	11601	0	197	3	93
25841	669	11399	11397	11596	2	199	3	93
25841	670	11404	11404	11601	0	197	3	93
25841	671	11398	11397	11596	1	199	3	93
25841	672	11405	11402	11604	3	202	4	93
25841	673	11402	11400	11600	2	200	4	93
25841	674	11398	11396	11593	2	197	3	93
25841	675	11405	11402	11601	3	199	4	93
25841	676	11398	11397	11595	1	198	3	93
25841	677	11405	11403	11604	2	201	3	93
25841	678	11398	11396	11596	2	200	4	93
25841	679	11398	11396	11596	2	200	4	93
25841	680	11405	11402	11602	3	200	4	93
25841	681	11398	11397	11596	1	199	3	93
25841	682	11405	11402	11604	3	202	4	93
25841	683	11400	11397	11598	3	201	5	93
25841	684	11404	11403	11600	1	197	3	93
25841	685	11399	11398	11597	1	199	3	93
25841	686	11398	11397	11596	1	199	3	93
25841	687	11404	11404	11601	0	197	3	93
25841	688	11399	11397	11594	2	197	3	93
25841	689	11406	11403	11604	3	201	5	93
25841	690	11398	11396	11596	2	200	4	93
25841	691	11400	11399	11598	1	199	3	93
25841	692	11404	11403	11602	1	199	3	93
25841	693	11398	11397	11594	1	197	3	93
25841	694	11406	11404	11603	2	199	5	93
25841	695	11398	11398	11595	0	197	3	93
25841	696	11404	11404	11601	0	197	3	93
25841	697	11399	11397	11596	2	199	3	93
25841	698	11398	11397	11594	1	197	3	93
25841	699	11404	11403	11602	1	199	3	93
25841	700	11401	11398	11598	3	200	4	93
25841	701	11405	11402	11602	3	200	4	93
25841	702	11397	11396	11594	1	198	4	93
25841	703	11402	11400	11600	2	200	4	93
25841	704	11402	11400	11599	2	199	3	93
25841	705	11401	11398	11598	3	200	4	93
25841	706	11404	11404	11601	0	197	3	93
25841	707	11398	11397	11596	1	199	3	93
25841	708	11404	11403	11602	1	199	3	93
25841	709	11398	11397	11596	1	199	3	93
25841	710	11398	11397	11596	1	199	3	93
25841	711	11407	11404	11606	3	202	4	93
25841	712	11398	11396	11596	2	200	4	93
25841	713	11404	11402	11600	2	198	4	93
25841	714	11398	11396	11596	2	200	4	93
25841	715	11405	11403	11602	2	199	3	93
25841	716	11402	11399	11599	3	200	4	93
25841	717	11398	11397	11596	1	199	3	93
25841	718	11404	11403	11602	1	199	3	93
25841	719	11398	11397	11595	1	198	4	93
25841	720	11405	11403	11604	2	201	3	93
25841	721	11397	11397	11594	0	197	3	93
25841	722	11401	11400	11598	1	198	4	93
25841	723	11405	11403	11604	2	201	3	93
25841	724	11398	11396	11594	2	198	4	93
25841	725	11405	11402	11602	3	200	4	93
25841	726	11398	11396	11596	2	200	4	93
25841	727	11406	11405	11603	1	198	4	93
25841	728	11398	11398	11595	0	197	3	93
25841	729	11398	11396	11595	2	199	3	93
25841	730	11405	11404	11603	1	199	3	93
25841	731	11398	11397	11596	1	199	3	93
25841	732	11405	11403	11602	2	199	3	93
25841	733	11400	11398	11596	2	198	4	93
25841	734	11404	11403	11602	1	199	3	93
25841	735	11400	11398	11598	2	200	4	93
25841	736	11398	11396	11596	2	200	4	93
25841	737	11404	11403	11602	1	199	3	93
25841	738	11400	11399	11597	1	198	4	93
25841	739	11404	11404	11601	0	197	3	93
25841	740	11399	11397	11594	2	197	3	93
25841	741	11399	11398	11596	1	198	3	93
25841	742	11404	11403	11602	1	199	3	93
25841	743	11398	11397	11596	1	199	3	93
25841	744	11407	11404	11604	3	200	4	93
25841	745	11397	11397	11594	0	197	3	93
25841	746	11404	11403	11601	1	198	4	93
25841	747	11398	11396	11596	2	200	4	93
25841	748	11397	11396	11594	1	198	4	93
25841	749	11406	11404	11603	2	199	5	93
25841	750	11398	11398	11595	0	197	3	93
25841	751	11404	11404	11601	0	197	3	93
25841	752	11398	11397	11596	1	199	3	93
25841	753	11404	11402	11602	2	200	4	93
25841	754	11400	11399	11598	1	199	3	93
25841	755	11401	11398	11597	3	199	4	93
25841	756	11404	11403	11602	1	199	3	93
25841	757	11398	11397	11596	1	199	3	93
25841	758	11405	11402	11602	3	200	4	93
25841	759	11398	11396	11596	2	200	4	93
25841	760	11402	11400	11600	2	200	4	93
25841	761	11404	11403	11602	1	199	3	93
25841	762	11398	11396	11597	2	201	3	93
25841	763	11405	11403	11604	2	201	3	93
25841	764	11399	11397	11595	2	198	3	93
25841	765	11405	11403	11604	2	201	3	93
25841	766	11400	11397	11598	3	201	5	93
25841	767	11398	11397	11596	1	199	3	93
25841	768	11404	11403	11602	1	199	3	93
25841	769	11397	11396	11594	1	198	4	93
25841	770	11405	11402	11602	3	200	4	93
25841	771	11400	11397	11598	3	201	5	93
25841	772	11404	11403	11601	1	198	4	93
25841	773	11399	11397	11598	2	201	3	93
25841	774	11398	11397	11596	1	199	3	93
25841	775	11405	11403	11604	2	201	3	93
25841	776	11398	11397	11596	1	199	3	93
25841	777	11406	11404	11604	2	200	4	93
25841	778	11398	11397	11596	1	199	3	93
25841	779	11401	11399	11598	2	199	3	93
25841	780	11404	11403	11602	1	199	3	93
25841	781	11398	11398	11595	0	197	3	93
25841	782	11406	11404	11603	2	199	5	93
25841	783	11399	11397	11596	2	199	3	93
25841	784	11398	11397	11596	1	199	3	93
25841	785	11404	11403	11600	1	197	3	93
25841	786	11399	11397	11598	2	201	3	93
25841	787	11404	11404	11601	0	197	3	93
25841	788	11400	11397	11598	3	201	5	93
25841	789	11398	11396	11596	2	200	4	93
25841	790	11404	11404	11601	0	197	3	93
25841	791	11399	11398	11595	1	197	3	93
25841	792	11405	11404	11603	1	199	3	93
25841	793	11401	11397	11598	4	201	5	93
25841	794	11398	11396	11596	2	200	4	93
25841	795	11405	11403	11602	2	199	3	93
25841	796	11399	11397	11596	2	199	3	93
25841	797	11403	11403	11600	0	197	3	93
25841	798	11401	11399	11600	2	201	3	93
25841	799	11400	11398	11597	2	199	5	93
25841	800	11405	11403	11602	2	199	3	93
25841	801	11398	11397	11595	1	198	4	93
25841	802	11401	11399	11598	2	199	3	93
25841	803	11404	11402	11600	2	198	4	93
25841	804	11399	11397	11598	2	201	3	93
25841	805	11405	11403	11602	2	199	3	93
25841	806	11399	11397	11596	2	199	3	93
25841	807	11398	11397	11596	1	199	3	93
25841	808	11404	11403	11600	1	197	3	93
25841	809	11399	11397	11598	2	201	3	93
25841	810	11406	11404	11604	2	200	4	93
25841	811	11398	11397	11596	1	199	3	93
25841	812	11398	11398	11595	0	197	3	93
25841	813	11404	11403	11601	1	198	4	93
25841	814	11399	11396	11596	3	200	4	93
25841	815	11404	11403	11602	1	199	3	93
25841	816	11398	11397	11596	1	199	3	93
25841	817	11398	11398	11595	0	197	3	93
25841	818	11405	11403	11604	2	201	3	93
25841	819	11399	11397	11596	2	199	3	93
25841	820	11404	11404	11601	0	197	3	93
25841	821	11401	11398	11598	3	200	4	93
25841	822	11398	11398	11595	0	197	3	93
25841	823	11404	11403	11601	1	198	4	93
25841	824	11398	11396	11596	2	200	4	93
25841	825	11403	11403	11600	0	197	3	93
25841	826	11401	11400	11599	1	199	3	93
25841	827	11398	11398	11595	0	197	3	93
25841	828	11404	11403	11602	1	199	3	93
25841	829	11398	11397	11596	1	199	3	93
25841	830	11400	11400	11597	0	197	3	93
25841	831	11404	11403	11602	1	199	3	93
25841	832	11400	11398	11598	2	200	4	93
25841	833	11405	11403	11604	2	201	3	93
25841	834	11399	11396	11598	3	202	4	93
25841	835	11399	11397	11595	2	198	4	93
25841	836	11405	11402	11602	3	200	4	93
25841	837	11399	11397	11594	2	197	3	93
25841	838	11407	11404	11606	3	202	4	93
25841	839	11398	11397	11596	1	199	3	93
25841	840	11398	11397	11596	1	199	3	93
25841	841	11405	11403	11602	2	199	3	93
25841	842	11398	11397	11596	1	199	3	93
25841	843	11406	11404	11603	2	199	5	93
25841	844	11398	11397	11595	1	198	4	93
25841	845	11398	11396	11594	2	198	4	93
25841	846	11404	11404	11601	0	197	3	93
25841	847	11399	11397	11594	2	197	3	93
25841	848	11404	11404	11601	0	197	3	93
25841	849	11401	11397	11600	4	203	5	93
25841	850	11398	11396	11596	2	200	4	93
25841	851	11405	11403	11602	2	199	3	93
25841	852	11399	11397	11596	2	199	3	93
25841	853	11404	11403	11602	1	199	3	93
25841	854	11400	11398	11598	2	200	4	93
25841	855	11398	11396	11594	2	198	4	93
25841	856	11405	11403	11602	2	199	3	93
25841	857	11399	11397	11598	2	201	3	93
25841	858	11404	11404	11601	0	197	3	93
25841	859	11398	11397	11595	1	198	4	93
25841	860	11400	11397	11598	3	201	5	93
25841	861	11404	11404	11601	0	197	3	93
25841	862	11398	11398	11595	0	197	3	93
25841	863	11404	11403	11600	1	197	3	93
25841	864	11399	11396	11596	3	200	4	93
25841	865	11400	11398	11597	2	199	5	93
25841	866	11404	11403	11601	1	198	4	93
25841	867	11398	11397	11595	1	198	4	93
25841	868	11404	11404	11601	0	197	3	93
25841	869	11401	11400	11599	1	199	3	93
25841	870	11399	11397	11598	2	201	3	93
25841	871	11406	11404	11604	2	200	4	93
25841	872	11399	11397	11596	2	199	3	93
25841	873	11402	11402	11599	0	197	3	93
25841	874	11402	11399	11597	3	198	4	93
25841	875	11399	11397	11596	2	199	3	93
25841	876	11407	11405	11603	2	198	4	93
25841	877	11398	11397	11595	1	198	4	93
25841	878	11402	11400	11599	2	199	3	93
25841	879	11403	11402	11601	1	199	3	93
25841	880	11398	11398	11595	0	197	3	93
25841	881	11405	11403	11602	2	199	3	93
25841	882	11400	11398	11598	2	200	4	93
25841	883	11399	11398	11597	1	199	3	93
25841	884	11405	11403	11602	2	199	3	93
25841	885	11398	11397	11596	1	199	3	93
25841	886	11404	11402	11602	2	200	4	93
25841	887	11400	11397	11597	3	200	5	93
25841	888	11399	11398	11597	1	199	3	93
25841	889	11404	11404	11601	0	197	3	93
25841	890	11399	11397	11596	2	199	3	93
25841	891	11404	11403	11602	1	199	3	93
25841	892	11398	11397	11596	1	199	3	93
25841	893	11400	11398	11598	2	200	4	93
25841	894	11405	11403	11602	2	199	3	93
25841	895	11398	11396	11596	2	200	4	93
25841	896	11405	11403	11602	2	199	3	93
25841	897	11398	11397	11596	1	199	3	93
25841	898	11400	11397	11598	3	201	5	93
25841	899	11404	11402	11602	2	200	4	93
25841	900	11398	11396	11596	2	200	4	93
25841	901	11405	11403	11603	2	200	3	93
25841	902	11398	11397	11596	1	199	3	93
25841	903	11398	11397	11594	1	197	3	93
25841	904	11406	11404	11604	2	200	4	93
25841	905	11398	11396	11594	2	198	4	93
25841	906	11405	11403	11602	2	199	3	93
25841	907	11398	11397	11596	1	199	3	93
25841	908	11399	11397	11596	2	199	3	93
25841	909	11405	11403	11604	2	201	3	93
25841	910	11398	11397	11595	1	198	4	93
25841	911	11404	11402	11602	2	200	4	93
25841	912	11398	11398	11595	0	197	3	93
25841	913	11398	11398	11595	0	197	3	93
25841	914	11404	11403	11602	1	199	3	93
25841	915	11400	11397	11598	3	201	5	93
25841	916	11405	11402	11604	3	202	4	93
25841	917	11399	11397	11594	2	197	3	93
25841	918	11398	11397	11596	1	199	3	93
25841	919	11404	11403	11602	1	199	3	93
25841	920	11399	11397	11597	2	200	4	93
25841	921	11405	11403	11603	2	200	4	93
25841	922	11398	11397	11596	1	199	3	93
25841	923	11398	11398	11595	0	197	3	93
25841	924	11405	11403	11602	2	199	3	93
25841	925	11399	11397	11598	2	201	3	93
25841	926	11406	11404	11603	2	199	5	93
25841	927	11398	11398	11595	0	197	3	93
25841	928	11398	11397	11595	1	198	4	93
25841	929	11404	11404	11601	0	197	3	93
25841	930	11398	11397	11596	1	199	3	93
25841	931	11406	11403	11602	3	199	5	93
25841	932	11398	11398	11595	0	197	3	93
25841	933	11398	11398	11595	0	197	3	93
25841	934	11405	11403	11602	2	199	3	93
25841	935	11398	11397	11596	1	199	3	93
25841	936	11405	11402	11602	3	200	4	93
25841	937	11400	11399	11597	1	198	4	93
25841	938	11398	11398	11595	0	197	3	93
25841	939	11404	11403	11602	1	199	3	93
25841	940	11398	11397	11596	1	199	3	93
25841	941	11405	11402	11602	3	200	4	93
25841	942	11398	11396	11596	2	200	4	93
25841	943	11398	11397	11594	1	197	3	93
25841	944	11404	11404	11601	0	197	3	93
25841	945	11398	11397	11596	1	199	3	93
25841	946	11405	11402	11602	3	200	4	93
25841	947	11398	11396	11596	2	200	4	93
25841	948	11400	11398	11598	2	200	4	93
25841	949	11404	11403	11602	1	199	3	93
25841	950	11398	11397	11596	1	199	3	93
25841	951	11405	11403	11604	2	201	3	93
25841	952	11399	11396	11598	3	202	4	93
25841	953	11398	11398	11595	0	197	3	93
25841	954	11404	11403	11600	1	197	3	93
25841	955	11399	11398	11597	1	199	3	93
25841	956	11404	11403	11602	1	199	3	93
25841	957	11400	11398	11598	2	200	4	93
25841	958	11398	11397	11595	1	198	4	93
25841	959	11406	11404	11603	2	199	5	93
25841	960	11399	11397	11597	2	200	3	93
25841	961	11399	11397	11598	2	201	3	93
25841	962	11404	11403	11602	1	199	3	93
25841	963	11398	11397	11595	1	198	4	93
25841	964	11403	11403	11600	0	197	3	93
25841	965	11401	11401	11598	0	197	3	93
25841	966	11398	11397	11596	1	199	3	93
25841	967	11404	11403	11600	1	197	3	93
25841	968	11398	11397	11595	1	198	4	93
25841	969	11399	11397	11596	2	199	3	93
25841	970	11406	11405	11603	1	198	4	93
25841	971	11398	11397	11596	1	199	3	93
25841	972	11402	11400	11601	2	201	3	93
25841	973	11403	11402	11601	1	199	3	93
25841	974	11399	11397	11596	2	199	3	93
25841	975	11405	11403	11604	2	201	3	93
25841	976	11398	11398	11595	0	197	3	93
25841	977	11399	11397	11598	2	201	3	93
25841	978	11405	11402	11604	3	202	4	93
25841	979	11399	11397	11597	2	200	4	93
25841	980	11401	11401	11598	0	197	3	93
25841	981	11405	11403	11603	2	200	4	93
25841	982	11398	11397	11596	1	199	3	93
25841	983	11404	11403	11602	1	199	3	93
25841	984	11398	11397	11596	1	199	3	93
25841	985	11399	11397	11598	2	201	3	93
25841	986	11404	11404	11601	0	197	3	93
25841	987	11398	11398	11595	0	197	3	93
25841	988	11400	11400	11597	0	197	3	93
25841	989	11404	11401	11603	3	202	4	93
25841	990	11399	11396	11596	3	200	4	93
25841	991	11404	11404	11601	0	197	3	93
25841	992	11400	11398	11598	2	200	4	93
25841	993	11399	11398	11595	1	197	3	93
25841	994	11404	11403	11602	1	199	3	93
25841	995	11398	11396	11596	2	200	4	93
25841	996	11402	11400	11600	2	200	3	93
25841	997	11403	11401	11602	2	201	3	93
25841	998	11399	11397	11596	2	199	3	93
25841	999	11404	11404	11601	0	197	3	93
25841	1000	11399	11396	11596	3	200	4	93
