RUNID	ITERNUM	METIME	PRTIME	TPRTIME	DIFF	TDIFF	NRPROCS	NPROCS
25901	1	11774	11772	11971	2	199	3	93
25901	2	11780	11779	11978	1	199	3	93
25901	3	11776	11774	11974	2	200	4	93
25901	4	11774	11773	11972	1	199	3	93
25901	5	11780	11779	11978	1	199	3	93
25901	6	11774	11773	11972	1	199	3	93
25901	7	11780	11778	11978	2	200	4	93
25901	8	11776	11773	11974	3	201	5	93
25901	9	11773	11773	11970	0	197	3	93
25901	10	11780	11779	11978	1	199	3	93
25901	11	11774	11773	11972	1	199	3	93
25901	12	11782	11781	11979	1	198	4	93
25901	13	11774	11772	11971	2	199	3	93
25901	14	11774	11773	11972	1	199	3	93
25901	15	11780	11779	11978	1	199	3	93
25901	16	11774	11773	11972	1	199	3	93
25901	17	11782	11780	11980	2	200	4	93
25901	18	11774	11772	11970	2	198	4	93
25901	19	11774	11773	11972	1	199	3	93
25901	20	11780	11779	11977	1	198	4	93
25901	21	11774	11773	11972	1	199	3	93
25901	22	11780	11779	11978	1	199	3	93
25901	23	11774	11773	11970	1	197	3	93
25901	24	11774	11773	11970	1	197	3	93
25901	25	11780	11779	11978	1	199	3	93
25901	26	11776	11773	11973	3	200	4	93
25901	27	11780	11779	11978	1	199	3	93
25901	28	11773	11773	11970	0	197	3	93
25901	29	11774	11773	11971	1	198	4	93
25901	30	11781	11778	11979	3	201	4	93
25901	31	11776	11774	11974	2	200	4	93
25901	32	11780	11779	11977	1	198	4	93
25901	33	11774	11772	11973	2	201	3	93
25901	34	11774	11773	11972	1	199	3	93
25901	35	11783	11780	11978	3	198	4	93
25901	36	11773	11773	11970	0	197	3	93
25901	37	11780	11779	11978	1	199	3	93
25901	38	11773	11773	11970	0	197	3	93
25901	39	11774	11774	11971	0	197	3	93
25901	40	11782	11781	11979	1	198	4	93
25901	41	11774	11772	11971	2	199	3	93
25901	42	11780	11778	11978	2	200	4	93
25901	43	11774	11772	11970	2	198	4	93
25901	44	11774	11773	11970	1	197	3	93
25901	45	11780	11779	11978	1	199	3	93
25901	46	11774	11773	11972	1	199	3	93
25901	47	11780	11779	11976	1	197	3	93
25901	48	11774	11773	11972	1	199	3	93
25901	49	11776	11774	11974	2	200	4	93
25901	50	11780	11779	11978	1	199	3	93
25901	51	11774	11772	11972	2	200	4	93
25901	52	11780	11778	11976	2	198	4	93
25901	53	11775	11773	11972	2	199	3	93
25901	54	11776	11774	11972	2	198	4	93
25901	55	11780	11779	11978	1	199	3	93
25901	56	11774	11772	11972	2	200	4	93
25901	57	11780	11778	11978	2	200	4	93
25901	58	11776	11774	11974	2	200	4	93
25901	59	11774	11772	11973	2	201	3	93
25901	60	11780	11780	11977	0	197	3	93
25901	61	11774	11773	11972	1	199	3	93
25901	62	11780	11778	11976	2	198	4	93
25901	63	11776	11773	11974	3	201	5	93
25901	64	11774	11772	11970	2	198	4	93
25901	65	11780	11778	11978	2	200	4	93
25901	66	11774	11773	11972	1	199	3	93
25901	67	11780	11779	11978	1	199	3	93
25901	68	11774	11773	11972	1	199	3	93
25901	69	11774	11773	11970	1	197	3	93
25901	70	11780	11779	11978	1	199	3	93
25901	71	11774	11773	11972	1	199	3	93
25901	72	11782	11780	11980	2	200	4	93
25901	73	11774	11772	11972	2	200	4	93
25901	74	11774	11772	11972	2	200	4	93
25901	75	11780	11779	11976	1	197	3	93
25901	76	11774	11773	11972	1	199	3	93
25901	77	11782	11780	11978	2	198	4	93
25901	78	11774	11773	11972	1	199	3	93
25901	79	11774	11773	11970	1	197	3	93
25901	80	11780	11779	11978	1	199	3	93
25901	81	11776	11773	11975	3	202	4	93
25901	82	11780	11778	11976	2	198	4	93
25901	83	11775	11773	11974	2	201	3	93
25901	84	11774	11772	11972	2	200	4	93
25901	85	11780	11779	11977	1	198	4	93
25901	86	11776	11773	11974	3	201	5	93
25901	87	11780	11779	11976	1	197	3	93
25901	88	11775	11774	11973	1	199	3	93
25901	89	11773	11772	11970	1	198	4	93
25901	90	11780	11777	11976	3	199	4	93
25901	91	11774	11773	11972	1	199	3	93
25901	92	11780	11779	11978	1	199	3	93
25901	93	11774	11774	11971	0	197	3	93
25901	94	11773	11773	11970	0	197	3	93
25901	95	11782	11779	11980	3	201	5	93
25901	96	11774	11773	11972	1	199	3	93
25901	97	11780	11780	11977	0	197	3	93
25901	98	11775	11774	11971	1	197	3	93
25901	99	11774	11771	11973	3	202	4	93
25901	100	11782	11779	11980	3	201	5	93
25901	101	11774	11772	11973	2	201	3	93
25901	102	11780	11779	11978	1	199	3	93
25901	103	11776	11774	11973	2	199	3	93
25901	104	11776	11774	11974	2	200	4	93
25901	105	11780	11779	11978	1	199	3	93
25901	106	11774	11772	11971	2	199	4	93
25901	107	11780	11778	11977	2	199	3	93
25901	108	11776	11774	11973	2	199	3	93
25901	109	11776	11774	11972	2	198	4	93
25901	110	11780	11779	11978	1	199	3	93
25901	111	11774	11772	11971	2	199	4	93
25901	112	11779	11779	11976	0	197	3	93
25901	113	11776	11775	11974	1	199	3	93
25901	114	11774	11773	11972	1	199	3	93
25901	115	11781	11779	11978	2	199	3	93
25901	116	11773	11772	11970	1	198	4	93
25901	117	11779	11778	11977	1	199	3	93
25901	118	11778	11777	11975	1	198	4	93
25901	119	11774	11773	11972	1	199	3	93
25901	120	11781	11779	11978	2	199	3	93
25901	121	11773	11771	11971	2	200	4	93
25901	122	11778	11776	11975	2	199	3	93
25901	123	11780	11778	11978	2	200	4	93
25901	124	11774	11772	11971	2	199	3	93
25901	125	11780	11779	11978	1	199	3	93
25901	126	11774	11771	11973	3	202	4	93
25901	127	11780	11777	11977	3	200	4	93
25901	128	11778	11778	11975	0	197	3	93
25901	129	11774	11772	11972	2	200	4	93
25901	130	11780	11779	11978	1	199	3	93
25901	131	11773	11773	11970	0	197	3	93
25901	132	11779	11777	11975	2	198	4	93
25901	133	11778	11778	11975	0	197	3	93
25901	134	11774	11771	11971	3	200	4	93
25901	135	11780	11779	11978	1	199	3	93
25901	136	11774	11773	11970	1	197	3	93
25901	137	11777	11776	11973	1	197	3	93
25901	138	11779	11778	11977	1	199	3	93
25901	139	11774	11771	11973	3	202	4	93
25901	140	11780	11779	11976	1	197	3	93
25901	141	11776	11774	11972	2	198	4	93
25901	142	11777	11776	11975	1	199	3	93
25901	143	11779	11778	11975	1	197	3	93
25901	144	11774	11771	11973	3	202	4	93
25901	145	11780	11780	11977	0	197	3	93
25901	146	11776	11774	11974	2	200	4	93
25901	147	11776	11776	11973	0	197	3	93
25901	148	11778	11778	11975	0	197	3	93
25901	149	11774	11771	11971	3	200	4	93
25901	150	11781	11779	11981	2	202	3	93
25901	151	11774	11773	11972	1	199	3	93
25901	152	11777	11775	11974	2	199	3	93
25901	153	11779	11779	11976	0	197	3	93
25901	154	11774	11772	11970	2	198	4	93
25901	155	11782	11781	11979	1	198	4	93
25901	156	11774	11773	11972	1	199	3	93
25901	157	11775	11775	11972	0	197	3	93
25901	158	11780	11778	11978	2	200	4	93
25901	159	11774	11771	11973	3	202	4	93
25901	160	11780	11779	11978	1	199	3	93
25901	161	11774	11773	11971	1	198	3	93
25901	162	11774	11774	11971	0	197	3	93
25901	163	11780	11779	11978	1	199	3	93
25901	164	11776	11773	11972	3	199	5	93
25901	165	11781	11779	11978	2	199	3	93
25901	166	11774	11773	11972	1	199	3	93
25901	167	11774	11773	11972	1	199	3	93
25901	168	11781	11778	11977	3	199	4	93
25901	169	11775	11773	11972	2	199	5	93
25901	170	11780	11779	11978	1	199	3	93
25901	171	11774	11773	11972	1	199	3	93
25901	172	11774	11773	11971	1	198	3	93
25901	173	11782	11780	11978	2	198	4	93
25901	174	11774	11771	11971	3	200	4	93
25901	175	11780	11779	11977	1	198	3	93
25901	176	11774	11773	11972	1	199	3	93
25901	177	11774	11773	11970	1	197	3	93
25901	178	11782	11779	11980	3	201	5	93
25901	179	11774	11772	11973	2	201	3	93
25901	180	11780	11780	11977	0	197	3	93
25901	181	11774	11773	11970	1	197	3	93
25901	182	11776	11774	11974	2	200	4	93
25901	183	11780	11779	11978	1	199	3	93
25901	184	11774	11772	11972	2	200	4	93
25901	185	11780	11780	11977	0	197	3	93
25901	186	11774	11773	11970	1	197	3	93
25901	187	11776	11774	11972	2	198	4	93
25901	188	11780	11779	11977	1	198	4	93
25901	189	11774	11774	11971	0	197	3	93
25901	190	11781	11780	11977	1	197	3	93
25901	191	11774	11772	11972	2	200	4	93
25901	192	11774	11771	11973	3	202	4	93
25901	193	11780	11779	11978	1	199	3	93
25901	194	11774	11773	11972	1	199	3	93
25901	195	11781	11779	11978	2	199	3	93
25901	196	11775	11774	11972	1	198	4	93
25901	197	11776	11775	11974	1	199	3	93
25901	198	11780	11779	11978	1	199	3	93
25901	199	11774	11772	11972	2	200	3	93
25901	200	11780	11779	11978	1	199	3	93
25901	201	11775	11774	11972	1	198	4	93
25901	202	11780	11779	11978	1	199	3	93
25901	203	11775	11774	11973	1	199	3	93
25901	204	11774	11772	11971	2	199	3	93
25901	205	11782	11780	11980	2	200	4	93
25901	206	11774	11771	11971	3	200	4	93
25901	207	11780	11778	11978	2	200	4	93
25901	208	11774	11773	11996	1	223	5	94
25901	209	11774	11772	11971	2	199	3	93
25901	210	11782	11779	11980	3	201	5	93
25901	211	11774	11771	11971	3	200	4	93
25901	212	11780	11779	11978	1	199	3	93
25901	213	11774	11773	11972	1	199	3	93
25901	214	11780	11778	11976	2	198	4	93
25901	215	11778	11777	11974	1	197	3	93
25901	216	11774	11772	11971	2	199	3	93
25901	217	11780	11779	11978	1	199	3	93
25901	218	11774	11773	11972	1	199	3	93
25901	219	11783	11780	11978	3	198	4	93
25901	220	11774	11771	11973	3	202	4	93
25901	221	11773	11772	11970	1	198	4	93
25901	222	11780	11778	11978	2	200	4	93
25901	223	11773	11773	11970	0	197	3	93
25901	224	11780	11779	11976	1	197	3	93
25901	225	11774	11773	11970	1	197	3	93
25901	226	11774	11773	11972	1	199	3	93
25901	227	11781	11779	11978	2	199	3	93
25901	228	11777	11775	11974	2	199	5	93
25901	229	11780	11779	11978	1	199	3	93
25901	230	11774	11773	11972	1	199	3	93
25901	231	11781	11778	11979	3	201	5	93
25901	232	11777	11774	11974	3	200	4	93
25901	233	11775	11772	11973	3	201	5	93
25901	234	11780	11778	11978	2	200	4	93
25901	235	11773	11772	11970	1	198	4	93
25901	236	11780	11779	11978	1	199	3	93
25901	237	11786	11777	11984	9	207	5	93
25901	238	11774	11773	11972	1	199	3	93
25901	239	11780	11779	11978	1	199	3	93
25901	240	11774	11773	11970	1	197	3	93
25901	241	11780	11780	11977	0	197	3	93
25901	242	11775	11774	11975	1	201	6	94
25901	243	11775	11774	11973	1	199	3	93
25901	244	11780	11778	11978	2	200	4	93
25901	245	11774	11772	11972	2	200	4	93
25901	246	11780	11779	11976	1	197	3	93
25901	247	11773	11773	11970	0	197	3	93
25901	248	11780	11778	11977	2	199	3	93
25901	249	11776	11775	11972	1	197	3	93
25901	250	11774	11772	11973	2	201	3	93
25901	251	11782	11780	11978	2	198	4	93
25901	252	11774	11772	11971	2	199	3	93
25901	253	11780	11780	11977	0	197	3	93
25901	254	11774	11773	11970	1	197	3	93
25901	255	11774	11772	11970	2	198	4	93
25901	256	11780	11778	11979	2	201	5	93
25901	257	11774	11772	11970	2	198	4	93
25901	258	11780	11778	11976	2	198	4	93
25901	259	11774	11773	11972	1	199	3	93
25901	260	11777	11775	11973	2	198	4	93
25901	261	11781	11780	11977	1	197	3	93
25901	262	11774	11772	11973	2	201	3	93
25901	263	11780	11780	11977	0	197	3	93
25901	264	11773	11773	11970	0	197	3	93
25901	265	11782	11779	11981	3	202	4	93
25901	266	11776	11774	11974	2	200	3	93
25901	267	11774	11772	11972	2	200	4	93
25901	268	11780	11778	11978	2	200	4	93
25901	269	11775	11773	11973	2	200	4	93
25901	270	11780	11779	11978	1	199	3	93
25901	271	11774	11773	11970	1	197	3	93
25901	272	11774	11773	11970	1	197	3	93
25901	273	11781	11779	11978	2	199	3	93
25901	274	11776	11773	11975	3	202	4	93
25901	275	11781	11779	11978	2	199	3	93
25901	276	11775	11772	11976	3	204	5	94
25901	277	11775	11774	11971	1	197	3	93
25901	278	11781	11778	11978	3	200	4	93
25901	279	11774	11771	11971	3	200	4	93
25901	280	11781	11778	11980	3	202	4	93
25901	281	11773	11773	11970	0	197	3	93
25901	282	11779	11778	11977	1	199	3	93
25901	283	11777	11776	11974	1	198	4	93
25901	284	11774	11773	11972	1	199	3	93
25901	285	11781	11779	11976	2	197	3	93
25901	286	11774	11773	11972	1	199	3	93
25901	287	11780	11779	11978	1	199	3	93
25901	288	11775	11773	11973	2	200	4	93
25901	289	11774	11772	11970	2	198	4	93
25901	290	11780	11779	11978	1	199	3	93
25901	291	11773	11772	11970	1	198	4	93
25901	292	11782	11780	11980	2	200	4	93
25901	293	11774	11772	11973	2	201	3	93
25901	294	11774	11772	11970	2	198	4	93
25901	295	11780	11779	11978	1	199	3	93
25901	296	11774	11772	11973	2	201	3	93
25901	297	11782	11780	11980	2	200	4	93
25901	298	11774	11773	11972	1	199	3	93
25901	299	11779	11778	11977	1	199	3	93
25901	300	11778	11776	11975	2	199	3	93
25901	301	11774	11772	11970	2	198	4	93
25901	302	11780	11778	11978	2	200	4	93
25901	303	11774	11772	11972	2	200	4	93
25901	304	11780	11780	11977	0	197	3	93
25901	305	11774	11773	11972	1	199	3	93
25901	306	11776	11773	11972	3	199	5	93
25901	307	11780	11779	11978	1	199	3	93
25901	308	11774	11773	11970	1	197	3	93
25901	309	11781	11779	11980	2	201	3	93
25901	310	11773	11773	11970	0	197	3	93
25901	311	11776	11774	11974	2	200	4	93
25901	312	11780	11778	11978	2	200	4	93
25901	313	11773	11772	11970	1	198	4	93
25901	314	11780	11779	11978	1	199	3	93
25901	315	11776	11774	11974	2	200	4	93
25901	316	11776	11776	11973	0	197	3	93
25901	317	11779	11778	11975	1	197	3	93
25901	318	11773	11772	11969	1	197	3	93
25901	319	11780	11780	11977	0	197	3	93
25901	320	11776	11773	11975	3	202	4	93
25901	321	11780	11778	11978	2	200	4	93
25901	322	11775	11774	11971	1	197	3	93
25901	323	11774	11772	11973	2	201	3	93
25901	324	11781	11778	11979	3	201	4	93
25901	325	11774	11772	11970	2	198	4	93
25901	326	11781	11778	11978	3	200	4	93
25901	327	11773	11773	11970	0	197	3	93
25901	328	11774	11772	11971	2	199	3	93
25901	329	11783	11780	11979	3	199	4	93
25901	330	11774	11773	11972	1	199	3	93
25901	331	11780	11780	11977	0	197	3	93
25901	332	11773	11772	11970	1	198	4	93
25901	333	11775	11773	11972	2	199	3	93
25901	334	11783	11781	11979	2	198	4	93
25901	335	11775	11773	11973	2	200	4	93
25901	336	11780	11778	11976	2	198	4	93
25901	337	11773	11771	11971	2	200	4	93
25901	338	11782	11780	11980	2	200	4	93
25901	339	11775	11774	11973	1	199	3	93
25901	340	11774	11772	11971	2	199	3	93
25901	341	11780	11779	11978	1	199	3	93
25901	342	11773	11773	11970	0	197	3	93
25901	343	11782	11780	11980	2	200	4	93
25901	344	11774	11773	11979	1	206	5	94
25901	345	11774	11773	11972	1	199	3	93
25901	346	11780	11779	11978	1	199	3	93
25901	347	11775	11773	11972	2	199	5	93
25901	348	11780	11778	11976	2	198	4	93
25901	349	11774	11773	11972	1	199	3	93
25901	350	11780	11779	11978	1	199	3	93
25901	351	11775	11774	11973	1	199	3	93
25901	352	11776	11774	11972	2	198	4	93
25901	353	11780	11780	11977	0	197	3	93
25901	354	11774	11772	11971	2	199	3	93
25901	355	11781	11779	11979	2	200	3	93
25901	356	11774	11773	11970	1	197	3	93
25901	357	11774	11772	11971	2	199	3	93
25901	358	11781	11778	11978	3	200	4	93
25901	359	11773	11772	11970	1	198	4	93
25901	360	11780	11778	11978	2	200	4	93
25901	361	11776	11773	11973	3	200	4	93
25901	362	11779	11778	11977	1	199	3	93
25901	363	11776	11775	11972	1	197	3	93
25901	364	11774	11772	11973	2	201	3	93
25901	365	11780	11779	11978	1	199	3	93
25901	366	11776	11773	11974	3	201	5	93
25901	367	11780	11779	11977	1	198	3	93
25901	368	11774	11773	11972	1	199	3	93
25901	369	11774	11771	11971	3	200	4	93
25901	370	11782	11780	11979	2	199	5	93
25901	371	11774	11771	11973	3	202	4	93
25901	372	11781	11778	11978	3	200	4	93
25901	373	11774	11772	11972	2	200	4	93
25901	374	11778	11778	11975	0	197	3	93
25901	375	11778	11777	11975	1	198	4	93
25901	376	11774	11773	11972	1	199	3	93
25901	377	11780	11780	11977	0	197	3	93
25901	378	11773	11773	11975	0	202	5	94
25901	379	11781	11779	11976	2	197	3	93
25901	380	11773	11773	11970	0	197	3	93
25901	381	11774	11772	11971	2	199	3	93
25901	382	11780	11779	11977	1	198	4	93
25901	383	11774	11771	11969	3	198	4	93
25901	384	11782	11780	11978	2	198	4	93
25901	385	11773	11773	11970	0	197	3	93
25901	386	11777	11776	11973	1	197	3	93
25901	387	11778	11777	11975	1	198	4	93
25901	388	11774	11773	11970	1	197	3	93
25901	389	11782	11780	11978	2	198	4	93
25901	390	11774	11772	11971	2	199	3	93
25901	391	11780	11779	11976	1	197	3	93
25901	392	11774	11771	11972	3	201	4	93
25901	393	11775	11774	11972	1	198	4	93
25901	394	11780	11779	11977	1	198	4	93
25901	395	11774	11772	11972	2	200	4	93
25901	396	11780	11779	11978	1	199	3	93
25901	397	11773	11772	11971	1	199	3	93
25901	398	11776	11775	11973	1	198	4	93
25901	399	11780	11780	11977	0	197	3	93
25901	400	11774	11772	11971	2	199	3	93
25901	401	11780	11779	11978	1	199	3	93
25901	402	11774	11771	11975	3	204	4	93
25901	403	11780	11780	11977	0	197	3	93
25901	404	11775	11773	11973	2	200	4	93
25901	405	11774	11771	11971	3	200	4	93
25901	406	11780	11779	11978	1	199	3	93
25901	407	11776	11774	11972	2	198	4	93
25901	408	11780	11779	11978	1	199	3	93
25901	409	11776	11773	11972	3	199	3	93
25901	410	11774	11772	11971	2	199	3	93
25901	411	11781	11779	11980	2	201	3	93
25901	412	11774	11772	11980	2	208	6	94
25901	413	11780	11779	11978	1	199	3	93
25901	414	11773	11773	11970	0	197	3	93
25901	415	11778	11775	11976	3	201	5	93
25901	416	11780	11776	11977	4	201	5	93
25901	417	11773	11771	11970	2	199	4	93
25901	418	11780	11779	11977	1	198	4	93
25901	419	11774	11773	11972	1	199	3	93
25901	420	11780	11780	11977	0	197	3	93
25901	421	11776	11773	11973	3	200	4	93
25901	422	11774	11773	11972	1	199	3	93
25901	423	11780	11779	11978	1	199	3	93
25901	424	11773	11773	11970	0	197	3	93
25901	425	11782	11780	11980	2	200	4	93
25901	426	11774	11773	11971	1	198	3	93
25901	427	11774	11773	11971	1	198	4	93
25901	428	11780	11778	11978	2	200	3	93
25901	429	11774	11772	11972	2	200	4	93
25901	430	11783	11780	11980	3	200	4	93
25901	431	11774	11773	11972	1	199	3	93
25901	432	11780	11778	11977	2	199	3	93
25901	433	11775	11773	11972	2	199	3	93
25901	434	11774	11772	11972	2	200	4	93
25901	435	11780	11780	11977	0	197	3	93
25901	436	11774	11772	11971	2	199	3	93
25901	437	11780	11779	11978	1	199	3	93
25901	438	11774	11772	11973	2	201	3	93
25901	439	11776	11773	11974	3	201	5	93
25901	440	11780	11779	11978	1	199	3	93
25901	441	11773	11772	11970	1	198	4	93
25901	442	11780	11779	11978	1	199	3	93
25901	443	11774	11772	11972	2	200	4	93
25901	444	11779	11776	11977	3	201	5	93
25901	445	11779	11778	11977	1	199	3	93
25901	446	11774	11772	11975	2	203	5	94
25901	447	11780	11779	11978	1	199	3	93
25901	448	11774	11773	11973	1	200	4	93
25901	449	11780	11778	11978	2	200	4	93
25901	450	11774	11771	11973	3	202	4	93
25901	451	11774	11772	11970	2	198	4	93
25901	452	11780	11780	11977	0	197	3	93
25901	453	11776	11773	11972	3	199	5	93
25901	454	11781	11778	11979	3	201	4	93
25901	455	11774	11772	11971	2	199	3	93
25901	456	11774	11772	11973	2	201	3	93
25901	457	11780	11779	11976	1	197	3	93
25901	458	11776	11773	11973	3	200	4	93
25901	459	11780	11779	11978	1	199	3	93
25901	460	11774	11772	11973	2	201	3	93
25901	461	11778	11777	11976	1	199	3	93
25901	462	11779	11777	11976	2	199	5	93
25901	463	11774	11772	11972	2	200	4	93
25901	464	11780	11779	11978	1	199	3	93
25901	465	11773	11773	11970	0	197	3	93
25901	466	11780	11779	11978	1	199	3	93
25901	467	11776	11774	11972	2	198	4	93
25901	468	11774	11771	11973	3	202	4	93
25901	469	11780	11779	11978	1	199	3	93
25901	470	11774	11773	11970	1	197	3	93
25901	471	11783	11780	11980	3	200	4	93
25901	472	11773	11773	11970	0	197	3	93
25901	473	11773	11772	11970	1	198	4	93
25901	474	11780	11780	11977	0	197	3	93
25901	475	11774	11772	11971	2	199	3	93
25901	476	11782	11780	11980	2	200	4	93
25901	477	11774	11773	11972	1	199	3	93
25901	478	11778	11776	11976	2	200	4	93
25901	479	11777	11777	11974	0	197	3	93
25901	480	11776	11774	11977	2	203	6	94
25901	481	11780	11779	11978	1	199	3	93
25901	482	11774	11772	11972	2	200	4	93
25901	483	11781	11778	11978	3	200	4	93
25901	484	11773	11773	11970	0	197	3	93
25901	485	11776	11773	11975	3	202	4	93
25901	486	11780	11780	11977	0	197	3	93
25901	487	11773	11773	11970	0	197	3	93
25901	488	11780	11778	11978	2	200	4	93
25901	489	11773	11773	11970	0	197	3	93
25901	490	11773	11773	11970	0	197	3	93
25901	491	11780	11779	11978	1	199	3	93
25901	492	11773	11772	11970	1	198	4	93
25901	493	11780	11780	11977	0	197	3	93
25901	494	11775	11774	11972	1	198	4	93
25901	495	11777	11776	11975	1	199	3	93
25901	496	11779	11777	11976	2	199	3	93
25901	497	11774	11772	11972	2	200	4	93
25901	498	11780	11779	11978	1	199	3	93
25901	499	11776	11773	11971	3	198	4	93
25901	500	11781	11779	11976	2	197	3	93
25901	501	11774	11773	11972	1	199	3	93
25901	502	11775	11772	11971	3	199	4	93
25901	503	11782	11780	11978	2	198	4	93
25901	504	11774	11773	11972	1	199	3	93
25901	505	11780	11779	11978	1	199	3	93
25901	506	11773	11773	11970	0	197	3	93
25901	507	11774	11773	11972	1	199	3	93
25901	508	11782	11780	11980	2	200	4	93
25901	509	11773	11772	11971	1	199	3	93
25901	510	11780	11779	11978	1	199	3	93
25901	511	11774	11771	11973	3	202	4	93
25901	512	11778	11775	11976	3	201	5	93
25901	513	11779	11778	11975	1	197	3	93
25901	514	11774	11773	11972	1	199	3	93
25901	515	11780	11779	11978	1	199	3	93
25901	516	11774	11773	11971	1	198	3	93
25901	517	11782	11778	11976	4	198	5	93
25901	518	11775	11774	11971	1	197	3	93
25901	519	11774	11772	11971	2	199	3	93
25901	520	11780	11779	11978	1	199	3	93
25901	521	11774	11772	11974	2	202	4	93
25901	522	11780	11779	11978	1	199	3	93
25901	523	11774	11772	11971	2	199	3	93
25901	524	11774	11773	11970	1	197	3	93
25901	525	11780	11779	11978	1	199	3	93
25901	526	11775	11773	11972	2	199	5	93
25901	527	11781	11778	11976	3	198	4	93
25901	528	11774	11772	11973	2	201	3	93
25901	529	11776	11775	11974	1	199	3	93
25901	530	11780	11778	11977	2	199	3	93
25901	531	11774	11773	11970	1	197	3	93
25901	532	11780	11780	11977	0	197	3	93
25901	533	11773	11773	11970	0	197	3	93
25901	534	11780	11780	11977	0	197	3	93
25901	535	11776	11775	11973	1	198	4	93
25901	536	11773	11773	11970	0	197	3	93
25901	537	11780	11779	11978	1	199	3	93
25901	538	11774	11772	11972	2	200	4	93
25901	539	11780	11778	11978	2	200	4	93
25901	540	11776	11772	11973	4	201	5	93
25901	541	11774	11773	11970	1	197	3	93
25901	542	11780	11779	11978	1	199	3	93
25901	543	11773	11773	11970	0	197	3	93
25901	544	11782	11779	11980	3	201	5	93
25901	545	11774	11772	11971	2	199	3	93
25901	546	11776	11775	11974	1	199	3	93
25901	547	11780	11778	11976	2	198	4	93
25901	548	11774	11773	11970	1	197	3	93
25901	549	11782	11780	11985	2	205	7	94
25901	550	11773	11773	11970	0	197	3	93
25901	551	11780	11779	11976	1	197	3	93
25901	552	11775	11775	11972	0	197	3	93
25901	553	11776	11773	11974	3	201	5	93
25901	554	11780	11779	11977	1	198	4	93
25901	555	11774	11772	11971	2	199	3	93
25901	556	11780	11779	11978	1	199	3	93
25901	557	11776	11774	11972	2	198	4	93
25901	558	11776	11774	11974	2	200	4	93
25901	559	11780	11778	11978	2	200	4	93
25901	560	11774	11772	11973	2	201	3	93
25901	561	11780	11779	11978	1	199	3	93
25901	562	11774	11773	11974	1	201	3	93
25901	563	11773	11772	11970	1	198	4	93
25901	564	11781	11778	11978	3	200	4	93
25901	565	11773	11773	11970	0	197	3	93
25901	566	11780	11779	11978	1	199	3	93
25901	567	11776	11774	11974	2	200	4	93
25901	568	11778	11776	11976	2	200	4	93
25901	569	11777	11776	11974	1	198	4	93
25901	570	11774	11773	11972	1	199	3	93
25901	571	11780	11779	11978	1	199	3	93
25901	572	11774	11773	11971	1	198	3	93
25901	573	11780	11779	11977	1	198	4	93
25901	574	11775	11773	11970	2	197	3	93
25901	575	11774	11773	11970	1	197	3	93
25901	576	11782	11780	11980	2	200	4	93
25901	577	11773	11773	11970	0	197	3	93
25901	578	11780	11779	11978	1	199	3	93
25901	579	11774	11772	11970	2	198	4	93
25901	580	11774	11773	11972	1	199	3	93
25901	581	11780	11779	11979	1	200	4	93
25901	582	11773	11772	11970	1	198	4	93
25901	583	11780	11778	11978	2	200	4	93
25901	584	11774	11773	11972	1	199	3	93
25901	585	11777	11776	11974	1	198	4	93
25901	586	11780	11779	11978	1	199	3	93
25901	587	11774	11772	11973	2	201	3	93
25901	588	11780	11779	11978	1	199	3	93
25901	589	11774	11773	11972	1	199	3	93
25901	590	11782	11780	11978	2	198	4	93
25901	591	11776	11774	11973	2	199	3	93
25901	592	11773	11773	11970	0	197	3	93
25901	593	11780	11780	11977	0	197	3	93
25901	594	11776	11773	11972	3	199	5	93
25901	595	11780	11778	11978	2	200	4	93
25901	596	11774	11771	11971	3	200	4	93
25901	597	11773	11773	11970	0	197	3	93
25901	598	11780	11779	11978	1	199	3	93
25901	599	11776	11774	11972	2	198	4	93
25901	600	11780	11779	11978	1	199	3	93
25901	601	11773	11772	11970	1	198	4	93
25901	602	11774	11773	11972	1	199	3	93
25901	603	11781	11779	11980	2	201	4	93
25901	604	11774	11773	11972	1	199	3	93
25901	605	11780	11779	11977	1	198	4	93
25901	606	11774	11773	11971	1	198	3	93
25901	607	11776	11776	11973	0	197	3	93
25901	608	11781	11778	11977	3	199	5	93
25901	609	11773	11773	11970	0	197	3	93
25901	610	11781	11779	11978	2	199	3	93
25901	611	11774	11772	11972	2	200	4	93
25901	612	11780	11780	11977	0	197	3	93
25901	613	11774	11773	11972	1	199	5	93
25901	614	11774	11772	11971	2	199	3	93
25901	615	11780	11778	11978	2	200	4	93
25901	616	11774	11773	11972	1	199	3	93
25901	617	11782	11780	11980	2	200	4	93
25901	618	11774	11772	11971	2	199	3	93
25901	619	11774	11773	11972	1	199	3	93
25901	620	11780	11778	11978	2	200	4	93
25901	621	11775	11774	11971	1	197	3	93
25901	622	11782	11780	11980	2	200	4	93
25901	623	11773	11773	11970	0	197	3	93
25901	624	11774	11773	11971	1	198	3	93
25901	625	11781	11778	11980	3	202	4	93
25901	626	11776	11772	11975	4	203	5	93
25901	627	11780	11780	11977	0	197	3	93
25901	628	11774	11773	11972	1	199	3	93
25901	629	11776	11775	11974	1	199	3	93
25901	630	11780	11778	11977	2	199	3	93
25901	631	11776	11773	11975	3	202	4	93
25901	632	11780	11780	11977	0	197	3	93
25901	633	11773	11773	11970	0	197	3	93
25901	634	11780	11777	11977	3	200	4	93
25901	635	11778	11777	11975	1	198	4	93
25901	636	11773	11772	11970	1	198	4	93
25901	637	11780	11778	11978	2	200	4	93
25901	638	11774	11772	11972	2	200	4	93
25901	639	11781	11778	11978	3	200	4	93
25901	640	11776	11773	11975	3	202	4	93
25901	641	11774	11772	11973	2	201	3	93
25901	642	11780	11779	11978	1	199	3	93
25901	643	11774	11773	11972	1	199	3	93
25901	644	11782	11780	11980	2	200	4	93
25901	645	11774	11773	11972	1	199	3	93
25901	646	11774	11772	11971	2	199	3	93
25901	647	11780	11779	11977	1	198	4	93
25901	648	11773	11772	11970	1	198	4	93
25901	649	11783	11780	11980	3	200	4	93
25901	650	11774	11773	11972	1	199	3	93
25901	651	11775	11774	11973	1	199	3	93
25901	652	11780	11780	11977	0	197	3	93
25901	653	11774	11773	11972	1	199	3	93
25901	654	11780	11779	11978	1	199	3	93
25901	655	11773	11773	11970	0	197	3	93
25901	656	11779	11778	11975	1	197	3	93
25901	657	11777	11776	11975	1	199	3	93
25901	658	11776	11773	11975	3	202	4	93
25901	659	11781	11778	11978	3	200	4	93
25901	660	11774	11771	11972	3	201	4	93
25901	661	11780	11778	11978	2	200	4	93
25901	662	11774	11773	11972	1	199	3	93
25901	663	11775	11774	11972	1	198	4	93
25901	664	11780	11780	11977	0	197	3	93
25901	665	11774	11773	11972	1	199	3	93
25901	666	11780	11779	11978	1	199	3	93
25901	667	11776	11774	11972	2	198	4	93
25901	668	11774	11773	11972	1	199	3	93
25901	669	11780	11779	11978	1	199	3	93
25901	670	11774	11772	11972	2	200	4	93
25901	671	11781	11778	11976	3	198	4	93
25901	672	11775	11773	11972	2	199	5	93
25901	673	11776	11774	11974	2	200	4	93
25901	674	11780	11778	11977	2	199	3	93
25901	675	11774	11773	11972	1	199	3	93
25901	676	11780	11779	11978	1	199	3	93
25901	677	11774	11772	11973	2	201	3	93
25901	678	11780	11779	11978	1	199	3	93
25901	679	11776	11775	11974	1	199	3	93
25901	680	11774	11773	11972	1	199	3	93
25901	681	11782	11779	11980	3	201	5	93
25901	682	11774	11772	11972	2	200	4	93
25901	683	11780	11778	11978	2	200	4	93
25901	684	11774	11772	11970	2	198	4	93
25901	685	11773	11773	11970	0	197	3	93
25901	686	11780	11779	11976	1	197	3	93
25901	687	11774	11773	11971	1	198	3	93
25901	688	11780	11780	11977	0	197	3	93
25901	689	11774	11773	11972	1	199	3	93
25901	690	11776	11773	11975	3	202	4	93
25901	691	11781	11779	11978	2	199	3	93
25901	692	11774	11772	11972	2	200	4	93
25901	693	11781	11778	11978	3	200	4	93
25901	694	11774	11771	11973	3	202	4	93
25901	695	11781	11778	11978	3	200	4	93
25901	696	11777	11777	11974	0	197	3	93
25901	697	11774	11773	11970	1	197	3	93
25901	698	11780	11779	11978	1	199	3	93
25901	699	11774	11773	11974	1	201	3	93
25901	700	11780	11779	11978	1	199	3	93
25901	701	11773	11773	11970	0	197	3	93
25901	702	11773	11773	11970	0	197	3	93
25901	703	11780	11780	11977	0	197	3	93
25901	704	11776	11773	11974	3	201	5	93
25901	705	11780	11779	11977	1	198	4	93
25901	706	11774	11772	11972	2	200	4	93
25901	707	11773	11773	11970	0	197	3	93
25901	708	11780	11779	11978	1	199	3	93
25901	709	11776	11773	11973	3	200	4	93
25901	710	11781	11779	11978	2	199	3	93
25901	711	11774	11773	11972	1	199	3	93
25901	712	11775	11774	11973	1	199	3	93
25901	713	11782	11780	11980	2	200	4	93
25901	714	11774	11772	11971	2	199	3	93
25901	715	11781	11778	11977	3	199	4	93
25901	716	11774	11772	11972	2	200	4	93
25901	717	11779	11778	11977	1	199	3	93
25901	718	11778	11776	11976	2	200	4	93
25901	719	11774	11773	11972	1	199	3	93
25901	720	11780	11780	11977	0	197	3	93
25901	721	11774	11772	11970	2	198	4	93
25901	722	11782	11780	11980	2	200	4	93
25901	723	11774	11772	11971	2	199	3	93
25901	724	11774	11773	11970	1	197	3	93
25901	725	11781	11778	11978	3	200	4	93
25901	726	11774	11772	11971	2	199	3	93
25901	727	11782	11780	11979	2	199	5	93
25901	728	11774	11773	11970	1	197	3	93
25901	729	11774	11772	11972	2	200	4	93
25901	730	11781	11779	11977	2	198	3	93
25901	731	11774	11772	11970	2	198	4	93
25901	732	11780	11780	11977	0	197	3	93
25901	733	11774	11773	11972	1	199	3	93
25901	734	11776	11776	11973	0	197	3	93
25901	735	11780	11778	11978	2	200	4	93
25901	736	11776	11773	11973	3	200	4	93
25901	737	11780	11779	11978	1	199	3	93
25901	738	11774	11773	11971	1	198	4	93
25901	739	11780	11779	11977	1	198	4	93
25901	740	11775	11773	11971	2	198	4	93
25901	741	11776	11773	11973	3	200	4	93
25901	742	11780	11779	11978	1	199	3	93
25901	743	11774	11773	11972	1	199	3	93
25901	744	11780	11779	11978	1	199	3	93
25901	745	11776	11774	11972	2	198	4	93
25901	746	11774	11773	11972	1	199	3	93
25901	747	11780	11780	11977	0	197	3	93
25901	748	11774	11773	11970	1	197	3	93
25901	749	11780	11779	11977	1	198	4	93
25901	750	11775	11773	11972	2	199	5	93
25901	751	11774	11771	11971	3	200	4	93
25901	752	11780	11778	11978	2	200	4	93
25901	753	11773	11773	11970	0	197	3	93
25901	754	11780	11780	11977	0	197	3	93
25901	755	11774	11773	11970	1	197	3	93
25901	756	11776	11775	11972	1	197	3	93
25901	757	11779	11779	11976	0	197	3	93
25901	758	11773	11773	11970	0	197	3	93
25901	759	11783	11780	11980	3	200	4	93
25901	760	11775	11773	11970	2	197	3	93
25901	761	11780	11778	11978	2	200	4	93
25901	762	11776	11775	11972	1	197	3	93
25901	763	11773	11772	11969	1	197	3	93
25901	764	11782	11780	11980	2	200	4	93
25901	765	11774	11773	11972	1	199	3	93
25901	766	11780	11779	11978	1	199	3	93
25901	767	11774	11773	11972	1	199	3	93
25901	768	11775	11773	11971	2	198	4	93
25901	769	11780	11779	11978	1	199	3	93
25901	770	11774	11773	11972	1	199	3	93
25901	771	11781	11779	11978	2	199	3	93
25901	772	11774	11772	11973	2	201	3	93
25901	773	11776	11773	11973	3	200	5	93
25901	774	11781	11779	11978	2	199	3	93
25901	775	11774	11772	11969	2	197	3	93
25901	776	11780	11779	11978	1	199	3	93
25901	777	11776	11772	11973	4	201	5	93
25901	778	11775	11772	11971	3	199	3	93
25901	779	11781	11779	11978	2	199	3	93
25901	780	11774	11772	11973	2	201	3	93
25901	781	11780	11779	11978	1	199	3	93
25901	782	11776	11773	11974	3	201	5	93
25901	783	11778	11777	11976	1	199	3	93
25901	784	11778	11776	11975	2	199	3	93
25901	785	11774	11772	11971	2	199	3	93
25901	786	11780	11779	11979	1	200	4	93
25901	787	11774	11772	11970	2	198	4	93
25901	788	11780	11779	11978	1	199	3	93
25901	789	11774	11772	11971	2	199	3	93
25901	790	11774	11773	11972	1	199	3	93
25901	791	11782	11780	11980	2	200	4	93
25901	792	11774	11773	11972	1	199	3	93
25901	793	11781	11779	11978	2	199	3	93
25901	794	11773	11772	11970	1	198	4	93
25901	795	11774	11772	11970	2	198	4	93
25901	796	11782	11780	11979	2	199	5	93
25901	797	11774	11772	11970	2	198	4	93
25901	798	11780	11780	11977	0	197	3	93
25901	799	11774	11772	11971	2	199	3	93
25901	800	11776	11775	11973	1	198	4	93
25901	801	11781	11779	11978	2	199	3	93
25901	802	11774	11773	11972	1	199	3	93
25901	803	11781	11778	11978	3	200	4	93
25901	804	11774	11772	11970	2	198	4	93
25901	805	11780	11777	11976	3	199	5	93
25901	806	11778	11776	11974	2	198	4	93
25901	807	11774	11772	11972	2	200	4	93
25901	808	11780	11779	11978	1	199	3	93
25901	809	11776	11773	11973	3	200	4	93
25901	810	11780	11779	11978	1	199	3	93
25901	811	11774	11773	11972	1	199	3	93
25901	812	11774	11773	11972	1	199	3	93
25901	813	11781	11779	11978	2	199	3	93
25901	814	11776	11774	11974	2	200	4	93
25901	815	11781	11779	11978	2	199	3	93
25901	816	11773	11773	11970	0	197	3	93
25901	817	11774	11771	11971	3	200	4	93
25901	818	11780	11778	11976	2	198	4	93
25901	819	11774	11772	11972	2	200	4	93
25901	820	11781	11779	11978	2	199	3	93
25901	821	11774	11773	11970	1	197	3	93
25901	822	11774	11773	11970	1	197	3	93
25901	823	11782	11780	11980	2	200	4	93
25901	824	11774	11773	11970	1	197	3	93
25901	825	11780	11779	11978	1	199	3	93
25901	826	11774	11773	11970	1	197	3	93
25901	827	11776	11775	11974	1	199	3	93
25901	828	11782	11779	11979	3	200	5	93
25901	829	11774	11772	11972	2	200	3	93
25901	830	11780	11778	11978	2	200	4	93
25901	831	11774	11773	11972	1	199	3	93
25901	832	11782	11779	11979	3	200	4	93
25901	833	11777	11775	11976	2	201	3	93
25901	834	11774	11772	11972	2	200	4	93
25901	835	11780	11778	11978	2	200	4	93
25901	836	11774	11772	11972	2	200	4	93
25901	837	11782	11780	11978	2	198	4	93
25901	838	11774	11773	11972	1	199	3	93
25901	839	11773	11773	11970	0	197	3	93
25901	840	11781	11779	11978	2	199	3	93
25901	841	11776	11773	11974	3	201	5	93
25901	842	11780	11779	11978	1	199	3	93
25901	843	11773	11773	11970	0	197	3	93
25901	844	11774	11772	11971	2	199	3	93
25901	845	11780	11779	11978	1	199	3	93
25901	846	11776	11773	11974	3	201	5	93
25901	847	11780	11780	11977	0	197	3	93
25901	848	11774	11773	11970	1	197	3	93
25901	849	11774	11773	11971	1	198	3	93
25901	850	11780	11779	11978	1	199	3	93
25901	851	11773	11773	11970	0	197	3	93
25901	852	11782	11779	11981	3	202	4	93
25901	853	11773	11773	11970	0	197	3	93
25901	854	11776	11775	11973	1	198	3	93
25901	855	11782	11779	11980	3	201	5	93
25901	856	11774	11773	11972	1	199	3	93
25901	857	11780	11779	11978	1	199	3	93
25901	858	11774	11772	11972	2	200	4	93
25901	859	11779	11778	11975	1	197	3	93
25901	860	11779	11776	11976	3	200	5	93
25901	861	11774	11773	11972	1	199	3	93
25901	862	11780	11780	11977	0	197	3	93
25901	863	11774	11772	11969	2	197	3	93
25901	864	11782	11780	11980	2	200	4	93
25901	865	11774	11772	11970	2	198	3	93
25901	866	11774	11772	11971	2	199	3	93
25901	867	11781	11779	11979	2	200	3	93
25901	868	11774	11772	11972	2	200	4	93
25901	869	11782	11780	11980	2	200	4	93
25901	870	11774	11773	11972	1	199	3	93
25901	871	11773	11772	11970	1	198	4	93
25901	872	11780	11778	11978	2	200	4	93
25901	873	11775	11774	11972	1	198	4	93
25901	874	11780	11779	11978	1	199	3	93
25901	875	11773	11773	11970	0	197	3	93
25901	876	11774	11773	11972	1	199	3	93
25901	877	11780	11780	11977	0	197	3	93
25901	878	11776	11774	11972	2	198	4	93
25901	879	11780	11779	11978	1	199	3	93
25901	880	11773	11773	11970	0	197	3	93
25901	881	11775	11772	11972	3	200	4	93
25901	882	11780	11778	11980	2	202	4	93
25901	883	11774	11772	11972	2	200	4	93
25901	884	11780	11780	11977	0	197	3	93
25901	885	11774	11772	11971	2	199	3	93
25901	886	11777	11777	11974	0	197	3	93
25901	887	11780	11778	11978	2	200	4	93
25901	888	11773	11772	11970	1	198	4	93
25901	889	11780	11779	11978	1	199	3	93
25901	890	11774	11773	11972	1	199	3	93
25901	891	11781	11779	11978	2	199	3	93
25901	892	11776	11774	11972	2	198	4	93
25901	893	11774	11771	11972	3	201	4	93
25901	894	11780	11779	11978	1	199	3	93
25901	895	11774	11773	11972	1	199	3	93
25901	896	11782	11781	11979	1	198	4	93
25901	897	11773	11772	11970	1	198	4	93
25901	898	11773	11772	11970	1	198	4	93
25901	899	11780	11779	11976	1	197	3	93
25901	900	11774	11773	11972	1	199	3	93
25901	901	11782	11780	11980	2	200	4	93
25901	902	11774	11771	11973	3	202	4	93
25901	903	11774	11772	11972	2	200	4	93
25901	904	11780	11779	11978	1	199	3	93
25901	905	11776	11774	11973	2	199	4	93
25901	906	11781	11779	11978	2	199	3	93
25901	907	11773	11772	11970	1	198	4	93
25901	908	11773	11773	11970	0	197	3	93
25901	909	11780	11780	11977	0	197	3	93
25901	910	11776	11774	11972	2	198	4	93
25901	911	11780	11780	11977	0	197	3	93
25901	912	11774	11772	11971	2	199	4	93
25901	913	11776	11776	11973	0	197	3	93
25901	914	11779	11778	11977	1	199	3	93
25901	915	11774	11773	11973	1	200	4	93
25901	916	11781	11779	11978	2	199	3	93
25901	917	11773	11772	11970	1	198	4	93
25901	918	11779	11779	11976	0	197	3	93
25901	919	11779	11776	11976	3	200	4	93
25901	920	11774	11773	11970	1	197	3	93
25901	921	11781	11779	11978	2	199	3	93
25901	922	11774	11771	11971	3	200	4	93
25901	923	11780	11779	11978	1	199	3	93
25901	924	11776	11773	11975	3	202	4	93
25901	925	11774	11773	11972	1	199	3	93
25901	926	11780	11778	11978	2	200	4	93
25901	927	11890	11774	12085	116	311	5	94
25901	928	11782	11780	11980	2	200	4	93
25901	929	11774	11773	11972	1	199	3	93
25901	930	11774	11773	11972	1	199	3	93
25901	931	11780	11779	11976	1	197	3	93
25901	932	11774	11773	11972	1	199	3	93
25901	933	11782	11780	11978	2	198	4	93
25901	934	11774	11773	11970	1	197	3	93
25901	935	11774	11773	11970	1	197	3	93
25901	936	11780	11779	11978	1	199	3	93
25901	937	11774	11771	11971	3	200	4	93
25901	938	11781	11778	11978	3	200	4	93
25901	939	11774	11772	11970	2	198	4	93
25901	940	11774	11773	11971	1	198	4	93
25901	941	11780	11780	11977	0	197	3	93
25901	942	11775	11774	11972	1	198	4	93
25901	943	11780	11780	11977	0	197	3	93
25901	944	11774	11773	11972	1	199	3	93
25901	945	11774	11772	11972	2	200	4	93
25901	946	11780	11780	11977	0	197	3	93
25901	947	11775	11774	11972	1	198	4	93
25901	948	11780	11779	11978	1	199	3	93
25901	949	11774	11772	11972	2	200	4	93
25901	950	11774	11772	11970	2	198	4	93
25901	951	11782	11780	11980	2	200	4	93
25901	952	11773	11772	11970	1	198	4	93
25901	953	11780	11779	11978	1	199	3	93
25901	954	11775	11773	11970	2	197	3	93
25901	955	11774	11772	11972	2	200	4	93
25901	956	11783	11780	11980	3	200	4	93
25901	957	11774	11773	11972	1	199	3	93
25901	958	11780	11779	11978	1	199	3	93
25901	959	11774	11772	11972	2	200	4	93
25901	960	11777	11775	11973	2	198	4	93
25901	961	11780	11779	11976	1	197	3	93
25901	962	11774	11773	11972	1	199	3	93
25901	963	11780	11780	11977	0	197	3	93
25901	964	11774	11772	11971	2	199	3	93
25901	965	11779	11776	11975	3	199	5	93
25901	966	11779	11778	11975	1	197	3	93
25901	967	11774	11773	11970	1	197	3	93
25901	968	11781	11779	11978	2	199	3	93
25901	969	11774	11771	11973	3	202	4	93
25901	970	11779	11776	11975	3	199	4	93
25901	971	11777	11776	11975	1	199	3	93
25901	972	11774	11772	11971	2	199	3	93
25901	973	11781	11779	11978	2	199	3	93
25901	974	11775	11774	11972	1	198	4	93
25901	975	11779	11778	11976	1	198	4	93
25901	976	11777	11775	11975	2	200	3	93
25901	977	11773	11773	11970	0	197	3	93
25901	978	11780	11780	11977	0	197	3	93
25901	979	11776	11773	11974	3	201	5	93
25901	980	11780	11779	11978	1	199	3	93
25901	981	11776	11774	11973	2	199	3	93
25901	982	11773	11773	11970	0	197	3	93
25901	983	11782	11780	11980	2	200	4	93
25901	984	11773	11772	11970	1	198	4	93
25901	985	11781	11779	11978	2	199	3	93
25901	986	11774	11773	11972	1	199	3	93
25901	987	11774	11772	11973	2	201	3	93
25901	988	11782	11780	11980	2	200	4	93
25901	989	11774	11773	11970	1	197	3	93
25901	990	11780	11779	11978	1	199	3	93
25901	991	11774	11773	11972	1	199	3	93
25901	992	11776	11773	11975	3	202	4	93
25901	993	11780	11778	11978	2	200	4	93
25901	994	11775	11772	11972	3	200	4	93
25901	995	11780	11779	11978	1	199	3	93
25901	996	11774	11773	11972	1	199	3	93
25901	997	11776	11772	11973	4	201	5	93
25901	998	11780	11779	11978	1	199	3	93
25901	999	11773	11773	11970	0	197	3	93
25901	1000	11781	11779	11980	2	201	3	93
