RUNID	ITERNUM	METIME	PRTIME	TPRTIME	DIFF	TDIFF	NRPROCS	NPROCS
25821	1	11273	11272	11471	1	199	3	93
25821	2	11279	11278	11477	1	199	3	93
25821	3	11273	11272	11471	1	199	3	93
25821	4	11280	11278	11477	2	199	3	93
25821	5	11273	11271	11471	2	200	4	93
25821	6	11276	11273	11473	3	200	4	93
25821	7	11279	11277	11477	2	200	4	93
25821	8	11274	11271	11471	3	200	4	93
25821	9	11279	11278	11475	1	197	3	93
25821	10	11273	11271	11472	2	201	3	93
25821	11	11274	11273	11472	1	199	3	93
25821	12	11281	11278	11477	3	199	5	93
25821	13	11273	11271	11469	2	198	4	93
25821	14	11279	11278	11477	1	199	3	93
25821	15	11273	11272	11471	1	199	3	93
25821	16	11276	11273	11473	3	200	4	93
25821	17	11279	11277	11475	2	198	4	93
25821	18	11275	11272	11472	3	200	5	93
25821	19	11279	11278	11477	1	199	3	93
25821	20	11273	11271	11470	2	199	3	93
25821	21	11275	11273	11472	2	199	3	93
25821	22	11279	11277	11478	2	201	3	93
25821	23	11273	11271	11472	2	201	3	93
25821	24	11281	11279	11479	2	200	4	93
25821	25	11273	11272	11471	1	199	3	93
25821	26	11275	11273	11472	2	199	3	93
25821	27	11279	11277	11477	2	200	4	93
25821	28	11273	11271	11471	2	200	4	93
25821	29	11279	11277	11475	2	198	4	93
25821	30	11273	11273	11471	0	198	4	93
25821	31	11275	11274	11473	1	199	3	93
25821	32	11280	11278	11475	2	197	3	93
25821	33	11273	11272	11471	1	199	3	93
25821	34	11280	11278	11476	2	198	3	93
25821	35	11273	11272	11471	1	199	3	93
25821	36	11275	11274	11473	1	199	3	93
25821	37	11279	11278	11476	1	198	3	93
25821	38	11272	11271	11469	1	198	4	93
25821	39	11279	11277	11475	2	198	4	93
25821	40	11274	11272	11471	2	199	3	93
25821	41	11275	11273	11476	2	203	3	93
25821	42	11279	11278	11477	1	199	3	93
25821	43	11273	11272	11471	1	199	3	93
25821	44	11280	11278	11475	2	197	3	93
25821	45	11274	11272	11469	2	197	3	93
25821	46	11274	11274	11471	0	197	3	93
25821	47	11279	11277	11480	2	203	3	93
25821	48	11273	11272	11471	1	199	3	93
25821	49	11279	11278	11476	1	198	4	93
25821	50	11273	11271	11471	2	200	4	93
25821	51	11275	11273	11473	2	200	4	93
25821	52	11278	11278	11475	0	197	3	93
25821	53	11273	11272	11473	1	201	3	93
25821	54	11279	11278	11477	1	199	3	93
25821	55	11273	11272	11471	1	199	3	93
25821	56	11276	11274	11475	2	201	3	93
25821	57	11278	11278	11475	0	197	3	93
25821	58	11273	11272	11471	1	199	3	93
25821	59	11279	11276	11476	3	200	4	93
25821	60	11273	11271	11471	2	200	4	93
25821	61	11276	11275	11474	1	199	3	93
25821	62	11278	11277	11474	1	197	3	93
25821	63	11272	11272	11469	0	197	3	93
25821	64	11279	11278	11477	1	199	3	93
25821	65	11273	11272	11471	1	199	3	93
25821	66	11277	11276	11475	1	199	3	93
25821	67	11277	11276	11475	1	199	3	93
25821	68	11273	11272	11469	1	197	3	93
25821	69	11279	11278	11477	1	199	3	93
25821	70	11274	11271	11471	3	200	4	93
25821	71	11277	11276	11474	1	198	4	93
25821	72	11277	11275	11475	2	200	4	93
25821	73	11273	11273	11470	0	197	3	93
25821	74	11279	11279	11476	0	197	3	93
25821	75	11273	11272	11471	1	199	3	93
25821	76	11278	11276	11476	2	200	4	93
25821	77	11276	11275	11472	1	197	3	93
25821	78	11273	11272	11471	1	199	3	93
25821	79	11279	11277	11474	2	197	3	93
25821	80	11273	11273	11470	0	197	3	93
25821	81	11279	11278	11475	1	197	3	93
25821	82	11274	11274	11471	0	197	3	93
25821	83	11273	11272	11471	1	199	3	93
25821	84	11279	11278	11477	1	199	3	93
25821	85	11273	11272	11471	1	199	3	93
25821	86	11279	11278	11477	1	199	3	93
25821	87	11274	11273	11472	1	199	3	93
25821	88	11273	11271	11471	2	200	4	93
25821	89	11279	11278	11477	1	199	3	93
25821	90	11273	11271	11471	2	200	4	93
25821	91	11279	11278	11476	1	198	4	93
25821	92	11274	11273	11472	1	199	3	93
25821	93	11273	11272	11471	1	199	3	93
25821	94	11279	11278	11477	1	199	3	93
25821	95	11273	11271	11473	2	202	4	93
25821	96	11279	11279	11476	0	197	3	93
25821	97	11274	11273	11470	1	197	3	93
25821	98	11273	11272	11471	1	199	3	93
25821	99	11279	11278	11477	1	199	3	93
25821	100	11273	11272	11471	1	199	3	93
25821	101	11279	11278	11479	1	201	3	93
25821	102	11273	11271	11471	2	200	4	93
25821	103	11273	11271	11469	2	198	4	93
25821	104	11279	11278	11477	1	199	3	93
25821	105	11273	11272	11469	1	197	3	93
25821	106	11279	11278	11487	1	209	5	94
25821	107	11274	11272	11470	2	198	3	93
25821	108	11273	11273	11470	0	197	3	93
25821	109	11395	11279	11593	116	314	4	94
25821	110	11273	11272	11471	1	199	3	93
25821	111	11279	11277	11475	2	198	4	93
25821	112	11273	11272	11471	1	199	3	93
25821	113	11275	11271	11472	4	201	5	93
25821	114	11279	11277	11477	2	200	4	93
25821	115	11273	11271	11471	2	200	4	93
25821	116	11279	11278	11477	1	199	3	93
25821	117	11273	11272	11471	1	199	3	93
25821	118	11272	11272	11469	0	197	3	93
25821	119	11281	11279	11479	2	200	4	93
25821	120	11273	11272	11471	1	199	3	93
25821	121	11279	11278	11477	1	199	3	93
25821	122	11273	11272	11470	1	198	3	93
25821	123	11273	11271	11471	2	200	4	93
25821	124	11279	11277	11477	2	200	4	93
25821	125	11275	11274	11472	1	198	4	93
25821	126	11279	11278	11477	1	199	3	93
25821	127	11273	11272	11471	1	199	3	93
25821	128	11274	11272	11471	2	199	3	93
25821	129	11279	11278	11475	1	197	3	93
25821	130	11273	11272	11471	1	199	3	93
25821	131	11281	11279	11477	2	198	4	93
25821	132	11272	11272	11469	0	197	3	93
25821	133	11273	11272	11471	1	199	3	93
25821	134	11279	11277	11475	2	198	4	93
25821	135	11272	11271	11469	1	198	4	93
25821	136	11279	11276	11476	3	200	4	93
25821	137	11275	11273	11473	2	200	4	93
25821	138	11274	11271	11471	3	200	4	93
25821	139	11279	11278	11477	1	199	3	93
25821	140	11273	11272	11471	1	199	3	93
25821	141	11279	11278	11477	1	199	3	93
25821	142	11273	11272	11471	1	199	3	93
25821	143	11275	11272	11473	3	201	5	93
25821	144	11279	11278	11477	1	199	3	93
25821	145	11273	11271	11470	2	199	3	93
25821	146	11279	11278	11477	1	199	3	93
25821	147	11273	11272	11471	1	199	3	93
25821	148	11273	11272	11470	1	198	4	93
25821	149	11281	11278	11479	3	201	5	93
25821	150	11273	11272	11469	1	197	3	93
25821	151	11279	11278	11477	1	199	3	93
25821	152	11274	11272	11469	2	197	3	93
25821	153	11275	11274	11473	1	199	3	93
25821	154	11279	11277	11477	2	200	4	93
25821	155	11275	11273	11473	2	200	4	93
25821	156	11279	11278	11477	1	199	3	93
25821	157	11272	11272	11469	0	197	3	93
25821	158	11276	11275	11474	1	199	3	93
25821	159	11278	11275	11477	3	202	4	93
25821	160	11273	11272	11471	1	199	3	93
25821	161	11281	11279	11479	2	200	4	93
25821	162	11273	11271	11470	2	199	3	93
25821	163	11277	11275	11475	2	200	4	93
25821	164	11277	11276	11475	1	199	3	93
25821	165	11273	11271	11471	2	200	4	93
25821	166	11279	11278	11477	1	199	3	93
25821	167	11275	11273	11471	2	198	4	93
25821	168	11278	11276	11476	2	200	4	93
25821	169	11276	11275	11474	1	199	3	93
25821	170	11273	11272	11471	1	199	3	93
25821	171	11279	11279	11476	0	197	3	93
25821	172	11273	11272	11469	1	197	3	93
25821	173	11281	11279	11479	2	200	4	93
25821	174	11276	11274	11474	2	200	3	93
25821	175	11273	11271	11469	2	198	4	93
25821	176	11279	11278	11475	1	197	3	93
25821	177	11274	11272	11470	2	198	3	93
25821	178	11279	11278	11477	1	199	3	93
25821	179	11276	11274	11474	2	200	4	93
25821	180	11273	11272	11469	1	197	3	93
25821	181	11279	11277	11476	2	199	3	93
25821	182	11273	11272	11471	1	199	3	93
25821	183	11279	11278	11477	1	199	3	93
25821	184	11273	11271	11469	2	198	4	93
25821	185	11276	11274	11472	2	198	4	93
25821	186	11279	11278	11476	1	198	4	93
25821	187	11273	11271	11471	2	200	4	93
25821	188	11279	11278	11477	1	199	3	93
25821	189	11274	11272	11469	2	197	3	93
25821	190	11273	11272	11471	1	199	3	93
25821	191	11279	11278	11478	1	200	4	93
25821	192	11273	11272	11469	1	197	3	93
25821	193	11279	11278	11477	1	199	3	93
25821	194	11273	11272	11471	1	199	3	93
25821	195	11273	11271	11471	2	200	4	93
25821	196	11279	11277	11476	2	199	4	93
25821	197	11273	11271	11469	2	198	4	93
25821	198	11279	11278	11475	1	197	3	93
25821	199	11273	11272	11470	1	198	3	93
25821	200	11273	11271	11471	2	200	4	93
25821	201	11279	11278	11477	1	199	3	93
25821	202	11273	11272	11471	1	199	3	93
25821	203	11279	11278	11477	1	199	3	93
25821	204	11273	11272	11471	1	199	3	93
25821	205	11274	11271	11469	3	198	4	93
25821	206	11279	11278	11476	1	198	3	93
25821	207	11272	11272	11469	0	197	3	93
25821	208	11281	11279	11477	2	198	4	93
25821	209	11273	11272	11469	1	197	3	93
25821	210	11273	11272	11469	1	197	3	93
25821	211	11279	11277	11477	2	200	4	93
25821	212	11273	11272	11471	1	199	3	93
25821	213	11279	11278	11475	1	197	3	93
25821	214	11275	11274	11472	1	198	4	93
25821	215	11273	11271	11471	2	200	4	93
25821	216	11279	11277	11477	2	200	4	93
25821	217	11273	11273	11470	0	197	3	93
25821	218	11279	11278	11477	1	199	3	93
25821	219	11273	11273	11470	0	197	3	93
25821	220	11276	11273	11471	3	198	4	93
25821	221	11279	11277	11477	2	200	4	93
25821	222	11274	11272	11471	2	199	3	93
25821	223	11279	11278	11477	1	199	3	93
25821	224	11274	11272	11473	2	201	3	93
25821	225	11273	11272	11471	1	199	3	93
25821	226	11280	11278	11477	2	199	5	93
25821	227	11273	11271	11471	2	200	4	93
25821	228	11279	11278	11477	1	199	3	93
25821	229	11275	11272	11472	3	200	4	93
25821	230	11273	11273	11470	0	197	3	93
25821	231	11280	11278	11477	2	199	3	93
25821	232	11275	11271	11473	4	202	5	93
25821	233	11279	11277	11478	2	201	3	93
25821	234	11275	11273	11470	2	197	3	93
25821	235	11274	11272	11469	2	197	3	93
25821	236	11279	11277	11477	2	200	4	93
25821	237	11273	11271	11472	2	201	3	93
25821	238	11280	11278	11477	2	199	5	93
25821	239	11275	11272	11474	3	202	4	93
25821	240	11273	11272	11471	1	199	3	93
25821	241	11279	11278	11475	1	197	3	93
25821	242	11272	11272	11469	0	197	3	93
25821	243	11278	11277	11476	1	199	3	93
25821	244	11278	11275	11488	3	213	6	94
25821	245	11273	11273	11470	0	197	3	93
25821	246	11279	11277	11477	2	200	4	93
25821	247	11273	11272	11471	1	199	3	93
25821	248	11279	11277	11476	2	199	3	93
25821	249	11276	11275	11473	1	198	4	93
25821	250	11273	11271	11472	2	201	5	93
25821	251	11279	11277	11477	2	200	4	93
25821	252	11273	11272	11471	1	199	3	93
25821	253	11278	11277	11476	1	199	3	93
25821	254	11277	11275	11472	2	197	3	93
25821	255	11273	11272	11470	1	198	3	93
25821	256	11279	11278	11477	1	199	3	93
25821	257	11273	11273	11470	0	197	3	93
25821	258	11279	11277	11476	2	199	3	93
25821	259	11275	11274	11472	1	198	4	93
25821	260	11273	11272	11471	1	199	3	93
25821	261	11279	11277	11477	2	200	4	93
25821	262	11275	11271	11471	4	200	4	93
25821	263	11278	11277	11474	1	197	3	93
25821	264	11276	11274	11475	2	201	3	93
25821	265	11273	11272	11469	1	197	3	93
25821	266	11279	11278	11477	1	199	3	93
25821	267	11275	11273	11473	2	200	4	93
25821	268	11279	11276	11475	3	199	4	93
25821	269	11275	11274	11473	1	199	3	93
25821	270	11273	11272	11469	1	197	3	93
25821	271	11279	11278	11477	1	199	3	93
25821	272	11272	11271	11469	1	198	4	93
25821	273	11281	11277	11480	4	203	5	93
25821	274	11275	11274	11472	1	198	3	93
25821	275	11273	11273	11470	0	197	3	93
25821	276	11279	11277	11477	2	200	3	93
25821	277	11273	11272	11471	1	199	3	93
25821	278	11278	11277	11475	1	198	4	93
25821	279	11277	11275	11473	2	198	4	93
25821	280	11273	11272	11469	1	197	3	93
25821	281	11279	11278	11477	1	199	3	93
25821	282	11273	11272	11471	1	199	3	93
25821	283	11279	11278	11477	1	199	3	93
25821	284	11276	11274	11473	2	199	3	93
25821	285	11275	11273	11473	2	200	4	93
25821	286	11279	11279	11476	0	197	3	93
25821	287	11273	11272	11471	1	199	3	93
25821	288	11279	11277	11476	2	199	4	93
25821	289	11276	11274	11473	2	199	3	93
25821	290	11273	11271	11472	2	201	3	93
25821	291	11281	11279	11479	2	200	4	93
25821	292	11274	11272	11470	2	198	3	93
25821	293	11279	11277	11475	2	198	4	93
25821	294	11274	11273	11471	1	198	4	93
25821	295	11273	11272	11469	1	197	3	93
25821	296	11279	11278	11477	1	199	3	93
25821	297	11276	11273	11473	3	200	4	93
25821	298	11279	11278	11475	1	197	3	93
25821	299	11274	11272	11470	2	198	4	93
25821	300	11273	11272	11469	1	197	3	93
25821	301	11279	11278	11477	1	199	3	93
25821	302	11274	11272	11472	2	200	3	93
25821	303	11281	11279	11479	2	200	4	93
25821	304	11273	11272	11469	1	197	3	93
25821	305	11273	11272	11471	1	199	3	93
25821	306	11279	11278	11477	1	199	3	93
25821	307	11273	11272	11471	1	199	3	93
25821	308	11280	11278	11477	2	199	3	93
25821	309	11275	11273	11471	2	198	4	93
25821	310	11273	11272	11469	1	197	3	93
25821	311	11279	11278	11475	1	197	3	93
25821	312	11273	11272	11471	1	199	3	93
25821	313	11279	11277	11485	2	208	6	94
25821	314	11273	11271	11469	2	198	4	93
25821	315	11275	11272	11473	3	201	5	93
25821	316	11279	11278	11477	1	199	3	93
25821	317	11273	11272	11470	1	198	3	93
25821	318	11279	11277	11475	2	198	4	93
25821	319	11273	11272	11469	1	197	3	93
25821	320	11273	11272	11471	1	199	3	93
25821	321	11281	11279	11477	2	198	4	93
25821	322	11273	11272	11471	1	199	3	93
25821	323	11279	11278	11477	1	199	3	93
25821	324	11273	11271	11471	2	200	4	93
25821	325	11273	11272	11471	1	199	3	93
25821	326	11279	11278	11477	1	199	3	93
25821	327	11273	11271	11471	2	200	4	93
25821	328	11279	11277	11477	2	200	4	93
25821	329	11273	11272	11471	1	199	3	93
25821	330	11273	11272	11471	1	199	3	93
25821	331	11279	11277	11475	2	198	4	93
25821	332	11273	11272	11471	1	199	3	93
25821	333	11280	11278	11477	2	199	3	93
25821	334	11273	11272	11471	1	199	3	93
25821	335	11273	11271	11471	2	200	4	93
25821	336	11279	11278	11477	1	199	3	93
25821	337	11273	11272	11469	1	197	3	93
25821	338	11281	11279	11479	2	200	4	93
25821	339	11274	11273	11472	1	199	3	93
25821	340	11273	11271	11471	2	200	4	93
25821	341	11279	11278	11475	1	197	3	93
25821	342	11273	11271	11471	2	200	4	93
25821	343	11279	11278	11476	1	198	4	93
25821	344	11275	11272	11473	3	201	5	93
25821	345	11273	11272	11471	1	199	3	93
25821	346	11279	11279	11476	0	197	3	93
25821	347	11273	11272	11474	1	202	5	94
25821	348	11279	11278	11477	1	199	3	93
25821	349	11273	11271	11469	2	198	4	93
25821	350	11275	11273	11471	2	198	4	93
25821	351	11279	11277	11477	2	200	4	93
25821	352	11273	11271	11470	2	199	4	93
25821	353	11279	11277	11477	2	200	4	93
25821	354	11273	11272	11471	1	199	3	93
25821	355	11273	11271	11472	2	201	3	93
25821	356	11281	11279	11479	2	200	4	93
25821	357	11272	11272	11469	0	197	3	93
25821	358	11279	11278	11475	1	197	3	93
25821	359	11273	11272	11471	1	199	3	93
25821	360	11274	11273	11472	1	199	3	93
25821	361	11279	11278	11477	1	199	3	93
25821	362	11275	11273	11472	2	199	4	93
25821	363	11279	11277	11477	2	200	4	93
25821	364	11274	11271	11472	3	201	4	93
25821	365	11274	11272	11472	2	200	4	93
25821	366	11279	11278	11477	1	199	3	93
25821	367	11273	11272	11471	1	199	3	93
25821	368	11281	11279	11479	2	200	4	93
25821	369	11273	11272	11471	1	199	3	93
25821	370	11276	11275	11474	1	199	3	93
25821	371	11278	11276	11475	2	199	3	93
25821	372	11273	11272	11471	1	199	3	93
25821	373	11279	11277	11477	2	200	4	93
25821	374	11275	11272	11473	3	201	5	93
25821	375	11279	11277	11475	2	198	4	93
25821	376	11274	11273	11470	1	197	3	93
25821	377	11273	11271	11469	2	198	4	93
25821	378	11279	11279	11476	0	197	3	93
25821	379	11273	11273	11470	0	197	3	93
25821	380	11281	11279	11479	2	200	4	93
25821	381	11273	11272	11476	1	204	5	94
25821	382	11273	11272	11469	1	197	3	93
25821	383	11279	11278	11477	1	199	3	93
25821	384	11273	11272	11471	1	199	3	93
25821	385	11280	11277	11477	3	200	4	93
25821	386	11275	11272	11473	3	201	5	93
25821	387	11273	11271	11469	2	198	4	93
25821	388	11279	11278	11477	1	199	3	93
25821	389	11272	11272	11469	0	197	3	93
25821	390	11279	11277	11477	2	200	4	93
25821	391	11273	11272	11471	1	199	3	93
25821	392	11275	11272	11473	3	201	5	93
25821	393	11279	11278	11477	1	199	3	93
25821	394	11273	11272	11471	1	199	3	93
25821	395	11279	11278	11477	1	199	3	93
25821	396	11273	11271	11471	2	200	4	93
25821	397	11275	11274	11473	1	199	3	93
25821	398	11280	11278	11478	2	200	4	93
25821	399	11273	11272	11471	1	199	3	93
25821	400	11280	11278	11477	2	199	3	93
25821	401	11273	11272	11471	1	199	3	93
25821	402	11278	11278	11475	0	197	3	93
25821	403	11275	11274	11473	1	199	3	93
25821	404	11273	11272	11471	1	199	3	93
25821	405	11279	11279	11476	0	197	3	93
25821	406	11273	11272	11469	1	197	3	93
25821	407	11279	11277	11477	2	200	4	93
25821	408	11272	11271	11469	1	198	4	93
25821	409	11273	11271	11471	2	200	4	93
25821	410	11279	11278	11477	1	199	3	93
25821	411	11273	11272	11471	1	199	3	93
25821	412	11279	11278	11477	1	199	3	93
25821	413	11273	11272	11471	1	199	3	93
25821	414	11273	11272	11471	1	199	3	93
25821	415	11280	11278	11479	2	201	3	93
25821	416	11273	11272	11471	1	199	3	93
25821	417	11279	11277	11477	2	200	4	93
25821	418	11273	11271	11471	2	200	4	93
25821	419	11273	11271	11471	2	200	4	93
25821	420	11279	11279	11476	0	197	3	93
25821	421	11274	11273	11471	1	198	4	93
25821	422	11279	11278	11477	1	199	3	93
25821	423	11273	11272	11471	1	199	3	93
25821	424	11276	11274	11474	2	200	4	93
25821	425	11279	11277	11476	2	199	3	93
25821	426	11273	11272	11471	1	199	3	93
25821	427	11281	11279	11479	2	200	4	93
25821	428	11273	11271	11471	2	200	4	93
25821	429	11278	11278	11475	0	197	3	93
25821	430	11275	11273	11473	2	200	4	93
25821	431	11273	11272	11471	1	199	3	93
25821	432	11279	11278	11477	1	199	3	93
25821	433	11275	11273	11473	2	200	4	93
25821	434	11279	11278	11477	1	199	3	93
25821	435	11273	11271	11470	2	199	3	93
25821	436	11273	11272	11471	1	199	3	93
25821	437	11279	11278	11475	1	197	3	93
25821	438	11272	11271	11469	1	198	4	93
25821	439	11281	11279	11479	2	200	4	93
25821	440	11273	11272	11471	1	199	3	93
25821	441	11273	11273	11470	0	197	3	93
25821	442	11280	11278	11477	2	199	3	93
25821	443	11273	11270	11472	3	202	4	93
25821	444	11279	11277	11477	2	200	4	93
25821	445	11275	11273	11473	2	200	4	93
25821	446	11273	11272	11471	1	199	3	93
25821	447	11280	11278	11479	2	201	3	93
25821	448	11273	11271	11471	2	200	4	93
25821	449	11279	11278	11477	1	199	3	93
25821	450	11273	11271	11481	2	210	6	94
25821	451	11277	11275	11474	2	199	4	93
25821	452	11278	11277	11475	1	198	4	93
25821	453	11273	11271	11471	2	200	4	93
25821	454	11279	11278	11477	1	199	3	93
25821	455	11274	11272	11471	2	199	3	93
25821	456	11278	11277	11476	1	199	3	93
25821	457	11277	11275	11475	2	200	4	93
25821	458	11273	11272	11471	1	199	3	93
25821	459	11279	11278	11477	1	199	3	93
25821	460	11273	11270	11470	3	200	4	93
25821	461	11279	11278	11477	1	199	3	93
25821	462	11273	11272	11470	1	198	4	93
25821	463	11275	11272	11473	3	201	5	93
25821	464	11279	11278	11477	1	199	3	93
25821	465	11273	11272	11469	1	197	3	93
25821	466	11279	11278	11477	1	199	3	93
25821	467	11273	11272	11471	1	199	3	93
25821	468	11273	11272	11471	1	199	3	93
25821	469	11281	11280	11478	1	198	4	93
25821	470	11273	11272	11471	1	199	3	93
25821	471	11279	11277	11476	2	199	3	93
25821	472	11273	11272	11471	1	199	3	93
25821	473	11273	11271	11469	2	198	4	93
25821	474	11279	11278	11476	1	198	4	93
25821	475	11275	11273	11473	2	200	4	93
25821	476	11279	11278	11477	1	199	3	93
25821	477	11273	11272	11471	1	199	3	93
25821	478	11275	11275	11472	0	197	3	93
25821	479	11278	11277	11474	1	197	3	93
25821	480	11273	11272	11469	1	197	3	93
25821	481	11281	11279	11479	2	200	4	93
25821	482	11273	11272	11471	1	199	3	93
25821	483	11278	11276	11474	2	198	4	93
25821	484	11275	11272	11474	3	202	4	93
25821	485	11274	11271	11469	3	198	4	93
25821	486	11280	11278	11476	2	198	3	93
25821	487	11273	11272	11471	1	199	3	93
25821	488	11279	11278	11477	1	199	3	93
25821	489	11273	11272	11471	1	199	3	93
25821	490	11272	11272	11469	0	197	3	93
25821	491	11279	11277	11478	2	201	3	93
25821	492	11273	11270	11470	3	200	4	93
25821	493	11280	11278	11477	2	199	3	93
25821	494	11273	11272	11469	1	197	3	93
25821	495	11273	11272	11471	1	199	3	93
25821	496	11279	11278	11477	1	199	3	93
25821	497	11273	11271	11470	2	199	3	93
25821	498	11281	11279	11479	2	200	4	93
25821	499	11273	11272	11471	1	199	3	93
25821	500	11273	11270	11472	3	202	4	93
25821	501	11279	11277	11477	2	200	4	93
25821	502	11273	11272	11471	1	199	3	93
25821	503	11279	11277	11475	2	198	4	93
25821	504	11275	11273	11473	2	200	4	93
25821	505	11275	11274	11473	1	199	3	93
25821	506	11279	11276	11476	3	200	4	93
25821	507	11273	11272	11471	1	199	3	93
25821	508	11280	11278	11476	2	198	3	93
25821	509	11273	11272	11471	1	199	3	93
25821	510	11280	11278	11476	2	198	4	93
25821	511	11276	11273	11473	3	200	4	93
25821	512	11273	11271	11471	2	200	4	93
25821	513	11279	11278	11477	1	199	3	93
25821	514	11273	11272	11469	1	197	3	93
25821	515	11280	11278	11477	2	199	3	93
25821	516	11275	11273	11473	2	200	4	93
25821	517	11273	11272	11471	1	199	3	93
25821	518	11279	11279	11476	0	197	3	93
25821	519	11273	11272	11479	1	207	5	94
25821	520	11279	11277	11477	2	200	4	93
25821	521	11273	11271	11471	2	200	4	93
25821	522	11275	11273	11473	2	200	4	93
25821	523	11279	11277	11475	2	198	4	93
25821	524	11273	11271	11470	2	199	3	93
25821	525	11279	11277	11477	2	200	4	93
25821	526	11273	11271	11471	2	200	4	93
25821	527	11273	11272	11471	1	199	3	93
25821	528	11281	11280	11478	1	198	4	93
25821	529	11273	11272	11469	1	197	3	93
25821	530	11279	11278	11477	1	199	3	93
25821	531	11273	11271	11471	2	200	4	93
25821	532	11276	11274	11473	2	199	3	93
25821	533	11278	11277	11474	1	197	3	93
25821	534	11275	11273	11473	2	200	4	93
25821	535	11279	11278	11475	1	197	3	93
25821	536	11273	11272	11470	1	198	3	93
25821	537	11279	11277	11476	2	199	3	93
25821	538	11275	11274	11473	1	199	3	93
25821	539	11273	11272	11471	1	199	3	93
25821	540	11281	11279	11479	2	200	4	93
25821	541	11273	11272	11471	1	199	3	93
25821	542	11279	11279	11476	0	197	3	93
25821	543	11272	11272	11469	0	197	3	93
25821	544	11273	11272	11471	1	199	3	93
25821	545	11279	11277	11475	2	198	4	93
25821	546	11273	11271	11474	2	203	5	93
25821	547	11279	11277	11477	2	200	4	93
25821	548	11273	11270	11470	3	200	4	93
25821	549	11279	11278	11475	1	197	3	93
25821	550	11272	11272	11469	0	197	3	93
25821	551	11273	11271	11471	2	200	3	93
25821	552	11279	11278	11475	1	197	3	93
25821	553	11273	11272	11478	1	206	5	94
25821	554	11279	11278	11477	1	199	3	93
25821	555	11273	11272	11471	1	199	3	93
25821	556	11279	11277	11477	2	200	4	93
25821	557	11272	11271	11471	1	200	4	93
25821	558	11273	11272	11471	1	199	3	93
25821	559	11279	11278	11477	1	199	3	93
25821	560	11273	11272	11471	1	199	3	93
25821	561	11280	11278	11478	2	200	3	93
25821	562	11272	11271	11469	1	198	4	93
25821	563	11279	11278	11479	1	201	3	93
25821	564	11273	11272	11471	1	199	3	93
25821	565	11273	11271	11471	2	200	3	93
25821	566	11279	11277	11477	2	200	4	93
25821	567	11273	11271	11470	2	199	4	93
25821	568	11280	11278	11477	2	199	3	93
25821	569	11275	11273	11473	2	200	4	93
25821	570	11279	11279	11476	0	197	3	93
25821	571	11273	11271	11470	2	199	3	93
25821	572	11273	11272	11470	1	198	3	93
25821	573	11279	11278	11477	1	199	3	93
25821	574	11273	11271	11472	2	201	3	93
25821	575	11282	11279	11477	3	198	4	93
25821	576	11273	11271	11470	2	199	3	93
25821	577	11279	11278	11477	1	199	3	93
25821	578	11273	11272	11469	1	197	3	93
25821	579	11274	11273	11470	1	197	3	93
25821	580	11279	11278	11477	1	199	3	93
25821	581	11275	11273	11473	2	200	4	93
25821	582	11279	11277	11477	2	200	4	93
25821	583	11273	11272	11469	1	197	3	93
25821	584	11279	11278	11475	1	197	3	93
25821	585	11273	11271	11472	2	201	3	93
25821	586	11274	11273	11472	1	199	3	93
25821	587	11283	11279	11481	4	202	6	93
25821	588	11273	11272	11469	1	197	3	93
25821	589	11279	11279	11476	0	197	3	93
25821	590	11274	11273	11471	1	198	4	93
25821	591	11279	11278	11477	1	199	3	93
25821	592	11273	11270	11472	3	202	4	93
25821	593	11276	11274	11472	2	198	4	93
25821	594	11279	11277	11475	2	198	4	93
25821	595	11278	11273	11476	5	203	4	93
25821	596	11279	11278	11477	1	199	3	93
25821	597	11272	11272	11469	0	197	3	93
25821	598	11279	11278	11477	1	199	3	93
25821	599	11274	11273	11471	1	198	4	93
25821	600	11274	11273	11470	1	197	3	93
25821	601	11279	11278	11477	1	199	3	93
25821	602	11272	11272	11469	0	197	3	93
25821	603	11279	11277	11477	2	200	4	93
25821	604	11273	11270	11472	3	202	4	93
25821	605	11281	11278	11479	3	201	5	93
25821	606	11273	11271	11468	2	197	3	93
25821	607	11274	11273	11472	1	199	3	93
25821	608	11279	11277	11477	2	200	4	93
25821	609	11273	11270	11472	3	202	4	93
25821	610	11279	11279	11476	0	197	3	93
25821	611	11275	11273	11473	2	200	4	93
25821	612	11280	11278	11479	2	201	3	93
25821	613	11273	11272	11469	1	197	3	93
25821	614	11274	11273	11472	1	199	3	93
25821	615	11279	11278	11477	1	199	3	93
25821	616	11272	11271	11469	1	198	4	93
25821	617	11281	11279	11477	2	198	4	93
25821	618	11272	11272	11469	0	197	3	93
25821	619	11279	11278	11477	1	199	3	93
25821	620	11273	11272	11471	1	199	3	93
25821	621	11274	11271	11470	3	199	4	93
25821	622	11279	11278	11477	1	199	3	93
25821	623	11275	11273	11472	2	199	4	93
25821	624	11279	11278	11477	1	199	3	93
25821	625	11273	11272	11471	1	199	3	93
25821	626	11279	11278	11477	1	199	3	93
25821	627	11273	11270	11470	3	200	4	93
25821	628	11272	11272	11469	0	197	3	93
25821	629	11281	11279	11479	2	200	4	93
25821	630	11273	11272	11471	1	199	3	93
25821	631	11279	11277	11477	2	200	4	93
25821	632	11272	11271	11469	1	198	4	93
25821	633	11279	11278	11477	1	199	3	93
25821	634	11273	11271	11472	2	201	3	93
25821	635	11278	11275	11477	3	202	4	93
25821	636	11278	11277	11476	1	199	3	93
25821	637	11272	11271	11469	1	198	4	93
25821	638	11279	11278	11475	1	197	3	93
25821	639	11273	11271	11470	2	199	3	93
25821	640	11279	11278	11476	1	198	3	93
25821	641	11273	11271	11471	2	200	4	93
25821	642	11279	11278	11477	1	199	3	93
25821	643	11275	11273	11474	2	201	3	93
25821	644	11272	11272	11469	0	197	3	93
25821	645	11279	11278	11477	1	199	3	93
25821	646	11273	11271	11472	2	201	3	93
25821	647	11280	11278	11477	2	199	4	93
25821	648	11273	11271	11469	2	198	4	93
25821	649	11279	11278	11477	1	199	3	93
25821	650	11273	11271	11472	2	201	3	93
25821	651	11273	11271	11471	2	200	4	93
25821	652	11279	11277	11480	2	203	5	93
25821	653	11272	11271	11470	1	199	3	93
25821	654	11279	11278	11477	1	199	3	93
25821	655	11273	11271	11472	2	201	3	93
25821	656	11279	11278	11477	1	199	3	93
25821	657	11272	11272	11469	0	197	3	93
25821	658	11279	11277	11477	2	200	4	93
25821	659	11277	11276	11475	1	199	3	93
25821	660	11272	11272	11469	0	197	3	93
25821	661	11279	11279	11476	0	197	3	93
25821	662	11273	11270	11470	3	200	4	93
25821	663	11279	11277	11477	2	200	4	93
25821	664	11274	11271	11472	3	201	5	93
25821	665	11279	11277	11477	2	200	4	93
25821	666	11274	11272	11473	2	201	3	93
25821	667	11273	11271	11471	2	200	4	93
25821	668	11279	11278	11475	1	197	3	93
25821	669	11272	11272	11469	0	197	3	93
25821	670	11281	11279	11479	2	200	4	93
25821	671	11273	11272	11469	1	197	3	93
25821	672	11279	11278	11477	1	199	3	93
25821	673	11273	11272	11471	1	199	3	93
25821	674	11273	11271	11470	2	199	3	93
25821	675	11279	11277	11477	2	200	4	93
25821	676	11274	11272	11471	2	199	5	93
25821	677	11279	11278	11477	1	199	3	93
25821	678	11273	11271	11470	2	199	3	93
25821	679	11279	11278	11477	1	199	3	93
25821	680	11273	11272	11471	1	199	3	93
25821	681	11276	11274	11474	2	200	4	93
25821	682	11280	11278	11478	2	200	4	93
25821	683	11272	11272	11469	0	197	3	93
25821	684	11279	11278	11475	1	197	3	93
25821	685	11273	11271	11469	2	198	4	93
25821	686	11279	11277	11476	2	199	4	93
25821	687	11273	11271	11472	2	201	3	93
25821	688	11280	11279	11477	1	198	4	93
25821	689	11274	11273	11472	1	199	3	93
25821	690	11272	11272	11469	0	197	3	93
25821	691	11279	11277	11476	2	199	4	93
25821	692	11273	11271	11470	2	199	3	93
25821	693	11279	11278	11477	1	199	3	93
25821	694	11275	11272	11472	3	200	4	93
25821	695	11279	11277	11477	2	200	4	93
25821	696	11273	11272	11469	1	197	3	93
25821	697	11272	11272	11469	0	197	3	93
25821	698	11279	11278	11477	1	199	3	93
25821	699	11273	11272	11471	1	199	3	93
25821	700	11281	11279	11479	2	200	4	93
25821	701	11272	11271	11469	1	198	4	93
25821	702	11279	11278	11477	1	199	3	93
25821	703	11272	11272	11469	0	197	3	93
25821	704	11273	11273	11470	0	197	3	93
25821	705	11279	11278	11477	1	199	3	93
25821	706	11274	11272	11471	2	199	5	93
25821	707	11279	11278	11477	1	199	3	93
25821	708	11273	11272	11469	1	197	3	93
25821	709	11279	11278	11475	1	197	3	93
25821	710	11273	11272	11469	1	197	3	93
25821	711	11276	11275	11473	1	198	3	93
25821	712	11278	11277	11476	1	199	3	93
25821	713	11273	11272	11471	1	199	3	93
25821	714	11279	11278	11477	1	199	3	93
25821	715	11273	11272	11471	1	199	3	93
25821	716	11279	11277	11477	2	200	4	93
25821	717	11273	11271	11470	2	199	3	93
25821	718	11278	11277	11474	1	197	3	93
25821	719	11275	11274	11473	1	199	3	93
25821	720	11272	11271	11468	1	197	3	93
25821	721	11279	11278	11477	1	199	3	93
25821	722	11273	11271	11471	2	200	3	93
25821	723	11279	11278	11477	1	199	3	93
25821	724	11273	11272	11471	1	199	3	93
25821	725	11279	11278	11477	1	199	3	93
25821	726	11273	11271	11470	2	199	3	93
25821	727	11279	11278	11477	1	199	3	93
25821	728	11274	11272	11472	2	200	4	93
25821	729	11275	11271	11472	4	201	5	93
25821	730	11279	11277	11477	2	200	4	93
25821	731	11273	11270	11470	3	200	4	93
25821	732	11279	11278	11477	1	199	3	93
25821	733	11272	11272	11469	0	197	3	93
25821	734	11279	11278	11475	1	197	3	93
25821	735	11274	11272	11472	2	200	4	93
25821	736	11279	11278	11475	1	197	3	93
25821	737	11273	11272	11470	1	198	3	93
25821	738	11273	11271	11470	2	199	3	93
25821	739	11279	11279	11476	0	197	3	93
25821	740	11272	11272	11469	0	197	3	93
25821	741	11280	11278	11477	2	199	5	93
25821	742	11273	11270	11470	3	200	4	93
25821	743	11279	11278	11476	1	198	4	93
25821	744	11273	11270	11468	3	198	4	93
25821	745	11279	11277	11478	2	201	3	93
25821	746	11273	11271	11471	2	200	3	93
25821	747	11275	11272	11474	3	202	4	93
25821	748	11279	11278	11477	1	199	3	93
25821	749	11272	11271	11470	1	199	3	93
25821	750	11279	11278	11477	1	199	3	93
25821	751	11273	11271	11472	2	201	3	93
25821	752	11279	11278	11477	1	199	3	93
25821	753	11275	11271	11474	4	203	5	93
25821	754	11279	11277	11477	2	200	4	93
25821	755	11272	11270	11470	2	200	4	93
25821	756	11273	11271	11470	2	199	3	93
25821	757	11279	11277	11477	2	200	4	93
25821	758	11273	11271	11470	2	199	3	93
25821	759	11281	11279	11479	2	200	4	93
25821	760	11272	11271	11470	1	199	3	93
25821	761	11279	11278	11477	1	199	3	93
25821	762	11273	11271	11470	2	199	3	93
25821	763	11279	11277	11477	2	200	4	93
25821	764	11273	11272	11471	1	199	3	93
25821	765	11275	11272	11474	3	202	4	93
25821	766	11279	11276	11477	3	201	5	93
25821	767	11272	11272	11469	0	197	3	93
25821	768	11279	11277	11475	2	198	4	93
25821	769	11273	11271	11470	2	199	3	93
25821	770	11279	11278	11477	1	199	3	93
25821	771	11274	11273	11471	1	198	4	93
25821	772	11279	11278	11477	1	199	3	93
25821	773	11272	11271	11470	1	199	3	93
25821	774	11273	11271	11471	2	200	3	93
25821	775	11279	11278	11475	1	197	3	93
25821	776	11273	11272	11469	1	197	3	93
25821	777	11281	11278	11479	3	201	5	93
25821	778	11272	11270	11468	2	198	4	93
25821	779	11279	11277	11475	2	198	4	93
25821	780	11273	11272	11471	1	199	3	93
25821	781	11279	11278	11477	1	199	3	93
25821	782	11273	11271	11470	2	199	3	93
25821	783	11274	11272	11472	2	200	4	93
25821	784	11279	11278	11477	1	199	3	93
25821	785	11272	11272	11469	0	197	3	93
25821	786	11279	11278	11477	1	199	3	93
25821	787	11272	11272	11469	0	197	3	93
25821	788	11279	11278	11477	1	199	3	93
25821	789	11275	11272	11472	3	200	4	93
25821	790	11279	11276	11478	3	202	4	93
25821	791	11275	11274	11473	1	199	3	93
25821	792	11272	11272	11469	0	197	3	93
25821	793	11279	11277	11474	2	197	3	93
25821	794	11273	11272	11471	1	199	3	93
25821	795	11281	11279	11479	2	200	4	93
25821	796	11273	11272	11471	1	199	3	93
25821	797	11279	11278	11475	1	197	3	93
25821	798	11272	11272	11469	0	197	3	93
25821	799	11275	11274	11472	1	198	4	93
25821	800	11278	11275	11475	3	200	4	93
25821	801	11275	11272	11471	3	199	5	93
25821	802	11279	11277	11477	2	200	4	93
25821	803	11272	11271	11469	1	198	4	93
25821	804	11279	11278	11477	1	199	3	93
25821	805	11273	11271	11468	2	197	3	93
25821	806	11279	11278	11477	1	199	3	93
25821	807	11272	11271	11470	1	199	3	93
25821	808	11273	11272	11471	1	199	3	93
25821	809	11279	11278	11477	1	199	3	93
25821	810	11273	11272	11471	1	199	3	93
25821	811	11279	11278	11477	1	199	3	93
25821	812	11272	11271	11470	1	199	3	93
25821	813	11279	11278	11477	1	199	3	93
25821	814	11273	11271	11471	2	200	4	93
25821	815	11279	11278	11476	1	198	4	93
25821	816	11273	11272	11471	1	199	3	93
25821	817	11273	11271	11472	2	201	3	93
25821	818	11279	11278	11477	1	199	3	93
25821	819	11273	11271	11472	2	201	3	93
25821	820	11279	11278	11477	1	199	3	93
25821	821	11272	11271	11470	1	199	3	93
25821	822	11279	11278	11477	1	199	3	93
25821	823	11273	11272	11471	1	199	3	93
25821	824	11277	11276	11473	1	197	3	93
25821	825	11277	11276	11475	1	199	3	93
25821	826	11273	11270	11471	3	201	4	93
25821	827	11279	11277	11477	2	200	4	93
25821	828	11273	11271	11472	2	201	3	93
25821	829	11279	11278	11477	1	199	3	93
25821	830	11272	11271	11472	1	201	5	93
25821	831	11279	11279	11476	0	197	3	93
25821	832	11272	11271	11470	1	199	3	93
25821	833	11273	11272	11471	1	199	3	93
25821	834	11280	11278	11477	2	199	3	93
25821	835	11272	11271	11470	1	199	3	93
25821	836	11281	11279	11479	2	200	4	93
25821	837	11272	11272	11469	0	197	3	93
25821	838	11279	11277	11477	2	200	4	93
25821	839	11272	11271	11469	1	198	4	93
25821	840	11278	11276	11476	2	200	4	93
25821	841	11275	11274	11473	1	199	3	93
25821	842	11275	11273	11473	2	200	4	93
25821	843	11280	11278	11475	2	197	3	93
25821	844	11272	11270	11470	2	200	4	93
25821	845	11279	11278	11475	1	197	3	93
25821	846	11273	11271	11468	2	197	3	93
25821	847	11279	11278	11477	1	199	3	93
25821	848	11275	11272	11474	3	202	4	93
25821	849	11273	11272	11471	1	199	3	93
25821	850	11279	11278	11477	1	199	3	93
25821	851	11273	11271	11472	2	201	3	93
25821	852	11279	11278	11477	1	199	3	93
25821	853	11273	11271	11471	2	200	4	93
25821	854	11281	11279	11479	2	200	4	93
25821	855	11272	11272	11469	0	197	3	93
25821	856	11279	11278	11475	1	197	3	93
25821	857	11274	11274	11471	0	197	3	93
25821	858	11273	11271	11470	2	199	3	93
25821	859	11280	11277	11475	3	198	4	93
25821	860	11274	11272	11471	2	199	5	93
25821	861	11280	11278	11478	2	200	3	93
25821	862	11272	11272	11469	0	197	3	93
25821	863	11278	11278	11475	0	197	3	93
25821	864	11272	11271	11470	1	199	3	93
25821	865	11273	11273	11470	0	197	3	93
25821	866	11281	11280	11478	1	198	4	93
25821	867	11273	11272	11471	1	199	3	93
25821	868	11279	11278	11477	1	199	3	93
25821	869	11273	11270	11472	3	202	4	93
25821	870	11279	11278	11477	1	199	3	93
25821	871	11272	11272	11469	0	197	3	93
25821	872	11281	11278	11478	3	200	4	93
25821	873	11275	11272	11474	3	202	4	93
25821	874	11273	11271	11469	2	198	4	93
25821	875	11279	11278	11477	1	199	3	93
25821	876	11272	11272	11469	0	197	3	93
25821	877	11280	11278	11477	2	199	3	93
25821	878	11274	11273	11471	1	198	4	93
25821	879	11279	11277	11477	2	200	4	93
25821	880	11273	11272	11471	1	199	3	93
25821	881	11273	11270	11471	3	201	4	93
25821	882	11279	11278	11477	1	199	3	93
25821	883	11273	11271	11470	2	199	3	93
25821	884	11281	11278	11479	3	201	5	93
25821	885	11273	11272	11469	1	197	3	93
25821	886	11279	11278	11477	1	199	3	93
25821	887	11273	11271	11470	2	199	3	93
25821	888	11277	11277	11474	0	197	3	93
25821	889	11276	11273	11473	3	200	4	93
25821	890	11274	11273	11471	1	198	4	93
25821	891	11280	11278	11475	2	197	3	93
25821	892	11273	11271	11472	2	201	3	93
25821	893	11279	11278	11477	1	199	3	93
25821	894	11272	11270	11470	2	200	4	93
25821	895	11279	11278	11477	1	199	3	93
25821	896	11274	11272	11471	2	199	4	93
25821	897	11279	11278	11477	1	199	3	93
25821	898	11272	11271	11470	1	199	3	93
25821	899	11279	11278	11477	1	199	3	93
25821	900	11274	11273	11472	1	199	3	93
25821	901	11275	11274	11471	1	197	3	93
25821	902	11280	11278	11478	2	200	4	93
25821	903	11272	11271	11470	1	199	3	93
25821	904	11280	11278	11476	2	198	3	93
25821	905	11272	11271	11470	1	199	3	93
25821	906	11280	11278	11477	2	199	3	93
25821	907	11272	11270	11468	2	198	4	93
25821	908	11281	11278	11479	3	201	5	93
25821	909	11272	11270	11470	2	200	4	93
25821	910	11279	11279	11476	0	197	3	93
25821	911	11272	11271	11470	1	199	3	93
25821	912	11279	11277	11475	2	198	4	93
25821	913	11272	11271	11468	1	197	3	93
25821	914	11279	11277	11478	2	201	5	93
25821	915	11272	11272	11469	0	197	3	93
25821	916	11279	11278	11477	1	199	3	93
25821	917	11272	11271	11470	1	199	3	93
25821	918	11279	11277	11477	2	200	4	93
25821	919	11272	11270	11470	2	200	4	93
25821	920	11275	11274	11473	1	199	3	93
25821	921	11278	11276	11477	2	201	3	93
25821	922	11272	11271	11470	1	199	3	93
25821	923	11279	11277	11477	2	200	4	93
25821	924	11272	11272	11469	0	197	3	93
25821	925	11279	11278	11479	1	201	3	93
25821	926	11272	11271	11470	1	199	3	93
25821	927	11279	11278	11475	1	197	3	93
25821	928	11272	11270	11468	2	198	4	93
25821	929	11278	11278	11475	0	197	3	93
25821	930	11272	11272	11469	0	197	3	93
25821	931	11281	11279	11477	2	198	4	93
25821	932	11272	11270	11470	2	200	4	93
25821	933	11279	11277	11477	2	200	4	93
25821	934	11272	11271	11469	1	198	4	93
25821	935	11279	11277	11477	2	200	4	93
25821	936	11272	11271	11469	1	198	4	93
25821	937	11280	11278	11478	2	200	4	93
25821	938	11274	11274	11471	0	197	3	93
25821	939	11273	11273	11470	0	197	3	93
25821	940	11279	11278	11477	1	199	3	93
25821	941	11273	11271	11470	2	199	3	93
25821	942	11279	11278	11475	1	197	3	93
25821	943	11274	11272	11470	2	198	4	93
25821	944	11279	11278	11477	1	199	3	93
25821	945	11273	11271	11470	2	199	3	93
25821	946	11279	11277	11477	2	200	4	93
25821	947	11272	11270	11468	2	198	4	93
25821	948	11279	11276	11476	3	200	4	93
25821	949	11275	11271	11472	4	201	5	93
25821	950	11279	11278	11477	1	199	3	93
25821	951	11272	11271	11470	1	199	3	93
25821	952	11279	11278	11477	1	199	3	93
25821	953	11272	11270	11469	2	199	3	93
25821	954	11277	11276	11473	1	197	3	93
25821	955	11279	11276	11477	3	201	5	93
25821	956	11272	11271	11470	1	199	3	93
25821	957	11279	11278	11477	1	199	3	93
25821	958	11272	11271	11470	1	199	3	93
25821	959	11279	11277	11477	2	200	4	93
25821	960	11272	11270	11470	2	200	4	93
25821	961	11281	11278	11479	3	201	5	93
25821	962	11272	11270	11470	2	200	4	93
25821	963	11279	11278	11477	1	199	3	93
25821	964	11273	11271	11470	2	199	3	93
25821	965	11278	11278	11475	0	197	3	93
25821	966	11272	11272	11469	0	197	3	93
25821	967	11281	11279	11479	2	200	4	93
25821	968	11272	11271	11470	1	199	3	93
25821	969	11279	11279	11476	0	197	3	93
25821	970	11272	11270	11470	2	200	4	93
25821	971	11275	11274	11473	1	199	3	93
25821	972	11278	11277	11476	1	199	3	93
25821	973	11274	11272	11472	2	200	4	93
25821	974	11279	11279	11476	0	197	3	93
25821	975	11272	11270	11470	2	200	4	93
25821	976	11279	11278	11477	1	199	3	93
25821	977	11272	11271	11468	1	197	3	93
25821	978	11279	11278	11476	1	198	3	93
25821	979	11274	11272	11472	2	200	4	93
25821	980	11279	11279	11476	0	197	3	93
25821	981	11272	11272	11469	0	197	3	93
25821	982	11279	11278	11477	1	199	3	93
25821	983	11271	11271	11468	0	197	3	93
25821	984	11279	11277	11475	2	198	4	93
25821	985	11274	11272	11471	2	199	5	93
25821	986	11279	11278	11477	1	199	3	93
25821	987	11272	11271	11468	1	197	3	93
25821	988	11277	11276	11475	1	199	3	93
25821	989	11276	11275	11474	1	199	3	93
25821	990	11273	11270	11470	3	200	4	93
25821	991	11279	11278	11478	1	200	4	93
25821	992	11273	11271	11470	2	199	3	93
25821	993	11279	11278	11477	1	199	3	93
25821	994	11272	11270	11470	2	200	4	93
25821	995	11279	11278	11477	1	199	3	93
25821	996	11272	11271	11468	1	197	3	93
25821	997	11279	11278	11475	1	197	3	93
25821	998	11272	11271	11470	1	199	3	93
25821	999	11280	11277	11477	3	200	4	93
25821	1000	11272	11270	11470	2	200	4	93
