RUNID	ITERNUM	METIME	PRTIME	TPRTIME	DIFF	TDIFF	NRPROCS	NPROCS
27061	1	19794	19790	19991	4	201	5	93
27061	2	19793	19792	19990	1	198	4	93
27061	3	19794	19791	19992	3	201	5	93
27061	4	19794	19791	19993	3	202	4	93
27061	5	19795	19792	19994	3	202	4	93
27061	6	19795	19792	19993	3	201	4	93
27061	7	19795	19794	19992	1	198	4	93
27061	8	19796	19793	19993	3	200	4	93
27061	9	19796	19794	19992	2	198	4	93
27061	10	19796	19794	19993	2	199	5	93
27061	11	19795	19794	19992	1	198	4	93
27061	12	19796	19794	19992	2	198	4	93
27061	13	19796	19794	19992	2	198	4	93
27061	14	19795	19793	19991	2	198	4	93
27061	15	19796	19794	19994	2	200	4	93
27061	16	19795	19793	19991	2	198	4	93
27061	17	19796	19793	19995	3	202	4	93
27061	18	19794	19793	19991	1	198	4	93
27061	19	19795	19793	19991	2	198	4	93
27061	20	19858	19809	20051	49	242	12	111
27061	21	19793	19791	19990	2	199	5	93
27061	22	19793	19792	19990	1	198	4	93
27061	23	19792	19791	19990	1	199	3	93
27061	24	19793	19792	19990	1	198	4	93
27061	25	19794	19792	19990	2	198	4	93
27061	26	19794	19792	19990	2	198	4	93
27061	27	19794	19791	19991	3	200	4	93
27061	28	19794	19791	19991	3	200	4	93
27061	29	19793	19792	19992	1	200	4	93
27061	30	19793	19792	19990	1	198	4	93
27061	31	19794	19792	19990	2	198	4	93
27061	32	19793	19791	19990	2	199	5	93
27061	33	19794	19792	19990	2	198	4	93
27061	34	19794	19792	19992	2	200	4	93
27061	35	19793	19792	19990	1	198	4	93
27061	36	19794	19791	19990	3	199	5	93
27061	37	19793	19791	19990	2	199	5	93
27061	38	19794	19792	19990	2	198	4	93
27061	39	19794	19792	19992	2	200	4	93
27061	40	19794	19792	19990	2	198	4	93
27061	41	19794	19792	19990	2	198	4	93
27061	42	19794	19791	19990	3	199	5	93
27061	43	19793	19791	19990	2	199	5	93
27061	44	19794	19791	19990	3	199	5	93
27061	45	19793	19791	19991	2	200	4	93
27061	46	19794	19792	19990	2	198	4	93
27061	47	19794	19790	19992	4	202	5	93
27061	48	19793	19792	19990	1	198	4	93
27061	49	19794	19792	19992	2	200	4	93
27061	50	19794	19791	19990	3	199	5	93
27061	51	19793	19791	19990	2	199	4	93
27061	52	19794	19793	19991	1	198	4	93
27061	53	19793	19791	19990	2	199	5	93
27061	54	19793	19792	19992	1	200	4	93
27061	55	19794	19792	19990	2	198	4	93
27061	56	19793	19791	19990	2	199	5	93
27061	57	19794	19792	19990	2	198	4	93
27061	58	19793	19792	19990	1	198	4	93
27061	59	19794	19790	19992	4	202	5	93
27061	60	19794	19792	19990	2	198	4	93
27061	61	19794	19791	19991	3	200	4	93
27061	62	19793	19790	19991	3	201	5	93
27061	63	19794	19792	19990	2	198	4	93
27061	64	19794	19791	19989	3	198	4	93
27061	65	19794	19791	19990	3	199	5	93
27061	66	19794	19792	19999	2	207	6	94
27061	67	19794	19791	19991	3	200	4	93
27061	68	19794	19791	19990	3	199	5	93
27061	69	19793	19792	19990	1	198	4	93
27061	70	19794	19792	19990	2	198	4	93
27061	71	19794	19791	19992	3	201	5	93
27061	72	19794	19791	19993	3	202	4	93
27061	73	19792	19791	19989	1	198	4	93
27061	74	19793	19791	19991	2	200	5	93
27061	75	19793	19792	19990	1	198	4	93
27061	76	19794	19792	19990	2	198	4	93
27061	77	19793	19791	19990	2	199	5	93
27061	78	19794	19792	19992	2	200	4	93
27061	79	19793	19792	19990	1	198	4	93
27061	80	19794	19792	19990	2	198	4	93
27061	81	19794	19791	19990	3	199	5	93
27061	82	19794	19791	19990	3	199	5	93
27061	83	19793	19791	19991	2	200	4	93
27061	84	19794	19792	19990	2	198	4	93
27061	85	19793	19791	19990	2	199	5	93
27061	86	19794	19792	19990	2	198	4	93
27061	87	19794	19791	19993	3	202	4	93
27061	88	19794	19792	19990	2	198	4	93
27061	89	19794	19791	19993	3	202	4	93
27061	90	19794	19792	19990	2	198	4	93
27061	91	19793	19792	19990	1	198	4	93
27061	92	19794	19790	19992	4	202	5	93
27061	93	19794	19792	19990	2	198	4	93
27061	94	19793	19792	19992	1	200	4	93
27061	95	19794	19792	19990	2	198	4	93
27061	96	19793	19792	19990	1	198	4	93
27061	97	19794	19792	19990	2	198	4	93
27061	98	19794	19791	19991	3	200	4	93
27061	99	19794	19791	19990	3	199	5	93
27061	100	19794	19791	19992	3	201	5	93
27061	101	19794	19791	19991	3	200	4	93
27061	102	19794	19792	19992	2	200	4	93
27061	103	19794	19792	19990	2	198	4	93
27061	104	19794	19791	19992	3	201	4	93
27061	105	19794	19791	19990	3	199	5	93
27061	106	19794	19791	19992	3	201	5	93
27061	107	19793	19792	19990	1	198	4	93
27061	108	19793	19792	19990	1	198	4	93
27061	109	19793	19792	19990	1	198	4	93
27061	110	19793	19792	19990	1	198	4	93
27061	111	19794	19792	19990	2	198	4	93
27061	112	19794	19791	19990	3	199	5	93
27061	113	19794	19791	19990	3	199	5	93
27061	114	19794	19792	19990	2	198	4	93
27061	115	19793	19792	19990	1	198	4	93
27061	116	19794	19792	19990	2	198	4	93
27061	117	19794	19791	19990	3	199	5	93
27061	118	19794	19792	19990	2	198	4	93
27061	119	19794	19791	19993	3	202	4	93
27061	120	19793	19792	19990	1	198	4	93
27061	121	19794	19792	19992	2	200	4	93
27061	122	19793	19792	19990	1	198	4	93
27061	123	19794	19791	19992	3	201	4	93
27061	124	19792	19791	19991	1	200	4	93
27061	125	19792	19789	19992	3	203	5	93
27061	126	19794	19792	19990	2	198	4	93
27061	127	19794	19792	19992	2	200	4	93
27061	128	19793	19791	19989	2	198	4	93
27061	129	19794	19792	19990	2	198	4	93
27061	130	19794	19792	19992	2	200	4	93
27061	131	19793	19792	19990	1	198	4	93
27061	132	19794	19791	19992	3	201	5	93
27061	133	19794	19792	19990	2	198	4	93
27061	134	19793	19792	19990	1	198	4	93
27061	135	19794	19792	19990	2	198	4	93
27061	136	19793	19792	19990	1	198	4	93
27061	137	19793	19792	19990	1	198	4	93
27061	138	19794	19791	19993	3	202	4	93
27061	139	19794	19790	19991	4	201	5	93
27061	140	19793	19791	19990	2	199	5	93
27061	141	19794	19792	19992	2	200	4	93
27061	142	19793	19792	19990	1	198	4	93
27061	143	19794	19791	19993	3	202	4	93
27061	144	19794	19791	19991	3	200	4	93
27061	145	19795	19791	19992	4	201	5	93
27061	146	19793	19791	19991	2	200	4	93
27061	147	19793	19792	19990	1	198	4	93
27061	148	19794	19792	19992	2	200	4	93
27061	149	19794	19791	19991	3	200	4	93
27061	150	19794	19792	19990	2	198	4	93
27061	151	19794	19792	19992	2	200	4	93
27061	152	19794	19790	19991	4	201	5	93
27061	153	19794	19791	19989	3	198	4	93
27061	154	19793	19792	19992	1	200	4	93
27061	155	19794	19790	19991	4	201	5	93
27061	156	19797	19795	19993	2	198	4	93
27061	157	19794	19791	19989	3	198	4	93
27061	158	19794	19791	19992	3	201	5	93
27061	159	19794	19792	19990	2	198	4	93
27061	160	19794	19791	19991	3	200	4	93
27061	161	19794	19791	19992	3	201	5	93
27061	162	19794	19792	19990	2	198	4	93
27061	163	19794	19792	19990	2	198	4	93
27061	164	19794	19792	19992	2	200	4	93
27061	165	19794	19791	19990	3	199	5	93
27061	166	19793	19791	19990	2	199	5	93
27061	167	19794	19791	19993	3	202	4	93
27061	168	19793	19792	19990	1	198	4	93
27061	169	19794	19792	19990	2	198	4	93
27061	170	19794	19792	19990	2	198	4	93
27061	171	19793	19792	19990	1	198	4	93
27061	172	19794	19791	19990	3	199	5	93
27061	173	19793	19791	19990	2	199	5	93
27061	174	19793	19792	19990	1	198	4	93
27061	175	19792	19790	19994	2	204	4	93
27061	176	19794	19792	19990	2	198	4	93
27061	177	19794	19791	19991	3	200	4	93
27061	178	19793	19791	19992	2	201	5	93
27061	179	19794	19790	19990	4	200	5	93
27061	180	19793	19792	19992	1	200	4	93
27061	181	19793	19792	19990	1	198	4	93
27061	182	19794	19792	19992	2	200	4	93
27061	183	19794	19792	19992	2	200	4	93
27061	184	19794	19791	19991	3	200	4	93
27061	185	19794	19791	19991	3	200	4	93
27061	186	19794	19792	19992	2	200	4	93
27061	187	19794	19791	19990	3	199	5	93
27061	188	19794	19792	19991	2	199	4	93
27061	189	19794	19791	19991	3	200	4	93
27061	190	19794	19791	19992	3	201	5	93
27061	191	19794	19791	19991	3	200	4	93
27061	192	19794	19791	19991	3	200	4	93
27061	193	19794	19791	19990	3	199	5	93
27061	194	19794	19792	19992	2	200	4	93
27061	195	19794	19791	19991	3	200	4	93
27061	196	19794	19791	19990	3	199	5	93
27061	197	19910	19794	20106	116	312	5	94
27061	198	19794	19792	19990	2	198	4	93
27061	199	19794	19790	19991	4	201	5	93
27061	200	19793	19792	19990	1	198	4	93
27061	201	19794	19792	19990	2	198	4	93
27061	202	19910	19790	20107	120	317	6	94
27061	203	19794	19792	19992	2	200	4	93
27061	204	19794	19791	19991	3	200	4	93
27061	205	19794	19792	19990	2	198	4	93
27061	206	19794	19792	19992	2	200	4	93
27061	207	19794	19791	19993	3	202	4	93
27061	208	19794	19791	19991	3	200	4	93
27061	209	19794	19792	19992	2	200	4	93
27061	210	19794	19792	19990	2	198	4	93
27061	211	19793	19790	19989	3	199	5	93
27061	212	19794	19792	19991	2	199	5	93
27061	213	19793	19791	19993	2	202	4	93
27061	214	19794	19791	19989	3	198	4	93
27061	215	19794	19792	19992	2	200	4	93
27061	216	19794	19791	19993	3	202	4	93
27061	217	19793	19792	19992	1	200	4	93
27061	218	19793	19791	19992	2	201	5	93
27061	219	19793	19792	19990	1	198	4	93
27061	220	19794	19792	19992	2	200	4	93
27061	221	19794	19791	19991	3	200	4	93
27061	222	19793	19792	19990	1	198	4	93
27061	223	19791	19791	19988	0	197	3	93
27061	224	19794	19791	19991	3	200	4	93
27061	225	19793	19791	19990	2	199	5	93
27061	226	19794	19791	19991	3	200	4	93
27061	227	19794	19791	19993	3	202	4	93
27061	228	19793	19791	19991	2	200	5	93
27061	229	19793	19791	19990	2	199	5	93
27061	230	19794	19791	19993	3	202	4	93
27061	231	19794	19792	19992	2	200	4	93
27061	232	19794	19791	19989	3	198	4	93
27061	233	19795	19792	19994	3	202	4	93
27061	234	19794	19792	19991	2	199	5	93
27061	235	19794	19792	19990	2	198	4	93
27061	236	19795	19793	19993	2	200	4	93
27061	237	19794	19793	19991	1	198	4	93
27061	238	19794	19792	19992	2	200	4	93
27061	239	19795	19792	19992	3	200	4	93
27061	240	19793	19791	19990	2	199	5	93
27061	241	19794	19791	19991	3	200	4	93
27061	242	19794	19791	19992	3	201	5	93
27061	243	19794	19792	19990	2	198	4	93
27061	244	19793	19792	19990	1	198	4	93
27061	245	19793	19792	19990	1	198	4	93
27061	246	19793	19792	19990	1	198	4	93
27061	247	19793	19792	19990	1	198	4	93
27061	248	19794	19791	19992	3	201	5	93
27061	249	19794	19791	19990	3	199	5	93
27061	250	19794	19791	19991	3	200	4	93
27061	251	19793	19792	19992	1	200	4	93
27061	252	19794	19791	19991	3	200	4	93
27061	253	19794	19792	19992	2	200	4	93
27061	254	19794	19792	19990	2	198	4	93
27061	255	19794	19790	19991	4	201	5	93
27061	256	19794	19792	19990	2	198	4	93
27061	257	19794	19792	19992	2	200	4	93
27061	258	19794	19791	19993	3	202	4	93
27061	259	19794	19792	19992	2	200	4	93
27061	260	19793	19792	19990	1	198	4	93
27061	261	19793	19791	19990	2	199	5	93
27061	262	19794	19791	19990	3	199	5	93
27061	263	19794	19792	19990	2	198	4	93
27061	264	19794	19792	19990	2	198	4	93
27061	265	19794	19792	19992	2	200	4	93
27061	266	19794	19791	19991	3	200	4	93
27061	267	19794	19792	19990	2	198	4	93
27061	268	19794	19792	19990	2	198	4	93
27061	269	19793	19791	19992	2	201	5	93
27061	270	19793	19792	19990	1	198	4	93
27061	271	19794	19792	19990	2	198	4	93
27061	272	19794	19792	19992	2	200	4	93
27061	273	19791	19791	19989	0	198	4	93
27061	274	19791	19791	19991	0	200	4	93
27061	275	19794	19791	19992	3	201	5	93
27061	276	19793	19792	19990	1	198	4	93
27061	277	19794	19791	19993	3	202	4	93
27061	278	19794	19792	19990	2	198	4	93
27061	279	19794	19792	19990	2	198	4	93
27061	280	19794	19792	19992	2	200	4	93
27061	281	19794	19792	19990	2	198	4	93
27061	282	19793	19792	19990	1	198	4	93
27061	283	19794	19792	19990	2	198	4	93
27061	284	19794	19792	19990	2	198	4	93
27061	285	19794	19792	19990	2	198	4	93
27061	286	19794	19792	19992	2	200	4	93
27061	287	19794	19791	19991	3	200	4	93
27061	288	19794	19792	19992	2	200	4	93
27061	289	19794	19792	19990	2	198	4	93
27061	290	19793	19791	19990	2	199	5	93
27061	291	19794	19792	19990	2	198	4	93
27061	292	19794	19792	19990	2	198	4	93
27061	293	19794	19792	19990	2	198	4	93
27061	294	19794	19791	19993	3	202	4	93
27061	295	19793	19792	19990	1	198	4	93
27061	296	19793	19792	19990	1	198	4	93
27061	297	19793	19792	19990	1	198	4	93
27061	298	19794	19791	19993	3	202	4	93
27061	299	19794	19792	19992	2	200	4	93
27061	300	19794	19790	19991	4	201	5	93
27061	301	19794	19791	19990	3	199	5	93
27061	302	19794	19792	19992	2	200	4	93
27061	303	19793	19792	19990	1	198	4	93
27061	304	19795	19792	19992	3	200	4	93
27061	305	19794	19792	19990	2	198	4	93
27061	306	19793	19791	19992	2	201	4	93
27061	307	19795	19792	19992	3	200	4	93
27061	308	19794	19792	19992	2	200	4	93
27061	309	19794	19792	19990	2	198	4	93
27061	310	19794	19792	19990	2	198	4	93
27061	311	19794	19791	19993	3	202	4	93
27061	312	19794	19792	19992	2	200	4	93
27061	313	19794	19792	19990	2	198	4	93
27061	314	19794	19791	19990	3	199	5	93
27061	315	19794	19792	19992	2	200	4	93
27061	316	19794	19792	19990	2	198	4	93
27061	317	19794	19792	19991	2	199	4	93
27061	318	19793	19792	19992	1	200	4	93
27061	319	19794	19791	19991	3	200	4	93
27061	320	19794	19791	19990	3	199	5	93
27061	321	19793	19791	19990	2	199	5	93
27061	322	19793	19790	19991	3	201	5	93
27061	323	19794	19792	19990	2	198	4	93
27061	324	19792	19790	19993	2	203	3	93
27061	325	19794	19790	19993	4	203	5	93
27061	326	19793	19792	19990	1	198	4	93
27061	327	19794	19791	19993	3	202	4	93
27061	328	19794	19791	19992	3	201	5	93
27061	329	19794	19791	19991	3	200	4	93
27061	330	19794	19791	19991	3	200	4	93
27061	331	19794	19790	19993	4	203	5	93
27061	332	19794	19792	19990	2	198	4	93
27061	333	19794	19792	19990	2	198	4	93
27061	334	19794	19791	19991	3	200	6	93
27061	335	19794	19792	19990	2	198	4	93
27061	336	19794	19792	19990	2	198	4	93
27061	337	19793	19791	19991	2	200	5	93
27061	338	19794	19792	19990	2	198	4	93
27061	339	19793	19791	19990	2	199	5	93
27061	340	19794	19790	19993	4	203	5	93
27061	341	19794	19792	19990	2	198	4	93
27061	342	19794	19792	19990	2	198	4	93
27061	343	19794	19791	19992	3	201	5	93
27061	344	19794	19792	19990	2	198	4	93
27061	345	19794	19791	19993	3	202	4	93
27061	346	19794	19791	19990	3	199	5	93
27061	347	19794	19792	19990	2	198	4	93
27061	348	19793	19792	19990	1	198	4	93
27061	349	19794	19792	19992	2	200	4	93
27061	350	19794	19791	19993	3	202	4	93
27061	351	19793	19792	19992	1	200	4	93
27061	352	19794	19791	19990	3	199	5	93
27061	353	19793	19791	19990	2	199	5	93
27061	354	19794	19792	19990	2	198	4	93
27061	355	19794	19791	19991	3	200	4	93
27061	356	19794	19791	19991	3	200	4	93
27061	357	19794	19791	19992	3	201	5	93
27061	358	19794	19792	19990	2	198	4	93
27061	359	19794	19792	19992	2	200	4	93
27061	360	19794	19791	19992	3	201	5	93
27061	361	19793	19792	19990	1	198	4	93
27061	362	19794	19792	19992	2	200	4	93
27061	363	19794	19790	19993	4	203	5	93
27061	364	19794	19792	19990	2	198	4	93
27061	365	19794	19792	19990	2	198	4	93
27061	366	19794	19792	19990	2	198	4	93
27061	367	19794	19792	19990	2	198	4	93
27061	368	19794	19791	19993	3	202	4	93
27061	369	19794	19791	19991	3	200	5	93
27061	370	19795	19792	19992	3	200	4	93
27061	371	19794	19792	19992	2	200	4	93
27061	372	19792	19790	19988	2	198	4	93
27061	373	19794	19792	19990	2	198	4	93
27061	374	19794	19792	19990	2	198	4	93
27061	375	19794	19791	19990	3	199	5	93
27061	376	19794	19792	19992	2	200	4	93
27061	377	19794	19792	19992	2	200	4	93
27061	378	19794	19792	19990	2	198	4	93
27061	379	19794	19791	19990	3	199	5	93
27061	380	19794	19792	19990	2	198	4	93
27061	381	19794	19791	19990	3	199	5	93
27061	382	19794	19792	19990	2	198	4	93
27061	383	19794	19792	19990	2	198	4	93
27061	384	19794	19790	19993	4	203	5	93
27061	385	19794	19792	19990	2	198	4	93
27061	386	19794	19791	19991	3	200	4	93
27061	387	19794	19792	19992	2	200	4	93
27061	388	19794	19792	19990	2	198	4	93
27061	389	19794	19791	19991	3	200	4	93
27061	390	19794	19791	19992	3	201	5	93
27061	391	19794	19792	19990	2	198	4	93
27061	392	19794	19791	19993	3	202	4	93
27061	393	19794	19792	19990	2	198	4	93
27061	394	19794	19792	19990	2	198	4	93
27061	395	19794	19791	19991	3	200	4	93
27061	396	19794	19791	19990	3	199	5	93
27061	397	19794	19792	19990	2	198	4	93
27061	398	19794	19792	19992	2	200	4	93
27061	399	19794	19791	19993	3	202	4	93
27061	400	19793	19792	19990	1	198	4	93
27061	401	19794	19791	19990	3	199	5	93
27061	402	19794	19791	19991	3	200	4	93
27061	403	19794	19792	19990	2	198	4	93
27061	404	19793	19792	19990	1	198	4	93
27061	405	19794	19790	19993	4	203	5	93
27061	406	19794	19792	19990	2	198	4	93
27061	407	19794	19792	19990	2	198	4	93
27061	408	19794	19790	19993	4	203	5	93
27061	409	19794	19792	19990	2	198	4	93
27061	410	19793	19791	19991	2	200	4	93
27061	411	19794	19791	19992	3	201	5	93
27061	412	19794	19792	19990	2	198	4	93
27061	413	19793	19792	19990	1	198	4	93
27061	414	19795	19791	19992	4	201	5	93
27061	415	19794	19792	19990	2	198	4	93
27061	416	19794	19791	19991	3	200	4	93
27061	417	19794	19791	19992	3	201	5	93
27061	418	19793	19792	19990	1	198	4	93
27061	419	19793	19792	19990	1	198	4	93
27061	420	19794	19792	19992	2	200	4	93
27061	421	19793	19791	19991	2	200	4	93
27061	422	19794	19792	19991	2	199	4	93
27061	423	19792	19790	19992	2	202	5	93
27061	424	19791	19791	19992	0	201	4	93
27061	425	19794	19791	19991	3	200	4	93
27061	426	19794	19791	19990	3	199	5	93
27061	427	19794	19792	19990	2	198	4	93
27061	428	19793	19791	19990	2	199	5	93
27061	429	19794	19792	19991	2	199	4	93
27061	430	19795	19792	19992	3	200	4	93
27061	431	19794	19790	19991	4	201	5	93
27061	432	19794	19792	19992	2	200	4	93
27061	433	19793	19792	19990	1	198	4	93
27061	434	19794	19792	19990	2	198	4	93
27061	435	19794	19792	19990	2	198	4	93
27061	436	19793	19792	19990	1	198	4	93
27061	437	19793	19791	19991	2	200	5	93
27061	438	19794	19792	19990	2	198	4	93
27061	439	19794	19792	19992	2	200	4	93
27061	440	19794	19792	19990	2	198	4	93
27061	441	19793	19792	19990	1	198	4	93
27061	442	19794	19791	19991	3	200	4	93
27061	443	19794	19792	19990	2	198	4	93
27061	444	19794	19791	19991	3	200	4	93
27061	445	19794	19792	19992	2	200	4	93
27061	446	19794	19791	19991	3	200	4	93
27061	447	19794	19791	19989	3	198	4	93
27061	448	19794	19792	19990	2	198	4	93
27061	449	19793	19790	19992	3	202	5	93
27061	450	19794	19792	19990	2	198	4	93
27061	451	19794	19791	19990	3	199	5	93
27061	452	19793	19791	19990	2	199	5	93
27061	453	19795	19792	19992	3	200	4	93
27061	454	19794	19792	19990	2	198	4	93
27061	455	19794	19792	19992	2	200	4	93
27061	456	19794	19792	19990	2	198	4	93
27061	457	19794	19790	19993	4	203	5	93
27061	458	19794	19792	19992	2	200	4	93
27061	459	19794	19792	19992	2	200	4	93
27061	460	19794	19791	19991	3	200	4	93
27061	461	19794	19791	19992	3	201	5	93
27061	462	19794	19792	19990	2	198	4	93
27061	463	19793	19792	19990	1	198	4	93
27061	464	19794	19792	19990	2	198	4	93
27061	465	19794	19792	19992	2	200	4	93
27061	466	19794	19792	19990	2	198	4	93
27061	467	19794	19791	19990	3	199	5	93
27061	468	19793	19792	19990	1	198	4	93
27061	469	19794	19792	19990	2	198	4	93
27061	470	19793	19792	19990	1	198	4	93
27061	471	19793	19792	19990	1	198	4	93
27061	472	19794	19792	19992	2	200	4	93
27061	473	19794	19791	19993	3	202	4	93
27061	474	19794	19792	19992	2	200	4	93
27061	475	19794	19792	19992	2	200	4	93
27061	476	19792	19791	19990	1	199	3	93
27061	477	19795	19791	19992	4	201	5	93
27061	478	19794	19793	19991	1	198	4	93
27061	479	19794	19791	19991	3	200	4	93
27061	480	19794	19792	19992	2	200	4	93
27061	481	19794	19792	19990	2	198	4	93
27061	482	19794	19791	19991	3	200	4	93
27061	483	19794	19792	19990	2	198	4	93
27061	484	19794	19792	19990	2	198	4	93
27061	485	19794	19792	19992	2	200	4	93
27061	486	19794	19792	19992	2	200	4	93
27061	487	19794	19792	19992	2	200	4	93
27061	488	19794	19791	19991	3	200	4	93
27061	489	19794	19791	19993	3	202	4	93
27061	490	19794	19791	19992	3	201	5	93
27061	491	19794	19791	19991	3	200	4	93
27061	492	19794	19791	19993	3	202	4	93
27061	493	19794	19791	19990	3	199	5	93
27061	494	19794	19791	19991	3	200	4	93
27061	495	19794	19790	19991	4	201	4	93
27061	496	19794	19791	19991	3	200	4	93
27061	497	19793	19791	19992	2	201	5	93
27061	498	19794	19792	19992	2	200	4	93
27061	499	19794	19791	19989	3	198	4	93
27061	500	19794	19792	19990	2	198	4	93
27061	501	19794	19792	19990	2	198	4	93
27061	502	19793	19792	19990	1	198	4	93
27061	503	19794	19791	19992	3	201	5	93
27061	504	19794	19792	19990	2	198	4	93
27061	505	19794	19791	19990	3	199	5	93
27061	506	19794	19792	19991	2	199	4	93
27061	507	19794	19791	19991	3	200	4	93
27061	508	19794	19792	19992	2	200	4	93
27061	509	19794	19791	19990	3	199	5	93
27061	510	19794	19792	19990	2	198	4	93
27061	511	19794	19790	19993	4	203	5	93
27061	512	19793	19792	19990	1	198	4	93
27061	513	19795	19793	19993	2	200	4	93
27061	514	19794	19792	19992	2	200	4	93
27061	515	19793	19792	19991	1	199	4	93
27061	516	19794	19792	19992	2	200	4	93
27061	517	19794	19792	19992	2	200	4	93
27061	518	19794	19792	19992	2	200	4	93
27061	519	19794	19792	19992	2	200	4	93
27061	520	19793	19792	19990	1	198	4	93
27061	521	19794	19792	19990	2	198	4	93
27061	522	19793	19791	19990	2	199	5	93
27061	523	19793	19790	19992	3	202	5	93
27061	524	19794	19792	19990	2	198	4	93
27061	525	19794	19791	19991	3	200	4	93
27061	526	19792	19790	19987	2	197	3	93
27061	527	19794	19792	19990	2	198	4	93
27061	528	19794	19791	19991	3	200	4	93
27061	529	19793	19791	19990	2	199	5	93
27061	530	19794	19792	19992	2	200	4	93
27061	531	19793	19792	19990	1	198	4	93
27061	532	19794	19792	19990	2	198	4	93
27061	533	19794	19792	19992	2	200	4	93
27061	534	19794	19791	19991	3	200	4	93
27061	535	19794	19792	19992	2	200	4	93
27061	536	19794	19792	19992	2	200	4	93
27061	537	19793	19791	19991	2	200	4	93
27061	538	19794	19791	19992	3	201	5	93
27061	539	19794	19792	19992	2	200	4	93
27061	540	19794	19792	19990	2	198	4	93
27061	541	19793	19791	19990	2	199	5	93
27061	542	19794	19792	19992	2	200	4	93
27061	543	19794	19792	19990	2	198	4	93
27061	544	19794	19791	19990	3	199	5	93
27061	545	19793	19792	19990	1	198	4	93
27061	546	19794	19791	19992	3	201	4	93
27061	547	19794	19791	19990	3	199	5	93
27061	548	19794	19791	19990	3	199	5	93
27061	549	19793	19792	19991	1	199	4	93
27061	550	19794	19792	19992	2	200	4	93
27061	551	19794	19791	19993	3	202	4	93
27061	552	19794	19792	19990	2	198	4	93
27061	553	19794	19790	19993	4	203	5	93
27061	554	19794	19791	19991	3	200	4	93
27061	555	19794	19791	19993	3	202	4	93
27061	556	19794	19792	19990	2	198	4	93
27061	557	19793	19792	19990	1	198	4	93
27061	558	19794	19791	19992	3	201	5	93
27061	559	19793	19791	19990	2	199	5	93
27061	560	19793	19792	19990	1	198	4	93
27061	561	19794	19792	19990	2	198	4	93
27061	562	19794	19792	19990	2	198	4	93
27061	563	19794	19792	19990	2	198	4	93
27061	564	19794	19792	19990	2	198	4	93
27061	565	19794	19791	19990	3	199	5	93
27061	566	19794	19791	19990	3	199	5	93
27061	567	19794	19791	19993	3	202	4	93
27061	568	19794	19791	19989	3	198	4	93
27061	569	19793	19792	19990	1	198	4	93
27061	570	19793	19792	19991	1	199	4	93
27061	571	19794	19791	19990	3	199	5	93
27061	572	19794	19791	19990	3	199	5	93
27061	573	19793	19792	19990	1	198	4	93
27061	574	19794	19792	19992	2	200	4	93
27061	575	19792	19791	19989	1	198	4	93
27061	576	19792	19791	19991	1	200	4	93
27061	577	19794	19792	19990	2	198	4	93
27061	578	19793	19792	19990	1	198	4	93
27061	579	19793	19791	19990	2	199	5	93
27061	580	19794	19792	19990	2	198	4	93
27061	581	19794	19792	19990	2	198	4	93
27061	582	19794	19792	19992	2	200	4	93
27061	583	19793	19791	19989	2	198	4	93
27061	584	19794	19791	19990	3	199	5	93
27061	585	19794	19791	19990	3	199	5	93
27061	586	19794	19792	19992	2	200	4	93
27061	587	19794	19793	19991	1	198	4	93
27061	588	19794	19792	19992	2	200	4	93
27061	589	19793	19792	19990	1	198	4	93
27061	590	19794	19792	19990	2	198	4	93
27061	591	19793	19791	19990	2	199	5	93
27061	592	19794	19792	19990	2	198	4	93
27061	593	19795	19793	19991	2	198	4	93
27061	594	19793	19792	19990	1	198	4	93
27061	595	19794	19791	19992	3	201	4	93
27061	596	19794	19792	19990	2	198	4	93
27061	597	19794	19791	19990	3	199	5	93
27061	598	19794	19791	19993	3	202	4	93
27061	599	19793	19792	19990	1	198	4	93
27061	600	19793	19791	19992	2	201	5	93
27061	601	19794	19792	19990	2	198	4	93
27061	602	19794	19792	19990	2	198	4	93
27061	603	19794	19791	19991	3	200	4	93
27061	604	19793	19791	19991	2	200	5	93
27061	605	19794	19792	19990	2	198	4	93
27061	606	19794	19792	19990	2	198	4	93
27061	607	19794	19791	19993	3	202	4	93
27061	608	19794	19792	19990	2	198	4	93
27061	609	19793	19792	19990	1	198	4	93
27061	610	19794	19792	19990	2	198	4	93
27061	611	19794	19791	19990	3	199	5	93
27061	612	19793	19791	19990	2	199	5	93
27061	613	19794	19792	19992	2	200	4	93
27061	614	19793	19791	19993	2	202	4	93
27061	615	19793	19792	19990	1	198	4	93
27061	616	19794	19791	19991	3	200	4	93
27061	617	19793	19791	19990	2	199	5	93
27061	618	19794	19792	19990	2	198	4	93
27061	619	19794	19792	19990	2	198	4	93
27061	620	19793	19792	19990	1	198	4	93
27061	621	19794	19792	19992	2	200	4	93
27061	622	19794	19792	19990	2	198	4	93
27061	623	19794	19790	19991	4	201	5	93
27061	624	19793	19791	19990	2	199	5	93
27061	625	19794	19792	19990	2	198	4	93
27061	626	19794	19791	19989	3	198	4	93
27061	627	19792	19790	19992	2	202	4	93
27061	628	19793	19792	19990	1	198	4	93
27061	629	19794	19792	19990	2	198	4	93
27061	630	19793	19792	19990	1	198	4	93
27061	631	19794	19792	19992	2	200	4	93
27061	632	19793	19791	19990	2	199	5	93
27061	633	19793	19792	19990	1	198	4	93
27061	634	19794	19792	19990	2	198	4	93
27061	635	19793	19790	19989	3	199	5	93
27061	636	19793	19792	19990	1	198	4	93
27061	637	19794	19792	19990	2	198	4	93
27061	638	19793	19791	19990	2	199	5	93
27061	639	19794	19791	19991	3	200	4	93
27061	640	19794	19792	19990	2	198	4	93
27061	641	19793	19791	19990	2	199	5	93
27061	642	19793	19792	19990	1	198	4	93
27061	643	19794	19792	19992	2	200	4	93
27061	644	19793	19791	19990	2	199	5	93
27061	645	19794	19792	19992	2	200	4	93
27061	646	19794	19791	19991	3	200	4	93
27061	647	19793	19791	19990	2	199	5	93
27061	648	19794	19792	19990	2	198	4	93
27061	649	19794	19790	19991	4	201	5	93
27061	650	19794	19790	19993	4	203	5	93
27061	651	19793	19792	19990	1	198	4	93
27061	652	19794	19792	19992	2	200	4	93
27061	653	19794	19792	19990	2	198	4	93
27061	654	19794	19791	19989	3	198	4	93
27061	655	19794	19791	19991	3	200	4	93
27061	656	19794	19790	19991	4	201	5	93
27061	657	19793	19792	19990	1	198	4	93
27061	658	19794	19792	19992	2	200	4	93
27061	659	19794	19791	19992	3	201	5	93
27061	660	19794	19791	19991	3	200	4	93
27061	661	19794	19792	19990	2	198	4	93
27061	662	19793	19791	19990	2	199	5	93
27061	663	19794	19791	19990	3	199	5	93
27061	664	19793	19791	19990	2	199	5	93
27061	665	19793	19792	19990	1	198	4	93
27061	666	19794	19792	19992	2	200	4	93
27061	667	19794	19791	19990	3	199	5	93
27061	668	19793	19792	19990	1	198	4	93
27061	669	19794	19792	19992	2	200	4	93
27061	670	19794	19791	19992	3	201	5	93
27061	671	19794	19792	19990	2	198	4	93
27061	672	19794	19792	19990	2	198	4	93
27061	673	19793	19791	19990	2	199	5	93
27061	674	19794	19792	19990	2	198	4	93
27061	675	19794	19792	19990	2	198	4	93
27061	676	19794	19790	19993	4	203	5	93
27061	677	19793	19792	19990	1	198	4	93
27061	678	19794	19791	19993	3	202	4	93
27061	679	19792	19790	19988	2	198	4	93
27061	680	19794	19792	19990	2	198	4	93
27061	681	19794	19791	19990	3	199	5	93
27061	682	19794	19791	19990	3	199	5	93
27061	683	19794	19792	19992	2	200	4	93
27061	684	19793	19792	19990	1	198	4	93
27061	685	19794	19792	19992	2	200	4	93
27061	686	19793	19791	19991	2	200	4	93
27061	687	19794	19792	19990	2	198	4	93
27061	688	19794	19791	19990	3	199	5	93
27061	689	19793	19792	19990	1	198	4	93
27061	690	19794	19792	19990	2	198	4	93
27061	691	19796	19795	19993	1	198	4	93
27061	692	19794	19792	19990	2	198	4	93
27061	693	19794	19792	19990	2	198	4	93
27061	694	19794	19791	19991	3	200	4	93
27061	695	19793	19791	19990	2	199	5	93
27061	696	19794	19791	19990	3	199	5	93
27061	697	19793	19792	19990	1	198	4	93
27061	698	19794	19791	19993	3	202	4	93
27061	699	19794	19790	19991	4	201	5	93
27061	700	19793	19791	19989	2	198	4	93
27061	701	19794	19791	19991	3	200	4	93
27061	702	19794	19791	19991	3	200	4	93
27061	703	19794	19790	19991	4	201	5	93
27061	704	19794	19792	19990	2	198	4	93
27061	705	19793	19792	19990	1	198	4	93
27061	706	19794	19791	19990	3	199	5	93
27061	707	19794	19791	19990	3	199	5	93
27061	708	19793	19791	19991	2	200	4	93
27061	709	19794	19791	19991	3	200	4	93
27061	710	19793	19792	19990	1	198	4	93
27061	711	19794	19792	19990	2	198	4	93
27061	712	19794	19792	19990	2	198	4	93
27061	713	19794	19791	19990	3	199	5	93
27061	714	19794	19792	19990	2	198	4	93
27061	715	19794	19792	19990	2	198	4	93
27061	716	19794	19791	19991	3	200	4	93
27061	717	19794	19793	19991	1	198	4	93
27061	718	19794	19792	19990	2	198	4	93
27061	719	19794	19792	19990	2	198	4	93
27061	720	19794	19791	19992	3	201	5	93
27061	721	19793	19792	19990	1	198	4	93
27061	722	19794	19792	19990	2	198	4	93
27061	723	19794	19791	19991	3	200	4	93
27061	724	19794	19791	19991	3	200	4	93
27061	725	19794	19791	19993	3	202	4	93
27061	726	19794	19791	19990	3	199	5	93
27061	727	19794	19792	19990	2	198	4	93
27061	728	19793	19792	19992	1	200	4	93
27061	729	19793	19792	19990	1	198	4	93
27061	730	19794	19791	19991	3	200	4	93
27061	731	19793	19792	19990	1	198	4	93
27061	732	19792	19791	19991	1	200	4	93
27061	733	19794	19792	19990	2	198	4	93
27061	734	19794	19792	19990	2	198	4	93
27061	735	19795	19791	19994	4	203	5	93
27061	736	19795	19793	19991	2	198	4	93
27061	737	19794	19791	19992	3	201	5	93
27061	738	19795	19793	19991	2	198	4	93
27061	739	19795	19792	19993	3	201	5	93
27061	740	19794	19793	19991	1	198	4	93
27061	741	19795	19794	19992	1	198	4	93
27061	742	19795	19794	19992	1	198	4	93
27061	743	19794	19793	19991	1	198	4	93
27061	744	19795	19793	19993	2	200	4	93
27061	745	19795	19792	19992	3	200	4	93
27061	746	19794	19791	19992	3	201	5	93
27061	747	19794	19791	19992	3	201	5	93
27061	748	19794	19792	19992	2	200	4	93
27061	749	19794	19791	19991	3	200	4	93
27061	750	19794	19792	19990	2	198	4	93
27061	751	19794	19791	19991	3	200	4	93
27061	752	19793	19792	19990	1	198	4	93
27061	753	19794	19791	19992	3	201	5	93
27061	754	19794	19792	19992	2	200	4	93
27061	755	19794	19791	19991	3	200	4	93
27061	756	19793	19792	19992	1	200	4	93
27061	757	19794	19792	19990	2	198	4	93
27061	758	19793	19791	19990	2	199	4	93
27061	759	19794	19790	19991	4	201	5	93
27061	760	19794	19790	19992	4	202	5	93
27061	761	19794	19792	19992	2	200	4	93
27061	762	19794	19792	19990	2	198	4	93
27061	763	19793	19792	19990	1	198	4	93
27061	764	19794	19792	19990	2	198	4	93
27061	765	19794	19791	19991	3	200	4	93
27061	766	19794	19790	19991	4	201	5	93
27061	767	19793	19791	19990	2	199	5	93
27061	768	19793	19792	19990	1	198	4	93
27061	769	19794	19792	19992	2	200	4	93
27061	770	19794	19792	19990	2	198	4	93
27061	771	19793	19792	19990	1	198	4	93
27061	772	19794	19791	19993	3	202	4	93
27061	773	19794	19791	19990	3	199	5	93
27061	774	19793	19792	19992	1	200	4	93
27061	775	19794	19791	19991	3	200	4	93
27061	776	19793	19792	19992	1	200	4	93
27061	777	19794	19792	19992	2	200	4	93
27061	778	19793	19792	19990	1	198	4	93
27061	779	19794	19791	19990	3	199	5	93
27061	780	19793	19792	19992	1	200	4	93
27061	781	19794	19790	19993	4	203	5	93
27061	782	19794	19792	19992	2	200	4	93
27061	783	19792	19790	19987	2	197	3	93
27061	784	19793	19791	19990	2	199	5	93
27061	785	19794	19792	19992	2	200	4	93
27061	786	19794	19791	19991	3	200	4	93
27061	787	19794	19790	19989	4	199	5	93
27061	788	19794	19792	19992	2	200	4	93
27061	789	19793	19792	19990	1	198	4	93
27061	790	19793	19790	19993	3	203	5	93
27061	791	19794	19792	19990	2	198	4	93
27061	792	19794	19792	19990	2	198	4	93
27061	793	19796	19792	19992	4	200	6	93
27061	794	19795	19793	19992	2	199	5	93
27061	795	19794	19791	19991	3	200	4	93
27061	796	19794	19792	19990	2	198	4	93
27061	797	19798	19792	19996	6	204	5	93
27061	798	19794	19791	19990	3	199	5	93
27061	799	19794	19791	19990	3	199	5	93
27061	800	19794	19791	19991	3	200	4	93
27061	801	19794	19791	19993	3	202	4	93
27061	802	19794	19792	19990	2	198	4	93
27061	803	19794	19791	19991	3	200	4	93
27061	804	19794	19792	19990	2	198	4	93
27061	805	19793	19790	19989	3	199	5	93
27061	806	19793	19792	19990	1	198	4	93
27061	807	19794	19791	19993	3	202	4	93
27061	808	19794	19791	19993	3	202	4	93
27061	809	19794	19792	19992	2	200	4	93
27061	810	19794	19792	19990	2	198	4	93
27061	811	19794	19790	19991	4	201	5	93
27061	812	19794	19792	19990	2	198	4	93
27061	813	19793	19791	19991	2	200	4	93
27061	814	19793	19790	19989	3	199	5	93
27061	815	19794	19791	19993	3	202	4	93
27061	816	19794	19790	19991	4	201	5	93
27061	817	19793	19791	19990	2	199	5	93
27061	818	19794	19792	19992	2	200	4	93
27061	819	19794	19791	19989	3	198	4	93
27061	820	19794	19791	19993	3	202	4	93
27061	821	19794	19792	19990	2	198	4	93
27061	822	19794	19791	19991	3	200	4	93
27061	823	19793	19790	19991	3	201	5	93
27061	824	19794	19791	19989	3	198	4	93
27061	825	19794	19791	19991	3	200	4	93
27061	826	19794	19791	19993	3	202	4	93
27061	827	19794	19792	19990	2	198	4	93
27061	828	19793	19792	19990	1	198	4	93
27061	829	19794	19791	19990	3	199	5	93
27061	830	19793	19791	19992	2	201	5	93
27061	831	19794	19792	19992	2	200	4	93
27061	832	19791	19790	19990	1	200	4	93
27061	833	19794	19791	19993	3	202	4	93
27061	834	19794	19792	19990	2	198	4	93
27061	835	19793	19792	19990	1	198	4	93
27061	836	19794	19792	19990	2	198	4	93
27061	837	19794	19791	19990	3	199	5	93
27061	838	19794	19791	19991	3	200	4	93
27061	839	19794	19792	19992	2	200	4	93
27061	840	19793	19791	19990	2	199	5	93
27061	841	19794	19791	19993	3	202	4	93
27061	842	19794	19791	19989	3	198	4	93
27061	843	19794	19790	19991	4	201	5	93
27061	844	19794	19791	19993	3	202	4	93
27061	845	19793	19792	19991	1	199	4	93
27061	846	19793	19791	19990	2	199	5	93
27061	847	19794	19791	19991	3	200	4	93
27061	848	19794	19792	19992	2	200	4	93
27061	849	19794	19791	19992	3	201	5	93
27061	850	19794	19791	19993	3	202	4	93
27061	851	19793	19792	19990	1	198	4	93
27061	852	19793	19791	19990	2	199	5	93
27061	853	19793	19792	19990	1	198	4	93
27061	854	19794	19791	19989	3	198	4	93
27061	855	19793	19792	19990	1	198	4	93
27061	856	19794	19791	19991	3	200	4	93
27061	857	19794	19792	19992	2	200	4	93
27061	858	19794	19790	19990	4	200	5	93
27061	859	19794	19792	19990	2	198	4	93
27061	860	19794	19791	19992	3	201	5	93
27061	861	19793	19791	19991	2	200	4	93
27061	862	19793	19792	19990	1	198	4	93
27061	863	19794	19791	19993	3	202	4	93
27061	864	19794	19792	19990	2	198	4	93
27061	865	19794	19792	19990	2	198	4	93
27061	866	19794	19791	19992	3	201	5	93
27061	867	19794	19790	19991	4	201	5	93
27061	868	19794	19792	19992	2	200	4	93
27061	869	19796	19793	19994	3	201	5	93
27061	870	19794	19791	19989	3	198	4	93
27061	871	19794	19792	19990	2	198	4	93
27061	872	19794	19792	19990	2	198	4	93
27061	873	19794	19792	19992	2	200	5	93
27061	874	19795	19793	19993	2	200	4	93
27061	875	19793	19792	19990	1	198	4	93
27061	876	19795	19793	19991	2	198	4	93
27061	877	19795	19793	19993	2	200	4	93
27061	878	19794	19791	19990	3	199	5	93
27061	879	19794	19791	19991	3	200	5	93
27061	880	19793	19791	19991	2	200	5	93
27061	881	19792	19790	19992	2	202	4	93
27061	882	19793	19792	19990	1	198	4	93
27061	883	19794	19793	19991	1	198	4	93
27061	884	19794	19791	19991	3	200	4	93
27061	885	19793	19791	19991	2	200	4	93
27061	886	19794	19791	19990	3	199	5	93
27061	887	19794	19790	19991	4	201	5	93
27061	888	19794	19792	19992	2	200	4	93
27061	889	19794	19791	19991	3	200	4	93
27061	890	19794	19791	19991	3	200	4	93
27061	891	19794	19792	19990	2	198	4	93
27061	892	19793	19791	19990	2	199	5	93
27061	893	19794	19790	19991	4	201	5	93
27061	894	19794	19792	19990	2	198	4	93
27061	895	19794	19791	19991	3	200	4	93
27061	896	19794	19792	19992	2	200	4	93
27061	897	19794	19792	19992	2	200	4	93
27061	898	19794	19791	19991	3	200	4	93
27061	899	19794	19791	19990	3	199	5	93
27061	900	19794	19791	19990	3	199	5	93
27061	901	19794	19791	19990	3	199	4	93
27061	902	19794	19791	19991	3	200	4	93
27061	903	19793	19792	19990	1	198	4	93
27061	904	19794	19792	19992	2	200	4	93
27061	905	19794	19791	19990	3	199	5	93
27061	906	19793	19791	19991	2	200	4	93
27061	907	19794	19792	19992	2	200	4	93
27061	908	19794	19790	19991	4	201	5	93
27061	909	19794	19791	19991	3	200	4	93
27061	910	19794	19792	19990	2	198	4	93
27061	911	19794	19791	19992	3	201	4	93
27061	912	19794	19791	19990	3	199	5	93
27061	913	19794	19791	19991	3	200	5	93
27061	914	19794	19791	19991	3	200	4	93
27061	915	19911	19794	20107	117	313	5	94
27061	916	19794	19791	19991	3	200	4	93
27061	917	19793	19792	19990	1	198	4	93
27061	918	19794	19791	19991	3	200	4	93
27061	919	19794	19790	19989	4	199	5	93
27061	920	19794	19792	19992	2	200	4	93
27061	921	19793	19792	19990	1	198	4	93
27061	922	19793	19791	19991	2	200	4	93
27061	923	19794	19792	19990	2	198	4	93
27061	924	19794	19791	19991	3	200	4	93
27061	925	19793	19791	19992	2	201	5	93
27061	926	19794	19790	19993	4	203	5	93
27061	927	19793	19791	19989	2	198	4	93
27061	928	19794	19791	19993	3	202	4	93
27061	929	19794	19791	19991	3	200	4	93
27061	930	19793	19792	19991	1	199	4	93
27061	931	19791	19791	19990	0	199	3	93
27061	932	19793	19791	19990	2	199	5	93
27061	933	19794	19791	19991	3	200	4	93
27061	934	19794	19792	19990	2	198	4	93
27061	935	19793	19791	19989	2	198	4	93
27061	936	19794	19792	19990	2	198	4	93
27061	937	19794	19791	19992	3	201	4	93
27061	938	19793	19792	19990	1	198	4	93
27061	939	19794	19791	19990	3	199	5	93
27061	940	19794	19792	19992	2	200	4	93
27061	941	19794	19792	19990	2	198	4	93
27061	942	19794	19791	19989	3	198	4	93
27061	943	19794	19791	19992	3	201	5	93
27061	944	19794	19792	19990	2	198	4	93
27061	945	19793	19792	19990	1	198	4	93
27061	946	19794	19790	19991	4	201	5	93
27061	947	19793	19792	19990	1	198	4	93
27061	948	19794	19791	19991	3	200	4	93
27061	949	19794	19790	19993	4	203	5	93
27061	950	19794	19792	19990	2	198	4	93
27061	951	19794	19791	19991	3	200	4	93
27061	952	19794	19791	19990	3	199	5	93
27061	953	19794	19792	19990	2	198	4	93
27061	954	19794	19792	19990	2	198	4	93
27061	955	19793	19792	19990	1	198	4	93
27061	956	19794	19791	19991	3	200	4	93
27061	957	19794	19792	19990	2	198	4	93
27061	958	19794	19791	19992	3	201	5	93
27061	959	19794	19791	19991	3	200	4	93
27061	960	19794	19792	19990	2	198	4	93
27061	961	19794	19791	19989	3	198	4	93
27061	962	19793	19790	19991	3	201	4	93
27061	963	19793	19792	19992	1	200	4	93
27061	964	19793	19790	19989	3	199	5	93
27061	965	19794	19792	19990	2	198	4	93
27061	966	19794	19792	19990	2	198	4	93
27061	967	19794	19791	19993	3	202	4	93
27061	968	19794	19792	19990	2	198	4	93
27061	969	19793	19792	19990	1	198	4	93
27061	970	19794	19791	19991	3	200	4	93
27061	971	19794	19791	19990	3	199	5	93
27061	972	19794	19791	19990	3	199	5	93
27061	973	19794	19790	19989	4	199	4	93
27061	974	19794	19791	19989	3	198	4	93
27061	975	19794	19791	19991	3	200	5	93
27061	976	19795	19793	19991	2	198	4	93
27061	977	19795	19792	19994	3	202	4	93
27061	978	19794	19791	19992	3	201	5	93
27061	979	19795	19793	19993	2	200	4	93
27061	980	19795	19792	19992	3	200	4	93
27061	981	19794	19791	19990	3	199	5	93
27061	982	19795	19793	19991	2	198	4	93
27061	983	19792	19791	19991	1	200	4	93
27061	984	19792	19790	19993	2	203	5	93
27061	985	19793	19792	19990	1	198	4	93
27061	986	19794	19792	19990	2	198	4	93
27061	987	19794	19791	19991	3	200	4	93
27061	988	19794	19791	19991	3	200	4	93
27061	989	19793	19792	19990	1	198	4	93
27061	990	19794	19791	19990	3	199	5	93
27061	991	19794	19792	19992	2	200	4	93
27061	992	19794	19791	19991	3	200	4	93
27061	993	19794	19790	19991	4	201	5	93
27061	994	19794	19792	19990	2	198	4	93
27061	995	19793	19792	19990	1	198	4	93
27061	996	19794	19791	19992	3	201	5	93
27061	997	19794	19791	19991	3	200	4	93
27061	998	19793	19791	19989	2	198	4	93
27061	999	19794	19792	19992	2	200	4	93
27061	1000	19794	19791	19992	3	201	4	93
