RUNID	ITERNUM	METIME	PRTIME	TPRTIME	DIFF	TDIFF	NRPROCS	NPROCS
26961	1	19168	19164	19365	4	201	5	93
26961	2	19167	19166	19364	1	198	4	93
26961	3	19168	19165	19363	3	198	4	93
26961	4	19167	19166	19364	1	198	4	93
26961	5	19167	19165	19365	2	200	4	93
26961	6	19168	19165	19367	3	202	4	93
26961	7	19168	19164	19364	4	200	5	93
26961	8	19168	19165	19363	3	198	4	93
26961	9	19168	19165	19365	3	200	4	93
26961	10	19166	19164	19363	2	199	3	93
26961	11	19167	19164	19364	3	200	4	93
26961	12	19169	19166	19367	3	201	5	93
26961	13	19167	19165	19363	2	198	4	93
26961	14	19168	19165	19365	3	200	4	93
26961	15	19168	19165	19365	3	200	4	93
26961	16	19167	19166	19364	1	198	4	93
26961	17	19168	19165	19366	3	201	5	93
26961	18	19167	19165	19364	2	199	4	93
26961	19	19168	19165	19365	3	200	4	93
26961	20	19167	19165	19364	2	199	5	93
26961	21	19168	19165	19365	3	200	4	93
26961	22	19168	19166	19364	2	198	4	93
26961	23	19167	19164	19365	3	201	5	93
26961	24	19167	19165	19365	2	200	4	93
26961	25	19168	19165	19365	3	200	4	93
26961	26	19167	19164	19365	3	201	5	93
26961	27	19167	19165	19365	2	200	4	93
26961	28	19167	19166	19364	1	198	4	93
26961	29	19169	19165	19367	4	202	6	93
26961	30	19168	19165	19364	3	199	5	93
26961	31	19168	19166	19366	2	200	4	93
26961	32	19167	19165	19367	2	202	4	93
26961	33	19168	19165	19365	3	200	4	93
26961	34	19165	19163	19363	2	200	4	93
26961	35	19166	19164	19364	2	200	4	93
26961	36	19167	19166	19364	1	198	4	93
26961	37	19168	19165	19365	3	200	4	93
26961	38	19168	19165	19367	3	202	4	93
26961	39	19167	19165	19365	2	200	4	93
26961	40	19167	19164	19365	3	201	5	93
26961	41	19168	19165	19365	3	200	4	93
26961	42	19167	19166	19364	1	198	4	93
26961	43	19167	19165	19364	2	199	5	93
26961	44	19167	19165	19365	2	200	4	93
26961	45	19167	19166	19364	1	198	4	93
26961	46	19167	19165	19364	2	199	5	93
26961	47	19167	19165	19365	2	200	4	93
26961	48	19167	19165	19365	2	200	4	93
26961	49	19168	19164	19365	4	201	5	93
26961	50	19167	19165	19365	2	200	4	93
26961	51	19168	19165	19365	3	200	4	93
26961	52	19167	19166	19364	1	198	4	93
26961	53	19167	19165	19365	2	200	4	93
26961	54	19168	19166	19366	2	200	4	93
26961	55	19167	19165	19363	2	198	4	93
26961	56	19168	19164	19365	4	201	5	93
26961	57	19165	19164	19362	1	198	4	93
26961	58	19165	19164	19363	1	199	3	93
26961	59	19167	19166	19364	1	198	4	93
26961	60	19168	19165	19365	3	200	4	93
26961	61	19168	19165	19365	3	200	4	93
26961	62	19167	19166	19364	1	198	4	93
26961	63	19167	19165	19364	2	199	5	93
26961	64	19168	19165	19365	3	200	4	93
26961	65	19168	19165	19365	3	200	4	93
26961	66	19167	19165	19365	2	200	4	93
26961	67	19168	19166	19364	2	198	4	93
26961	68	19168	19164	19365	4	201	5	93
26961	69	19168	19165	19365	3	200	4	93
26961	70	19168	19166	19366	2	200	4	93
26961	71	19167	19164	19365	3	201	5	93
26961	72	19167	19165	19363	2	198	4	93
26961	73	19168	19165	19366	3	201	4	93
26961	74	19167	19165	19364	2	199	5	93
26961	75	19167	19165	19365	2	200	4	93
26961	76	19167	19164	19363	3	199	5	93
26961	77	19167	19165	19365	2	200	4	93
26961	78	19167	19166	19364	1	198	4	93
26961	79	19168	19166	19364	2	198	4	93
26961	80	19165	19164	19363	1	199	3	93
26961	81	19166	19165	19364	1	199	3	93
26961	82	19167	19165	19365	2	200	4	93
26961	83	19203	19180	19399	23	219	9	104
26961	84	19167	19164	19363	3	199	5	93
26961	85	19167	19165	19365	2	200	4	93
26961	86	19168	19165	19365	3	200	4	93
26961	87	19168	19166	19364	2	198	4	93
26961	88	19167	19166	19364	1	198	4	93
26961	89	19168	19164	19365	4	201	5	93
26961	90	19168	19165	19365	3	200	4	93
26961	91	19167	19165	19365	2	200	4	93
26961	92	19167	19165	19365	2	200	4	93
26961	93	19167	19166	19364	1	198	4	93
26961	94	19168	19165	19365	3	200	4	93
26961	95	19167	19166	19364	1	198	4	93
26961	96	19168	19164	19363	4	199	5	93
26961	97	19168	19165	19364	3	199	5	93
26961	98	19168	19165	19365	3	200	4	93
26961	99	19167	19165	19365	2	200	4	93
26961	100	19167	19166	19364	1	198	4	93
26961	101	19169	19167	19365	2	198	4	93
26961	102	19169	19167	19367	2	200	4	93
26961	103	19170	19168	19366	2	198	4	93
26961	104	19168	19166	19366	2	200	4	93
26961	105	19170	19168	19366	2	198	4	93
26961	106	19170	19168	19368	2	200	4	93
26961	107	19168	19167	19365	1	198	4	93
26961	108	19168	19165	19366	3	201	4	93
26961	109	19167	19165	19363	2	198	4	93
26961	110	19167	19164	19363	3	199	5	93
26961	111	19168	19165	19367	3	202	4	93
26961	112	19167	19166	19364	1	198	4	93
26961	113	19168	19165	19365	3	200	4	93
26961	114	19167	19164	19363	3	199	5	93
26961	115	19167	19165	19365	2	200	4	93
26961	116	19168	19165	19367	3	202	4	93
26961	117	19167	19166	19364	1	198	4	93
26961	118	19168	19166	19366	2	200	4	93
26961	119	19168	19167	19365	1	198	4	93
26961	120	19167	19165	19365	2	200	4	93
26961	121	19168	19165	19363	3	198	4	93
26961	122	19168	19166	19366	2	200	4	93
26961	123	19167	19164	19365	3	201	5	93
26961	124	19167	19164	19365	3	201	5	93
26961	125	19168	19165	19367	3	202	4	93
26961	126	19167	19165	19363	2	198	4	93
26961	127	19166	19164	19363	2	199	3	93
26961	128	19166	19164	19364	2	200	4	93
26961	129	19168	19165	19363	3	198	4	93
26961	130	19286	19167	19481	119	314	6	94
26961	131	19167	19166	19364	1	198	4	93
26961	132	19167	19165	19365	2	200	4	93
26961	133	19167	19166	19364	1	198	4	93
26961	134	19167	19166	19364	1	198	4	93
26961	135	19167	19165	19365	2	200	4	93
26961	136	19168	19165	19365	3	200	4	93
26961	137	19168	19164	19365	4	201	5	93
26961	138	19168	19166	19364	2	198	4	93
26961	139	19167	19166	19364	1	198	4	93
26961	140	19168	19165	19365	3	200	4	93
26961	141	19167	19165	19364	2	199	5	93
26961	142	19167	19165	19365	2	200	4	93
26961	143	19167	19165	19365	2	200	4	93
26961	144	19167	19165	19364	2	199	5	93
26961	145	19167	19165	19365	2	200	4	93
26961	146	19168	19165	19365	3	200	4	93
26961	147	19167	19164	19365	3	201	5	93
26961	148	19168	19165	19365	3	200	4	93
26961	149	19168	19165	19365	3	200	4	93
26961	150	19165	19163	19361	2	198	4	93
26961	151	19166	19164	19365	2	201	3	93
26961	152	19168	19165	19365	3	200	4	93
26961	153	19167	19164	19365	3	201	5	93
26961	154	19168	19165	19365	3	200	4	93
26961	155	19167	19166	19364	1	198	4	93
26961	156	19167	19164	19365	3	201	5	93
26961	157	19167	19165	19363	2	198	4	93
26961	158	19167	19165	19365	2	200	4	93
26961	159	19167	19165	19364	2	199	5	93
26961	160	19168	19165	19365	3	200	4	93
26961	161	19167	19165	19364	2	199	5	93
26961	162	19168	19165	19366	3	201	5	93
26961	163	19168	19167	19365	1	198	4	93
26961	164	19170	19168	19367	2	199	5	93
26961	165	19171	19169	19368	2	199	4	93
26961	166	19171	19169	19367	2	198	4	93
26961	167	19168	19167	19365	1	198	4	93
26961	168	19168	19166	19366	2	200	4	93
26961	169	19167	19166	19364	1	198	4	93
26961	170	19167	19164	19365	3	201	5	93
26961	171	19168	19165	19367	3	202	4	93
26961	172	19167	19165	19365	2	200	4	93
26961	173	19165	19165	19362	0	197	3	93
26961	174	19165	19164	19362	1	198	4	93
26961	175	19167	19165	19365	2	200	4	93
26961	176	19167	19165	19363	2	198	4	93
26961	177	19168	19165	19364	3	199	5	93
26961	178	19167	19165	19365	2	200	4	93
26961	179	19168	19165	19365	3	200	4	93
26961	180	19168	19164	19363	4	199	5	93
26961	181	19167	19166	19364	1	198	4	93
26961	182	19167	19166	19364	1	198	4	93
26961	183	19167	19164	19365	3	201	5	93
26961	184	19167	19166	19364	1	198	4	93
26961	185	19167	19166	19364	1	198	4	93
26961	186	19167	19166	19364	1	198	4	93
26961	187	19168	19165	19365	3	200	4	93
26961	188	19167	19164	19363	3	199	5	93
26961	189	19167	19164	19365	3	201	5	93
26961	190	19168	19165	19365	3	200	4	93
26961	191	19167	19166	19364	1	198	4	93
26961	192	19168	19166	19364	2	198	4	93
26961	193	19168	19165	19365	3	200	4	93
26961	194	19167	19165	19365	2	200	4	93
26961	195	19168	19164	19363	4	199	5	93
26961	196	19165	19163	19365	2	202	4	93
26961	197	19166	19164	19363	2	199	3	93
26961	198	19168	19165	19365	3	200	4	93
26961	199	19167	19165	19365	2	200	4	93
26961	200	19167	19166	19364	1	198	4	93
26961	201	19167	19165	19364	2	199	5	93
26961	202	19168	19164	19365	4	201	5	93
26961	203	19167	19166	19364	1	198	4	93
26961	204	19167	19165	19363	2	198	4	93
26961	205	19168	19166	19364	2	198	4	93
26961	206	19168	19165	19365	3	200	4	93
26961	207	19167	19165	19365	2	200	4	93
26961	208	19167	19165	19364	2	199	5	93
26961	209	19168	19164	19363	4	199	5	93
26961	210	19170	19168	19366	2	198	4	93
26961	211	19171	19168	19366	3	198	4	93
26961	212	19171	19169	19367	2	198	4	93
26961	213	19169	19168	19366	1	198	4	93
26961	214	19168	19166	19366	2	200	4	93
26961	215	19167	19165	19364	2	199	5	93
26961	216	19167	19165	19365	2	200	4	93
26961	217	19168	19166	19364	2	198	4	93
26961	218	19167	19166	19364	1	198	4	93
26961	219	19167	19165	19365	2	200	4	93
26961	220	19166	19165	19364	1	199	3	93
26961	221	19166	19163	19361	3	198	4	93
26961	222	19167	19164	19363	3	199	5	93
26961	223	19168	19166	19365	2	199	5	93
26961	224	19168	19165	19365	3	200	4	93
26961	225	19168	19166	19365	2	199	4	93
26961	226	19168	19166	19366	2	200	4	93
26961	227	19167	19165	19365	2	200	4	93
26961	228	19167	19165	19364	2	199	5	93
26961	229	19167	19165	19363	2	198	4	93
26961	230	19167	19165	19364	2	199	5	93
26961	231	19168	19165	19363	3	198	4	93
26961	232	19167	19166	19364	1	198	4	93
26961	233	19168	19165	19365	3	200	4	93
26961	234	19168	19165	19365	3	200	4	93
26961	235	19167	19164	19365	3	201	5	93
26961	236	19168	19164	19366	4	202	5	93
26961	237	19168	19165	19364	3	199	4	93
26961	238	19168	19165	19391	3	226	6	94
26961	239	19167	19165	19365	2	200	4	93
26961	240	19167	19165	19365	2	200	4	93
26961	241	19167	19165	19363	2	198	4	93
26961	242	19167	19165	19364	2	199	5	93
26961	243	19165	19164	19365	1	201	3	93
26961	244	19165	19164	19362	1	198	4	93
26961	245	19165	19165	19362	0	197	3	93
26961	246	19167	19165	19365	2	200	4	93
26961	247	19168	19164	19363	4	199	5	93
26961	248	19167	19166	19364	1	198	4	93
26961	249	19168	19165	19365	3	200	4	93
26961	250	19167	19165	19364	2	199	5	93
26961	251	19168	19166	19364	2	198	4	93
26961	252	19167	19166	19364	1	198	4	93
26961	253	19167	19164	19363	3	199	5	93
26961	254	19169	19166	19366	3	200	4	93
26961	255	19170	19168	19366	2	198	4	93
26961	256	19172	19169	19369	3	200	4	93
26961	257	19170	19168	19368	2	200	4	93
26961	258	19169	19167	19365	2	198	4	93
26961	259	19167	19164	19365	3	201	5	93
26961	260	19167	19166	19364	1	198	4	93
26961	261	19168	19165	19363	3	198	4	93
26961	262	19167	19165	19365	2	200	4	93
26961	263	19168	19164	19365	4	201	5	93
26961	264	19167	19166	19364	1	198	4	93
26961	265	19167	19165	19363	2	198	4	93
26961	266	19169	19167	19367	2	200	4	93
26961	267	19166	19164	19365	2	201	3	93
26961	268	19165	19163	19363	2	200	4	93
26961	269	19168	19164	19366	4	202	5	93
26961	270	19168	19165	19365	3	200	4	93
26961	271	19167	19166	19364	1	198	4	93
26961	272	19168	19166	19364	2	198	4	93
26961	273	19167	19165	19365	2	200	4	93
26961	274	19167	19166	19364	1	198	4	93
26961	275	19167	19164	19365	3	201	5	93
26961	276	19167	19164	19365	3	201	5	93
26961	277	19167	19166	19364	1	198	4	93
26961	278	19168	19165	19363	3	198	4	93
26961	279	19168	19165	19363	3	198	4	93
26961	280	19168	19164	19363	4	199	5	93
26961	281	19167	19166	19364	1	198	4	93
26961	282	19167	19166	19364	1	198	4	93
26961	283	19167	19164	19363	3	199	5	93
26961	284	19167	19165	19365	2	200	4	93
26961	285	19167	19166	19364	1	198	4	93
26961	286	19167	19164	19363	3	199	5	93
26961	287	19167	19165	19364	2	199	5	93
26961	288	19168	19165	19365	3	200	4	93
26961	289	19167	19165	19365	2	200	4	93
26961	290	19165	19165	19362	0	197	3	93
26961	291	19166	19164	19363	2	199	3	93
26961	292	19167	19165	19363	2	198	4	93
26961	293	19168	19166	19364	2	198	4	93
26961	294	19167	19166	19364	1	198	4	93
26961	295	19169	19166	19366	3	200	4	93
26961	296	19171	19168	19369	3	201	5	93
26961	297	19171	19169	19369	2	200	4	93
26961	298	19169	19167	19365	2	198	4	93
26961	299	19168	19165	19364	3	199	5	93
26961	300	19167	19166	19364	1	198	4	93
26961	301	19167	19165	19365	2	200	4	93
26961	302	19167	19164	19365	3	201	5	93
26961	303	19167	19164	19365	3	201	5	93
26961	304	19167	19165	19365	2	200	4	93
26961	305	19168	19165	19367	3	202	4	93
26961	306	19167	19165	19370	2	205	6	94
26961	307	19168	19166	19364	2	198	4	93
26961	308	19167	19166	19364	1	198	4	93
26961	309	19168	19164	19365	4	201	5	93
26961	310	19168	19165	19367	3	202	4	93
26961	311	19167	19165	19365	2	200	4	93
26961	312	19167	19166	19364	1	198	4	93
26961	313	19165	19165	19362	0	197	3	93
26961	314	19165	19163	19363	2	200	4	93
26961	315	19168	19165	19365	3	200	4	93
26961	316	19168	19166	19364	2	198	4	93
26961	317	19167	19165	19363	2	198	4	93
26961	318	19167	19165	19365	2	200	4	93
26961	319	19167	19164	19363	3	199	5	93
26961	320	19167	19166	19364	1	198	4	93
26961	321	19168	19166	19365	2	199	4	93
26961	322	19167	19165	19365	2	200	4	93
26961	323	19168	19166	19364	2	198	4	93
26961	324	19168	19165	19365	3	200	4	93
26961	325	19167	19164	19365	3	201	5	93
26961	326	19167	19165	19363	2	198	4	93
26961	327	19167	19166	19364	1	198	4	93
26961	328	19168	19166	19364	2	198	4	93
26961	329	19168	19164	19365	4	201	5	93
26961	330	19168	19165	19365	3	200	4	93
26961	331	19167	19166	19364	1	198	4	93
26961	332	19167	19165	19364	2	199	5	93
26961	333	19170	19167	19369	3	202	4	93
26961	334	19170	19169	19367	1	198	4	93
26961	335	19171	19169	19368	2	199	5	93
26961	336	19167	19166	19365	1	199	3	93
26961	337	19165	19165	19362	0	197	3	93
26961	338	19167	19164	19365	3	201	5	93
26961	339	19167	19165	19365	2	200	4	93
26961	340	19168	19165	19372	3	207	6	94
26961	341	19168	19164	19365	4	201	5	93
26961	342	19167	19165	19365	2	200	4	93
26961	343	19167	19166	19364	1	198	4	93
26961	344	19167	19165	19365	2	200	4	93
26961	345	19167	19166	19364	1	198	4	93
26961	346	19167	19165	19365	2	200	4	93
26961	347	19167	19164	19363	3	199	5	93
26961	348	19168	19164	19365	4	201	5	93
26961	349	19167	19165	19365	2	200	4	93
26961	350	19167	19165	19365	2	200	4	93
26961	351	19167	19165	19365	2	200	4	93
26961	352	19168	19165	19365	3	200	4	93
26961	353	19168	19165	19365	3	200	4	93
26961	354	19168	19164	19363	4	199	5	93
26961	355	19167	19166	19364	1	198	4	93
26961	356	19167	19166	19364	1	198	4	93
26961	357	19167	19165	19363	2	198	4	93
26961	358	19167	19166	19364	1	198	4	93
26961	359	19166	19164	19361	2	197	3	93
26961	360	19165	19163	19363	2	200	4	93
26961	361	19167	19166	19364	1	198	4	93
26961	362	19168	19164	19363	4	199	5	93
26961	363	19167	19165	19365	2	200	4	93
26961	364	19167	19165	19363	2	198	4	93
26961	365	19167	19165	19365	2	200	4	93
26961	366	19168	19164	19363	4	199	5	93
26961	367	19167	19165	19365	2	200	4	93
26961	368	19167	19165	19363	2	198	4	93
26961	369	19167	19165	19365	2	200	4	93
26961	370	19167	19166	19364	1	198	4	93
26961	371	19168	19166	19364	2	198	4	93
26961	372	19170	19168	19367	2	199	5	93
26961	373	19171	19169	19369	2	200	4	93
26961	374	19171	19168	19368	3	200	4	93
26961	375	19168	19165	19364	3	199	5	93
26961	376	19168	19165	19367	3	202	4	93
26961	377	19167	19165	19365	2	200	4	93
26961	378	19168	19164	19363	4	199	5	93
26961	379	19167	19166	19364	1	198	4	93
26961	380	19168	19165	19363	3	198	4	93
26961	381	19167	19164	19365	3	201	5	93
26961	382	19167	19166	19364	1	198	4	93
26961	383	19165	19164	19363	1	199	3	93
26961	384	19165	19164	19362	1	198	4	93
26961	385	19168	19165	19365	3	200	4	93
26961	386	19168	19166	19364	2	198	4	93
26961	387	19167	19164	19365	3	201	5	93
26961	388	19167	19165	19365	2	200	4	93
26961	389	19168	19165	19363	3	198	4	93
26961	390	19167	19166	19364	1	198	4	93
26961	391	19167	19166	19364	1	198	4	93
26961	392	19168	19165	19365	3	200	4	93
26961	393	19167	19164	19365	3	201	5	93
26961	394	19167	19166	19364	1	198	4	93
26961	395	19168	19165	19365	3	200	4	93
26961	396	19167	19165	19365	2	200	4	93
26961	397	19167	19166	19364	1	198	4	93
26961	398	19168	19165	19364	3	199	4	93
26961	399	19167	19164	19365	3	201	5	93
26961	400	19168	19166	19364	2	198	4	93
26961	401	19167	19165	19363	2	198	4	93
26961	402	19168	19164	19365	4	201	5	93
26961	403	19168	19165	19365	3	200	4	93
26961	404	19168	19165	19365	3	200	4	93
26961	405	19167	19164	19365	3	201	5	93
26961	406	19165	19165	19362	0	197	3	93
26961	407	19165	19164	19363	1	199	3	93
26961	408	19167	19165	19371	2	206	6	94
26961	409	19167	19165	19365	2	200	4	93
26961	410	19168	19165	19365	3	200	4	93
26961	411	19167	19166	19364	1	198	4	93
26961	412	19167	19164	19365	3	201	5	93
26961	413	19167	19166	19364	1	198	4	93
26961	414	19167	19165	19363	2	198	4	93
26961	415	19168	19165	19363	3	198	4	93
26961	416	19167	19165	19365	2	200	4	93
26961	417	19169	19167	19365	2	198	4	93
26961	418	19170	19169	19367	1	198	4	93
26961	419	19170	19168	19367	2	199	5	93
26961	420	19171	19168	19367	3	199	5	93
26961	421	19168	19166	19366	2	200	4	93
26961	422	19167	19166	19364	1	198	4	93
26961	423	19167	19165	19365	2	200	4	93
26961	424	19167	19165	19365	2	200	4	93
26961	425	19168	19166	19366	2	200	4	93
26961	426	19168	19165	19365	3	200	4	93
26961	427	19167	19166	19364	1	198	4	93
26961	428	19167	19166	19364	1	198	4	93
26961	429	19167	19165	19365	2	200	4	93
26961	430	19166	19163	19363	3	200	4	93
26961	431	19166	19165	19362	1	197	3	93
26961	432	19168	19165	19363	3	198	4	93
26961	433	19168	19164	19365	4	201	5	93
26961	434	19168	19165	19365	3	200	4	93
26961	435	19168	19165	19367	3	202	4	93
26961	436	19168	19166	19364	2	198	4	93
26961	437	19168	19165	19363	3	198	4	93
26961	438	19167	19166	19364	1	198	4	93
26961	439	19168	19164	19365	4	201	5	93
26961	440	19167	19165	19363	2	198	4	93
26961	441	19167	19165	19363	2	198	4	93
26961	442	19167	19165	19365	2	200	4	93
26961	443	19167	19165	19365	2	200	4	93
26961	444	19167	19165	19365	2	200	4	93
26961	445	19167	19164	19365	3	201	5	93
26961	446	19167	19165	19364	2	199	5	93
26961	447	19168	19165	19364	3	199	5	93
26961	448	19168	19164	19365	4	201	5	93
26961	449	19167	19166	19364	1	198	4	93
26961	450	19169	19166	19366	3	200	4	93
26961	451	19167	19165	19363	2	198	4	93
26961	452	19167	19164	19365	3	201	5	93
26961	453	19165	19164	19363	1	199	3	93
26961	454	19166	19164	19363	2	199	3	93
26961	455	19168	19165	19363	3	198	4	93
26961	456	19167	19165	19363	2	198	4	93
26961	457	19168	19164	19365	4	201	5	93
26961	458	19168	19165	19365	3	200	4	93
26961	459	19167	19164	19365	3	201	5	93
26961	460	19167	19164	19365	3	201	5	93
26961	461	19168	19165	19363	3	198	4	93
26961	462	19167	19166	19364	1	198	4	93
26961	463	19168	19164	19365	4	201	5	93
26961	464	19168	19165	19365	3	200	4	93
26961	465	19168	19166	19364	2	198	4	93
26961	466	19168	19165	19366	3	201	5	93
26961	467	19170	19168	19366	2	198	4	93
26961	468	19170	19168	19368	2	200	4	93
26961	469	19171	19168	19367	3	199	5	93
26961	470	19170	19167	19367	3	200	4	93
26961	471	19169	19166	19366	3	200	4	93
26961	472	19167	19164	19365	3	201	5	93
26961	473	19167	19166	19364	1	198	4	93
26961	474	19168	19166	19364	2	198	4	93
26961	475	19167	19164	19363	3	199	5	93
26961	476	19168	19165	19365	3	200	4	93
26961	477	19165	19165	19362	0	197	3	93
26961	478	19165	19163	19362	2	199	5	93
26961	479	19167	19166	19364	1	198	4	93
26961	480	19167	19165	19365	2	200	4	93
26961	481	19167	19165	19365	2	200	4	93
26961	482	19167	19166	19364	1	198	4	93
26961	483	19167	19166	19364	1	198	4	93
26961	484	19168	19165	19365	3	200	4	93
26961	485	19168	19165	19363	3	198	4	93
26961	486	19167	19164	19363	3	199	5	93
26961	487	19168	19165	19364	3	199	5	93
26961	488	19167	19166	19364	1	198	4	93
26961	489	19167	19165	19365	2	200	4	93
26961	490	19168	19164	19365	4	201	5	93
26961	491	19167	19166	19364	1	198	4	93
26961	492	19167	19165	19363	2	198	4	93
26961	493	19168	19165	19364	3	199	5	93
26961	494	19168	19165	19363	3	198	4	93
26961	495	19168	19165	19364	3	199	4	93
26961	496	19167	19165	19364	2	199	5	93
26961	497	19167	19165	19365	2	200	4	93
26961	498	19168	19166	19364	2	198	4	93
26961	499	19168	19164	19363	4	199	5	93
26961	500	19165	19164	19363	1	199	3	93
26961	501	19166	19165	19362	1	197	3	93
26961	502	19167	19164	19365	3	201	5	93
26961	503	19167	19166	19364	1	198	4	93
26961	504	19168	19164	19363	4	199	5	93
26961	505	19168	19165	19364	3	199	5	93
26961	506	19168	19165	19363	3	198	4	93
26961	507	19167	19165	19365	2	200	4	93
26961	508	19167	19165	19365	2	200	4	93
26961	509	19167	19165	19365	2	200	4	93
26961	510	19167	19164	19378	3	214	7	94
26961	511	19168	19164	19365	4	201	5	93
26961	512	19167	19166	19364	1	198	4	93
26961	513	19168	19165	19363	3	198	4	93
26961	514	19167	19166	19364	1	198	4	93
26961	515	19167	19166	19364	1	198	4	93
26961	516	19169	19167	19365	2	198	4	93
26961	517	19170	19168	19367	2	199	5	93
26961	518	19171	19168	19369	3	201	5	93
26961	519	19170	19168	19368	2	200	4	93
26961	520	19169	19168	19366	1	198	4	93
26961	521	19167	19166	19364	1	198	4	93
26961	522	19167	19165	19364	2	199	4	93
26961	523	19168	19166	19364	2	198	4	93
26961	524	19165	19163	19361	2	198	4	93
26961	525	19166	19164	19362	2	198	4	93
26961	526	19168	19164	19365	4	201	5	93
26961	527	19168	19164	19365	4	201	5	93
26961	528	19167	19166	19364	1	198	4	93
26961	529	19167	19166	19364	1	198	4	93
26961	530	19168	19164	19365	4	201	5	93
26961	531	19167	19166	19364	1	198	4	93
26961	532	19167	19166	19364	1	198	4	93
26961	533	19168	19165	19363	3	198	4	93
26961	534	19168	19166	19364	2	198	4	93
26961	535	19167	19166	19364	1	198	4	93
26961	536	19168	19165	19365	3	200	4	93
26961	537	19168	19164	19365	4	201	5	93
26961	538	19167	19165	19365	2	200	4	93
26961	539	19167	19166	19364	1	198	4	93
26961	540	19168	19165	19365	3	200	4	93
26961	541	19167	19165	19365	2	200	4	93
26961	542	19167	19165	19364	2	199	5	93
26961	543	19167	19165	19365	2	200	4	93
26961	544	19168	19164	19364	4	200	5	93
26961	545	19168	19164	19363	4	199	5	93
26961	546	19167	19166	19364	1	198	4	93
26961	547	19165	19165	19362	0	197	3	93
26961	548	19165	19165	19362	0	197	3	93
26961	549	19167	19165	19365	2	200	4	93
26961	550	19167	19165	19365	2	200	4	93
26961	551	19167	19164	19365	3	201	5	93
26961	552	19167	19165	19364	2	199	5	93
26961	553	19168	19165	19365	3	200	4	93
26961	554	19168	19165	19365	3	200	4	93
26961	555	19168	19166	19364	2	198	4	93
26961	556	19167	19165	19364	2	199	4	93
26961	557	19167	19164	19363	3	199	5	93
26961	558	19167	19165	19364	2	199	5	93
26961	559	19167	19165	19365	2	200	4	93
26961	560	19167	19166	19364	1	198	4	93
26961	561	19167	19166	19364	1	198	4	93
26961	562	19168	19165	19363	3	198	4	93
26961	563	19168	19165	19364	3	199	5	93
26961	564	19167	19166	19364	1	198	4	93
26961	565	19167	19165	19363	2	198	4	93
26961	566	19167	19166	19364	1	198	4	93
26961	567	19167	19165	19363	2	198	4	93
26961	568	19168	19165	19367	3	202	4	93
26961	569	19169	19165	19364	4	199	5	93
26961	570	19168	19166	19365	2	199	3	93
26961	571	19168	19165	19365	3	200	4	93
26961	572	19171	19169	19367	2	198	4	93
26961	573	19170	19168	19368	2	200	4	93
26961	574	19169	19166	19367	3	201	4	93
26961	575	19168	19166	19364	2	198	4	93
26961	576	19167	19165	19363	2	198	4	93
26961	577	19168	19165	19365	3	200	4	93
26961	578	19168	19164	19365	4	201	5	93
26961	579	19167	19165	19365	2	200	4	93
26961	580	19167	19166	19364	1	198	4	93
26961	581	19168	19165	19365	3	200	4	93
26961	582	19167	19165	19365	2	200	4	93
26961	583	19168	19166	19364	2	198	4	93
26961	584	19167	19164	19363	3	199	5	93
26961	585	19167	19164	19365	3	201	5	93
26961	586	19167	19166	19364	1	198	4	93
26961	587	19167	19165	19363	2	198	4	93
26961	588	19168	19165	19365	3	200	4	93
26961	589	19167	19165	19363	2	198	4	93
26961	590	19167	19164	19363	3	199	5	93
26961	591	19168	19165	19364	3	199	5	93
26961	592	19167	19165	19365	2	200	4	93
26961	593	19167	19166	19364	1	198	4	93
26961	594	19166	19164	19363	2	199	3	93
26961	595	19165	19164	19363	1	199	3	93
26961	596	19167	19166	19364	1	198	4	93
26961	597	19167	19165	19365	2	200	4	93
26961	598	19167	19166	19364	1	198	4	93
26961	599	19167	19166	19364	1	198	4	93
26961	600	19168	19165	19364	3	199	4	93
26961	601	19167	19165	19365	2	200	4	93
26961	602	19167	19166	19364	1	198	4	93
26961	603	19167	19166	19364	1	198	4	93
26961	604	19167	19166	19364	1	198	4	93
26961	605	19167	19165	19365	2	200	4	93
26961	606	19167	19165	19364	2	199	5	93
26961	607	19167	19165	19365	2	200	4	93
26961	608	19167	19166	19364	1	198	4	93
26961	609	19167	19165	19364	2	199	5	93
26961	610	19167	19165	19365	2	200	4	93
26961	611	19168	19165	19364	3	199	4	93
26961	612	19168	19164	19365	4	201	5	93
26961	613	19168	19165	19363	3	198	4	93
26961	614	19167	19165	19365	2	200	4	93
26961	615	19168	19165	19364	3	199	5	93
26961	616	19167	19165	19365	2	200	4	93
26961	617	19165	19164	19365	1	201	5	93
26961	618	19166	19164	19365	2	201	3	93
26961	619	19168	19166	19364	2	198	4	93
26961	620	19168	19165	19365	3	200	4	93
26961	621	19168	19165	19363	3	198	4	93
26961	622	19168	19165	19364	3	199	4	93
26961	623	19168	19165	19365	3	200	4	93
26961	624	19167	19164	19365	3	201	5	93
26961	625	19168	19164	19365	4	201	5	93
26961	626	19167	19166	19364	1	198	4	93
26961	627	19167	19166	19364	1	198	4	93
26961	628	19169	19166	19365	3	199	4	93
26961	629	19170	19167	19366	3	199	5	93
26961	630	19172	19168	19369	4	201	5	93
26961	631	19170	19167	19368	3	201	5	93
26961	632	19170	19168	19368	2	200	4	93
26961	633	19168	19166	19365	2	199	5	93
26961	634	19169	19167	19367	2	200	4	93
26961	635	19167	19166	19364	1	198	4	93
26961	636	19167	19164	19363	3	199	5	93
26961	637	19168	19166	19364	2	198	4	93
26961	638	19167	19165	19365	2	200	4	93
26961	639	19168	19165	19365	3	200	4	93
26961	640	19167	19166	19364	1	198	4	93
26961	641	19167	19165	19363	2	198	4	93
26961	642	19165	19164	19362	1	198	4	93
26961	643	19166	19165	19363	1	198	4	93
26961	644	19167	19165	19365	2	200	4	93
26961	645	19167	19165	19364	2	199	5	93
26961	646	19168	19165	19365	3	200	4	93
26961	647	19168	19165	19365	3	200	4	93
26961	648	19167	19165	19364	2	199	5	93
26961	649	19168	19165	19365	3	200	4	93
26961	650	19167	19166	19364	1	198	4	93
26961	651	19167	19165	19364	2	199	5	93
26961	652	19167	19166	19364	1	198	4	93
26961	653	19168	19165	19367	3	202	4	93
26961	654	19167	19164	19365	3	201	5	93
26961	655	19167	19166	19364	1	198	4	93
26961	656	19168	19164	19365	4	201	5	93
26961	657	19167	19165	19363	2	198	4	93
26961	658	19168	19164	19367	4	203	5	93
26961	659	19168	19165	19367	3	202	4	93
26961	660	19167	19165	19365	2	200	4	93
26961	661	19168	19165	19367	3	202	4	93
26961	662	19167	19166	19364	1	198	4	93
26961	663	19167	19166	19364	1	198	4	93
26961	664	19167	19165	19364	2	199	5	93
26961	665	19165	19164	19362	1	198	4	93
26961	666	19166	19165	19364	1	199	3	93
26961	667	19168	19167	19365	1	198	4	93
26961	668	19167	19164	19363	3	199	5	93
26961	669	19167	19165	19364	2	199	5	93
26961	670	19168	19164	19365	4	201	5	93
26961	671	19168	19165	19365	3	200	4	93
26961	672	19167	19165	19365	2	200	4	93
26961	673	19167	19166	19364	1	198	4	93
26961	674	19167	19165	19365	2	200	4	93
26961	675	19167	19165	19364	2	199	5	93
26961	676	19168	19165	19365	3	200	4	93
26961	677	19168	19165	19365	3	200	4	93
26961	678	19231	19168	19427	63	259	13	111
26961	679	19167	19166	19364	1	198	4	93
26961	680	19168	19165	19365	3	200	4	93
26961	681	19167	19164	19365	3	201	5	93
26961	682	19167	19164	19365	3	201	5	93
26961	683	19168	19166	19366	2	200	4	93
26961	684	19169	19168	19366	1	198	4	93
26961	685	19169	19168	19366	1	198	4	93
26961	686	19171	19169	19367	2	198	4	93
26961	687	19170	19168	19366	2	198	4	93
26961	688	19167	19165	19363	2	198	4	93
26961	689	19165	19165	19362	0	197	3	93
26961	690	19167	19165	19365	2	200	4	93
26961	691	19167	19166	19364	1	198	4	93
26961	692	19168	19164	19365	4	201	5	93
26961	693	19167	19165	19363	2	198	4	93
26961	694	19167	19165	19365	2	200	4	93
26961	695	19167	19165	19364	2	199	5	93
26961	696	19167	19165	19364	2	199	5	93
26961	697	19168	19165	19365	3	200	4	93
26961	698	19167	19166	19364	1	198	4	93
26961	699	19168	19165	19366	3	201	4	93
26961	700	19167	19165	19365	2	200	4	93
26961	701	19168	19164	19363	4	199	5	93
26961	702	19168	19164	19365	4	201	5	93
26961	703	19167	19165	19364	2	199	5	93
26961	704	19167	19166	19364	1	198	4	93
26961	705	19168	19165	19365	3	200	4	93
26961	706	19167	19164	19365	3	201	5	93
26961	707	19168	19166	19366	2	200	4	93
26961	708	19167	19165	19364	2	199	5	93
26961	709	19167	19164	19363	3	199	5	93
26961	710	19167	19165	19363	2	198	4	93
26961	711	19167	19166	19364	1	198	4	93
26961	712	19165	19164	19363	1	199	3	93
26961	713	19166	19165	19362	1	197	3	93
26961	714	19167	19164	19365	3	201	5	93
26961	715	19167	19164	19365	3	201	5	93
26961	716	19167	19166	19364	1	198	4	93
26961	717	19167	19165	19365	2	200	4	93
26961	718	19167	19165	19365	2	200	4	93
26961	719	19168	19165	19365	3	200	4	93
26961	720	19168	19165	19364	3	199	4	93
26961	721	19167	19166	19364	1	198	4	93
26961	722	19167	19165	19365	2	200	4	93
26961	723	19167	19165	19365	2	200	4	93
26961	724	19167	19166	19364	1	198	4	93
26961	725	19167	19164	19363	3	199	5	93
26961	726	19167	19166	19364	1	198	4	93
26961	727	19167	19166	19364	1	198	4	93
26961	728	19167	19164	19365	3	201	5	93
26961	729	19167	19166	19364	1	198	4	93
26961	730	19168	19165	19363	3	198	4	93
26961	731	19167	19164	19365	3	201	5	93
26961	732	19168	19165	19365	3	200	4	93
26961	733	19167	19165	19365	2	200	4	93
26961	734	19167	19164	19365	3	201	5	93
26961	735	19168	19165	19367	3	202	4	93
26961	736	19168	19166	19365	2	199	3	93
26961	737	19168	19166	19367	2	201	5	93
26961	738	19172	19169	19367	3	198	4	93
26961	739	19170	19168	19368	2	200	4	93
26961	740	19169	19166	19365	3	199	5	93
26961	741	19167	19165	19365	2	200	4	93
26961	742	19168	19165	19363	3	198	4	93
26961	743	19167	19164	19364	3	200	6	93
26961	744	19168	19165	19365	3	200	4	93
26961	745	19168	19165	19363	3	198	4	93
26961	746	19167	19166	19364	1	198	4	93
26961	747	19167	19165	19365	2	200	4	93
26961	748	19167	19166	19364	1	198	4	93
26961	749	19168	19165	19364	3	199	5	93
26961	750	19167	19166	19364	1	198	4	93
26961	751	19168	19165	19365	3	200	4	93
26961	752	19168	19165	19363	3	198	4	93
26961	753	19167	19165	19364	2	199	5	93
26961	754	19167	19164	19365	3	201	5	93
26961	755	19167	19165	19365	2	200	4	93
26961	756	19168	19166	19364	2	198	4	93
26961	757	19168	19165	19365	3	200	4	93
26961	758	19167	19165	19364	2	199	5	93
26961	759	19166	19164	19363	2	199	3	93
26961	760	19166	19164	19363	2	199	3	93
26961	761	19168	19164	19363	4	199	5	93
26961	762	19168	19166	19364	2	198	4	93
26961	763	19168	19165	19363	3	198	4	93
26961	764	19168	19164	19365	4	201	5	93
26961	765	19167	19166	19364	1	198	4	93
26961	766	19168	19164	19363	4	199	5	93
26961	767	19168	19164	19365	4	201	5	93
26961	768	19168	19165	19365	3	200	4	93
26961	769	19167	19165	19365	2	200	4	93
26961	770	19167	19165	19365	2	200	4	93
26961	771	19167	19165	19365	2	200	4	93
26961	772	19168	19165	19365	3	200	4	93
26961	773	19168	19164	19364	4	200	5	93
26961	774	19167	19165	19363	2	198	4	93
26961	775	19168	19166	19364	2	198	4	93
26961	776	19167	19164	19365	3	201	5	93
26961	777	19168	19165	19365	3	200	4	93
26961	778	19167	19166	19364	1	198	4	93
26961	779	19167	19165	19365	2	200	4	93
26961	780	19168	19165	19364	3	199	4	93
26961	781	19168	19165	19365	3	200	4	93
26961	782	19169	19165	19366	4	201	5	93
26961	783	19168	19166	19364	2	198	4	93
26961	784	19169	19168	19367	1	199	3	93
26961	785	19171	19168	19366	3	198	4	93
26961	786	19168	19166	19365	2	199	5	93
26961	787	19167	19166	19364	1	198	4	93
26961	788	19168	19165	19363	3	198	4	93
26961	789	19168	19164	19367	4	203	5	93
26961	790	19168	19166	19364	2	198	4	93
26961	791	19167	19165	19363	2	198	4	93
26961	792	19168	19164	19365	4	201	5	93
26961	793	19167	19165	19365	2	200	4	93
26961	794	19167	19165	19365	2	200	4	93
26961	795	19167	19164	19365	3	201	5	93
26961	796	19167	19165	19365	2	200	4	93
26961	797	19167	19166	19364	1	198	4	93
26961	798	19167	19165	19365	2	200	4	93
26961	799	19168	19165	19365	3	200	4	93
26961	800	19167	19165	19364	2	199	5	93
26961	801	19167	19165	19364	2	199	5	93
26961	802	19168	19165	19363	3	198	4	93
26961	803	19168	19165	19367	3	202	4	93
26961	804	19168	19165	19363	3	198	4	93
26961	805	19167	19166	19364	1	198	4	93
26961	806	19167	19166	19364	1	198	4	93
26961	807	19165	19163	19363	2	200	4	93
26961	808	19165	19164	19362	1	198	4	93
26961	809	19167	19164	19365	3	201	5	93
26961	810	19168	19165	19363	3	198	4	93
26961	811	19167	19166	19364	1	198	4	93
26961	812	19167	19165	19363	2	198	4	93
26961	813	19167	19165	19365	2	200	4	93
26961	814	19167	19165	19365	2	200	4	93
26961	815	19168	19164	19363	4	199	5	93
26961	816	19168	19165	19363	3	198	4	93
26961	817	19167	19166	19364	1	198	4	93
26961	818	19167	19165	19365	2	200	4	93
26961	819	19167	19165	19365	2	200	4	93
26961	820	19167	19165	19365	2	200	4	93
26961	821	19167	19166	19364	1	198	4	93
26961	822	19167	19166	19364	1	198	4	93
26961	823	19167	19165	19365	2	200	4	93
26961	824	19168	19166	19364	2	198	4	93
26961	825	19168	19165	19365	3	200	5	93
26961	826	19170	19167	19368	3	201	5	93
26961	827	19170	19169	19367	1	198	4	93
26961	828	19171	19170	19368	1	198	4	93
26961	829	19169	19167	19367	2	200	4	93
26961	830	19168	19165	19367	3	202	4	93
26961	831	19166	19163	19363	3	200	4	93
26961	832	19165	19164	19363	1	199	3	93
26961	833	19167	19166	19364	1	198	4	93
26961	834	19167	19165	19363	2	198	4	93
26961	835	19167	19165	19365	2	200	4	93
26961	836	19167	19166	19364	1	198	4	93
26961	837	19167	19165	19365	2	200	4	93
26961	838	19168	19165	19365	3	200	6	93
26961	839	19167	19165	19364	2	199	5	93
26961	840	19168	19164	19365	4	201	5	93
26961	841	19168	19165	19365	3	200	4	93
26961	842	19167	19165	19365	2	200	4	93
26961	843	19167	19165	19365	2	200	4	93
26961	844	19168	19165	19365	3	200	4	93
26961	845	19168	19164	19363	4	199	5	93
26961	846	19168	19164	19363	4	199	5	93
26961	847	19167	19165	19365	2	200	4	93
26961	848	19168	19165	19364	3	199	4	93
26961	849	19168	19165	19365	3	200	4	93
26961	850	19167	19165	19365	2	200	4	93
26961	851	19167	19166	19364	1	198	4	93
26961	852	19168	19164	19363	4	199	5	93
26961	853	19167	19165	19364	2	199	5	93
26961	854	19166	19164	19363	2	199	3	93
26961	855	19165	19164	19364	1	200	4	93
26961	856	19167	19165	19365	2	200	4	93
26961	857	19168	19165	19365	3	200	4	93
26961	858	19167	19164	19365	3	201	5	93
26961	859	19167	19164	19365	3	201	5	93
26961	860	19168	19165	19367	3	202	4	93
26961	861	19285	19167	19483	118	316	5	94
26961	862	19167	19166	19364	1	198	4	93
26961	863	19168	19166	19364	2	198	4	93
26961	864	19168	19165	19364	3	199	4	93
26961	865	19168	19165	19365	3	200	4	93
26961	866	19286	19166	19482	120	316	6	94
26961	867	19169	19166	19365	3	199	5	93
26961	868	19170	19168	19368	2	200	4	93
26961	869	19171	19169	19367	2	198	4	93
26961	870	19170	19168	19368	2	200	4	93
26961	871	19169	19166	19368	3	202	4	93
26961	872	19168	19164	19365	4	201	5	93
26961	873	19167	19165	19364	2	199	5	93
26961	874	19168	19166	19366	2	200	4	93
26961	875	19168	19166	19364	2	198	4	93
26961	876	19167	19166	19364	1	198	4	93
26961	877	19167	19166	19364	1	198	4	93
26961	878	19165	19164	19363	1	199	3	93
26961	879	19166	19163	19366	3	203	5	93
26961	880	19167	19165	19363	2	198	4	93
26961	881	19167	19165	19365	2	200	4	93
26961	882	19167	19166	19364	1	198	4	93
26961	883	19167	19165	19364	2	199	4	93
26961	884	19167	19165	19365	2	200	4	93
26961	885	19168	19164	19365	4	201	5	93
26961	886	19167	19166	19364	1	198	4	93
26961	887	19167	19166	19364	1	198	4	93
26961	888	19168	19165	19365	3	200	4	93
26961	889	19168	19165	19365	3	200	4	93
26961	890	19167	19166	19364	1	198	4	93
26961	891	19168	19165	19367	3	202	4	93
26961	892	19167	19165	19365	2	200	4	93
26961	893	19167	19165	19364	2	199	5	93
26961	894	19167	19165	19364	2	199	5	93
26961	895	19168	19164	19366	4	202	4	93
26961	896	19167	19165	19363	2	198	4	93
26961	897	19167	19166	19364	1	198	4	93
26961	898	19168	19165	19365	3	200	4	93
26961	899	19167	19164	19365	3	201	5	93
26961	900	19167	19164	19365	3	201	5	93
26961	901	19166	19164	19363	2	199	3	93
26961	902	19165	19165	19362	0	197	3	93
26961	903	19167	19166	19364	1	198	4	93
26961	904	19167	19165	19365	2	200	4	93
26961	905	19167	19166	19364	1	198	4	93
26961	906	19167	19165	19364	2	199	5	93
26961	907	19167	19164	19365	3	201	5	93
26961	908	19167	19165	19365	2	200	4	93
26961	909	19167	19166	19364	1	198	4	93
26961	910	19170	19168	19368	2	200	4	93
26961	911	19171	19169	19367	2	198	4	93
26961	912	19170	19169	19367	1	198	4	93
26961	913	19167	19165	19364	2	199	5	93
26961	914	19167	19164	19365	3	201	5	93
26961	915	19167	19166	19364	1	198	4	93
26961	916	19167	19166	19364	1	198	4	93
26961	917	19167	19166	19364	1	198	4	93
26961	918	19167	19164	19365	3	201	5	93
26961	919	19168	19165	19363	3	198	4	93
26961	920	19167	19166	19364	1	198	4	93
26961	921	19167	19165	19363	2	198	4	93
26961	922	19167	19165	19363	2	198	4	93
26961	923	19167	19165	19365	2	200	4	93
26961	924	19167	19164	19365	3	201	5	93
26961	925	19167	19166	19364	1	198	4	93
26961	926	19165	19165	19362	0	197	3	93
26961	927	19165	19164	19361	1	197	3	93
26961	928	19168	19165	19365	3	200	4	93
26961	929	19167	19165	19365	2	200	4	93
26961	930	19167	19165	19363	2	198	4	93
26961	931	19168	19165	19365	3	200	4	93
26961	932	19167	19165	19365	2	200	4	93
26961	933	19167	19165	19365	2	200	4	93
26961	934	19168	19165	19365	3	200	4	93
26961	935	19168	19164	19363	4	199	5	93
26961	936	19167	19166	19364	1	198	4	93
26961	937	19168	19165	19365	3	200	4	93
26961	938	19168	19165	19365	3	200	4	93
26961	939	19168	19165	19365	3	200	4	93
26961	940	19167	19164	19365	3	201	5	93
26961	941	19167	19164	19365	3	201	5	93
26961	942	19167	19165	19364	2	199	4	93
26961	943	19168	19166	19366	2	200	4	93
26961	944	19171	19168	19366	3	198	4	93
26961	945	19172	19170	19368	2	198	4	93
26961	946	19170	19168	19366	2	198	4	93
26961	947	19168	19164	19363	4	199	5	93
26961	948	19167	19165	19364	2	199	5	93
26961	949	19165	19165	19362	0	197	3	93
26961	950	19165	19164	19363	1	199	3	93
26961	951	19167	19164	19365	3	201	5	93
26961	952	19167	19165	19363	2	198	4	93
26961	953	19167	19166	19364	1	198	4	93
26961	954	19168	19165	19367	3	202	4	93
26961	955	19167	19165	19363	2	198	4	93
26961	956	19168	19165	19365	3	200	4	93
26961	957	19167	19165	19365	2	200	4	93
26961	958	19167	19165	19365	2	200	4	93
26961	959	19167	19165	19363	2	198	4	93
26961	960	19168	19165	19363	3	198	4	93
26961	961	19168	19164	19365	4	201	5	93
26961	962	19167	19165	19365	2	200	4	93
26961	963	19167	19165	19364	2	199	5	93
26961	964	19167	19166	19364	1	198	4	93
26961	965	19167	19165	19365	2	200	4	93
26961	966	19167	19165	19365	2	200	4	93
26961	967	19167	19165	19365	2	200	4	93
26961	968	19167	19165	19365	2	200	4	93
26961	969	19167	19165	19363	2	198	4	93
26961	970	19167	19165	19365	2	200	4	93
26961	971	19168	19166	19364	2	198	4	93
26961	972	19166	19164	19363	2	199	3	93
26961	973	19165	19162	19361	3	199	4	93
26961	974	19167	19165	19365	2	200	4	93
26961	975	19167	19165	19365	2	200	4	93
26961	976	19168	19165	19366	3	201	5	93
26961	977	19171	19168	19368	3	200	4	93
26961	978	19172	19170	19368	2	198	4	93
26961	979	19170	19167	19365	3	198	4	93
26961	980	19167	19166	19364	1	198	4	93
26961	981	19168	19166	19364	2	198	4	93
26961	982	19167	19164	19363	3	199	5	93
26961	983	19167	19165	19365	2	200	4	93
26961	984	19168	19165	19366	3	201	4	93
26961	985	19167	19165	19365	2	200	4	93
26961	986	19167	19166	19364	1	198	4	93
26961	987	19168	19165	19364	3	199	5	93
26961	988	19167	19165	19365	2	200	4	93
26961	989	19167	19165	19365	2	200	4	93
26961	990	19167	19164	19365	3	201	5	93
26961	991	19167	19165	19365	2	200	4	93
26961	992	19168	19166	19364	2	198	4	93
26961	993	19167	19165	19364	2	199	5	93
26961	994	19167	19166	19364	1	198	4	93
26961	995	19165	19165	19362	0	197	3	93
26961	996	19165	19164	19361	1	197	3	93
26961	997	19168	19165	19365	3	200	4	93
26961	998	19167	19165	19365	2	200	4	93
26961	999	19167	19165	19365	2	200	4	93
26961	1000	19167	19165	19364	2	199	5	93
