RUNID	ITERNUM	METIME	PRTIME	TPRTIME	DIFF	TDIFF	NRPROCS	NPROCS
26541	1	21673	21671	21869	2	198	4	93
26541	2	21673	21671	21869	2	198	4	93
26541	3	21673	21670	21872	3	202	4	93
26541	4	21672	21671	21869	1	198	4	93
26541	5	21672	21670	21870	2	200	5	93
26541	6	21668	21665	21864	3	199	5	93
26541	7	21673	21671	21871	2	200	4	93
26541	8	21672	21671	21869	1	198	4	93
26541	9	21675	21672	21871	3	199	4	93
26541	10	21673	21671	21871	2	200	4	93
26541	11	21673	21670	21869	3	199	5	93
26541	12	21673	21671	21871	2	200	4	93
26541	13	21673	21671	21869	2	198	4	93
26541	14	21675	21671	21871	4	200	5	93
26541	15	21673	21671	21871	2	200	4	93
26541	16	21672	21671	21869	1	198	4	93
26541	17	21673	21670	21871	3	201	5	93
26541	18	21671	21668	21867	3	199	5	93
26541	19	21671	21669	21868	2	199	4	93
26541	20	21673	21670	21868	3	198	4	93
26541	21	21672	21671	21869	1	198	4	93
26541	22	21673	21671	21869	2	198	4	93
26541	23	21672	21670	21869	2	199	5	93
26541	24	21674	21671	21871	3	200	5	93
26541	25	21673	21670	21870	3	200	4	93
26541	26	21673	21670	21870	3	200	4	93
26541	27	21673	21669	21870	4	201	5	93
26541	28	21672	21670	21868	2	198	4	93
26541	29	21674	21672	21871	2	199	4	93
26541	30	21673	21670	21871	3	201	5	93
26541	31	21673	21670	21868	3	198	4	93
26541	32	21673	21670	21871	3	201	5	93
26541	33	21672	21670	21870	2	200	4	93
26541	34	21673	21670	21870	3	200	4	93
26541	35	21672	21670	21869	2	199	5	93
26541	36	21669	21666	21867	3	201	5	93
26541	37	21672	21668	21869	4	201	5	93
26541	38	21674	21671	21872	3	201	4	93
26541	39	21673	21671	21871	2	200	4	93
26541	40	21673	21671	21869	2	198	4	93
26541	41	21673	21671	21869	2	198	4	93
26541	42	21673	21671	21869	2	198	4	93
26541	43	21675	21670	21870	5	200	5	93
26541	44	21673	21670	21869	3	199	5	93
26541	45	21673	21671	21871	2	200	4	93
26541	46	21673	21670	21870	3	200	4	93
26541	47	21673	21671	21871	2	200	4	93
26541	48	21675	21671	21872	4	201	4	93
26541	49	21673	21670	21869	3	199	5	93
26541	50	21673	21669	21871	4	202	5	93
26541	51	21673	21670	21870	3	200	4	93
26541	52	21673	21671	21871	2	200	4	93
26541	53	21675	21671	21871	4	200	5	93
26541	54	21669	21667	21865	2	198	4	93
26541	55	21672	21670	21870	2	200	4	93
26541	56	21672	21671	21869	1	198	4	93
26541	57	21672	21671	21869	1	198	4	93
26541	58	21672	21670	21869	2	199	5	93
26541	59	21672	21671	21869	1	198	4	93
26541	60	21672	21671	21869	1	198	4	93
26541	61	21673	21670	21868	3	198	4	93
26541	62	21674	21672	21871	2	199	4	93
26541	63	21672	21670	21869	2	199	5	93
26541	64	21672	21671	21869	1	198	4	93
26541	65	21673	21671	21871	2	200	4	93
26541	66	21675	21672	21873	3	201	5	93
26541	67	21675	21671	21882	4	211	6	94
26541	68	21673	21671	21869	2	198	4	93
26541	69	21673	21671	21869	2	198	4	93
26541	70	21673	21669	21870	4	201	4	93
26541	71	21670	21667	21867	3	200	5	93
26541	72	21673	21670	21871	3	201	4	93
26541	73	21672	21669	21870	3	201	5	93
26541	74	21673	21670	21871	3	201	5	93
26541	75	21673	21670	21869	3	199	5	93
26541	76	21673	21669	21872	4	203	5	93
26541	77	21675	21671	21874	4	203	4	93
26541	78	21672	21670	21868	2	198	4	93
26541	79	21673	21671	21871	2	200	4	93
26541	80	21673	21671	21869	2	198	4	93
26541	81	21673	21669	21872	4	203	5	93
26541	82	21675	21671	21873	4	202	5	93
26541	83	21673	21671	21869	2	198	4	93
26541	84	21672	21671	21869	1	198	4	93
26541	85	21673	21671	21871	2	200	4	93
26541	86	21704	21677	21900	27	223	7	104
26541	87	21672	21669	21869	3	200	4	93
26541	88	21669	21667	21867	2	200	4	93
26541	89	21673	21669	21870	4	201	5	93
26541	90	21673	21671	21869	2	198	4	93
26541	91	21674	21671	21872	3	201	4	93
26541	92	21673	21669	21870	4	201	5	93
26541	93	21672	21671	21869	1	198	4	93
26541	94	21672	21670	21869	2	199	5	93
26541	95	21673	21671	21871	2	200	4	93
26541	96	21674	21671	21872	3	201	4	93
26541	97	21673	21669	21870	4	201	5	93
26541	98	21673	21671	21871	2	200	4	93
26541	99	21672	21670	21869	2	199	5	93
26541	100	21673	21671	21874	2	203	6	94
26541	101	21674	21672	21871	2	199	4	93
26541	102	21672	21670	21869	2	199	5	93
26541	103	21673	21670	21868	3	198	4	93
26541	104	21672	21671	21869	1	198	4	93
26541	105	21673	21670	21871	3	201	5	93
26541	106	21675	21671	21870	4	199	4	93
26541	107	21672	21670	21870	2	200	4	93
26541	108	21789	21671	21985	118	314	5	94
26541	109	21671	21668	21868	3	200	4	93
26541	110	21673	21669	21872	4	203	5	93
26541	111	21672	21670	21868	2	198	4	93
26541	112	21673	21669	21872	4	203	5	93
26541	113	21673	21669	21870	4	201	5	93
26541	114	21672	21671	21869	1	198	4	93
26541	115	21675	21671	21872	4	201	4	93
26541	116	21672	21671	21869	1	198	4	93
26541	117	21673	21670	21870	3	200	4	93
26541	118	21672	21670	21869	2	199	5	93
26541	119	21673	21670	21870	3	200	4	93
26541	120	21675	21672	21871	3	199	4	93
26541	121	21673	21671	21869	2	198	4	93
26541	122	21673	21669	21870	4	201	5	93
26541	123	21673	21671	21869	2	198	4	93
26541	124	21672	21670	21870	2	200	4	93
26541	125	21674	21671	21871	3	200	5	93
26541	126	21672	21670	21869	2	199	5	93
26541	127	21670	21667	21865	3	198	4	93
26541	128	21672	21669	21867	3	198	4	93
26541	129	21672	21671	21869	1	198	4	93
26541	130	21674	21672	21871	2	199	4	93
26541	131	21673	21669	21872	4	203	5	93
26541	132	21673	21670	21872	3	202	4	93
26541	133	21672	21670	21869	2	199	5	93
26541	134	21672	21671	21869	1	198	4	93
26541	135	21673	21671	21871	2	200	4	93
26541	136	21673	21671	21869	2	198	4	93
26541	137	21672	21670	21868	2	198	4	93
26541	138	21672	21671	21869	1	198	4	93
26541	139	21672	21671	21872	1	201	4	93
26541	140	21673	21671	21870	2	199	4	93
26541	141	21673	21671	21869	2	198	4	93
26541	142	21673	21671	21869	2	198	4	93
26541	143	21673	21671	21869	2	198	4	93
26541	144	21674	21671	21871	3	200	5	93
26541	145	21669	21667	21867	2	200	4	93
26541	146	21671	21669	21869	2	200	4	93
26541	147	21673	21671	21871	2	200	4	93
26541	148	21673	21670	21872	3	202	4	93
26541	149	21674	21671	21872	3	201	4	93
26541	150	21673	21671	21871	2	200	4	93
26541	151	21672	21671	21869	1	198	4	93
26541	152	21673	21670	21870	3	200	4	93
26541	153	21673	21670	21870	3	200	4	93
26541	154	21674	21672	21871	2	199	4	93
26541	155	21673	21670	21872	3	202	4	93
26541	156	21673	21670	21870	3	200	4	93
26541	157	21672	21670	21869	2	199	5	93
26541	158	21673	21671	21869	2	198	4	93
26541	159	21674	21672	21871	2	199	4	93
26541	160	21673	21670	21870	3	200	4	93
26541	161	21672	21671	21869	1	198	4	93
26541	162	21670	21668	21866	2	198	4	93
26541	163	21671	21668	21868	3	200	4	93
26541	164	21675	21671	21873	4	202	4	93
26541	165	21672	21670	21869	2	199	5	93
26541	166	21673	21671	21871	2	200	4	93
26541	167	21673	21671	21870	2	199	4	93
26541	168	21673	21669	21870	4	201	5	93
26541	169	21673	21670	21870	3	200	4	93
26541	170	21673	21670	21869	3	199	5	93
26541	171	21673	21671	21871	2	200	4	93
26541	172	21672	21671	21869	1	198	4	93
26541	173	21674	21671	21871	3	200	5	93
26541	174	21673	21671	21871	2	200	4	93
26541	175	21672	21671	21869	1	198	4	93
26541	176	21673	21670	21868	3	198	4	93
26541	177	21673	21671	21869	2	198	4	93
26541	178	21672	21667	21871	5	204	5	93
26541	179	21671	21669	21869	2	200	4	93
26541	180	21673	21671	21869	2	198	4	93
26541	181	21673	21669	21872	4	203	5	93
26541	182	21673	21671	21871	2	200	4	93
26541	183	21675	21672	21871	3	199	4	93
26541	184	21673	21670	21870	3	200	4	93
26541	185	21673	21671	21871	2	200	4	93
26541	186	21673	21670	21871	3	201	5	93
26541	187	21673	21671	21869	2	198	4	93
26541	188	21675	21672	21873	3	201	4	93
26541	189	21673	21669	21872	4	203	5	93
26541	190	21673	21670	21870	3	200	4	93
26541	191	21673	21671	21871	2	200	4	93
26541	192	21672	21670	21870	2	200	4	93
26541	193	21672	21670	21869	2	199	4	93
26541	194	21669	21666	21867	3	201	5	93
26541	195	21673	21670	21870	3	200	4	93
26541	196	21673	21671	21869	2	198	4	93
26541	197	21672	21671	21872	1	201	4	93
26541	198	21673	21671	21869	2	198	4	93
26541	199	21673	21670	21871	3	201	5	93
26541	200	21673	21671	21871	2	200	4	93
26541	201	21673	21671	21871	2	200	4	93
26541	202	21675	21672	21872	3	200	4	93
26541	203	21672	21671	21869	1	198	4	93
26541	204	21673	21670	21869	3	199	5	93
26541	205	21673	21671	21871	2	200	4	93
26541	206	21673	21671	21871	2	200	4	93
26541	207	21675	21671	21872	4	201	4	93
26541	208	21670	21669	21867	1	198	4	93
26541	209	21670	21667	21868	3	201	5	93
26541	210	21673	21672	21870	1	198	4	93
26541	211	21673	21671	21869	2	198	4	93
26541	212	21675	21670	21873	5	203	5	93
26541	213	21673	21670	21870	3	200	4	93
26541	214	21673	21670	21870	3	200	4	93
26541	215	21673	21670	21869	3	199	5	93
26541	216	21673	21671	21871	2	200	4	93
26541	217	21672	21671	21869	1	198	4	93
26541	218	21673	21671	21871	2	200	4	93
26541	219	21673	21671	21871	2	200	4	93
26541	220	21673	21670	21871	3	201	5	93
26541	221	21675	21671	21874	4	203	4	93
26541	222	21672	21670	21869	2	199	4	93
26541	223	21668	21666	21865	2	199	5	93
26541	224	21672	21671	21869	1	198	4	93
26541	225	21673	21670	21871	3	201	5	93
26541	226	21675	21672	21871	3	199	4	93
26541	227	21673	21671	21871	2	200	4	93
26541	228	21673	21671	21870	2	199	4	93
26541	229	21676	21673	21873	3	200	4	93
26541	230	21673	21671	21871	2	200	4	93
26541	231	21675	21671	21871	4	200	5	93
26541	232	21673	21671	21869	2	198	4	93
26541	233	21672	21671	21869	1	198	4	93
26541	234	21673	21671	21871	2	200	4	93
26541	235	21673	21670	21871	3	201	5	93
26541	236	21672	21670	21869	2	199	4	93
26541	237	21670	21666	21867	4	201	5	93
26541	238	21673	21671	21869	2	198	4	93
26541	239	21673	21671	21871	2	200	4	93
26541	240	21674	21672	21871	2	199	4	93
26541	241	21673	21671	21871	2	200	4	93
26541	242	21673	21671	21871	2	200	4	93
26541	243	21673	21670	21871	3	201	5	93
26541	244	21673	21670	21872	3	202	4	93
26541	245	21674	21672	21871	2	199	4	93
26541	246	21672	21670	21869	2	199	5	93
26541	247	21673	21670	21872	3	202	4	93
26541	248	21674	21671	21869	3	198	4	93
26541	249	21673	21671	21869	2	198	4	93
26541	250	21673	21669	21870	4	201	4	93
26541	251	21671	21668	21868	3	200	4	93
26541	252	21673	21671	21871	2	200	4	93
26541	253	21673	21671	21869	2	198	4	93
26541	254	21673	21670	21869	3	199	5	93
26541	255	21675	21672	21873	3	201	4	93
26541	256	21673	21671	21871	2	200	4	93
26541	257	21673	21672	21870	1	198	4	93
26541	258	21673	21671	21870	2	199	4	93
26541	259	21673	21670	21872	3	202	4	93
26541	260	21670	21666	21865	4	199	4	93
26541	261	21673	21671	21869	2	198	4	93
26541	262	21673	21671	21869	2	198	4	93
26541	263	21673	21671	21869	2	198	4	93
26541	264	21673	21671	21871	2	200	4	93
26541	265	21674	21671	21869	3	198	4	93
26541	266	21672	21670	21869	2	199	5	93
26541	267	21674	21671	21871	3	200	4	93
26541	268	21673	21671	21869	2	198	4	93
26541	269	21673	21670	21871	3	201	4	93
26541	270	21670	21668	21868	2	200	4	93
26541	271	21673	21671	21869	2	198	4	93
26541	272	21673	21671	21870	2	199	5	93
26541	273	21673	21670	21869	3	199	5	93
26541	274	21674	21672	21871	2	199	4	93
26541	275	21674	21670	21869	4	199	5	93
26541	276	21673	21669	21870	4	201	5	93
26541	277	21673	21672	21870	1	198	4	93
26541	278	21673	21670	21871	3	201	5	93
26541	279	21671	21668	21869	3	201	4	93
26541	280	21672	21670	21870	2	200	4	93
26541	281	21673	21671	21869	2	198	4	93
26541	282	21673	21671	21869	2	198	4	93
26541	283	21673	21671	21869	2	198	4	93
26541	284	21675	21672	21872	3	200	5	93
26541	285	21673	21670	21869	3	199	5	93
26541	286	21673	21671	21869	2	198	4	93
26541	287	21673	21671	21871	2	200	4	93
26541	288	21673	21671	21871	2	200	4	93
26541	289	21668	21666	21866	2	200	4	93
26541	290	21672	21670	21869	2	199	5	93
26541	291	21673	21671	21871	2	200	4	93
26541	292	21673	21671	21871	2	200	4	93
26541	293	21675	21672	21873	3	201	4	93
26541	294	21673	21672	21870	1	198	4	93
26541	295	21672	21671	21869	1	198	4	93
26541	296	21673	21671	21871	2	200	4	93
26541	297	21674	21670	21869	4	199	5	93
26541	298	21675	21672	21873	3	201	4	93
26541	299	21669	21667	21865	2	198	4	93
26541	300	21673	21671	21871	2	200	4	93
26541	301	21673	21671	21871	2	200	4	93
26541	302	21673	21670	21871	3	201	5	93
26541	303	21674	21672	21871	2	199	4	93
26541	304	21673	21671	21869	2	198	4	93
26541	305	21673	21671	21871	2	200	4	93
26541	306	21673	21671	21871	2	200	4	93
26541	307	21673	21671	21871	2	200	4	93
26541	308	21675	21671	21871	4	200	5	93
26541	309	21671	21667	21868	4	201	5	93
26541	310	21670	21669	21867	1	198	4	93
26541	311	21673	21671	21869	2	198	4	93
26541	312	21673	21670	21872	3	202	4	93
26541	313	21674	21671	21871	3	200	4	93
26541	314	21673	21670	21870	3	200	5	93
26541	315	21673	21671	21869	2	198	4	93
26541	316	21673	21671	21869	2	198	4	93
26541	317	21675	21672	21872	3	200	4	93
26541	318	21673	21670	21869	3	199	5	93
26541	319	21673	21671	21869	2	198	4	93
26541	320	21667	21664	21865	3	201	5	93
26541	321	21673	21670	21871	3	201	5	93
26541	322	21675	21671	21871	4	200	5	93
26541	323	21673	21671	21871	2	200	4	93
26541	324	21673	21670	21871	3	201	5	93
26541	325	21673	21671	21871	2	200	4	93
26541	326	21673	21671	21870	2	199	5	93
26541	327	21675	21671	21872	4	201	4	93
26541	328	21673	21671	21871	2	200	4	93
26541	329	21673	21671	21869	2	198	4	93
26541	330	21670	21668	21866	2	198	4	93
26541	331	21671	21669	21867	2	198	4	93
26541	332	21675	21671	21873	4	202	5	93
26541	333	21673	21671	21870	2	199	5	93
26541	334	21673	21671	21871	2	200	4	93
26541	335	21673	21671	21869	2	198	4	93
26541	336	21673	21671	21871	2	200	4	93
26541	337	21673	21671	21869	2	198	4	93
26541	338	21673	21671	21871	2	200	4	93
26541	339	21673	21671	21871	2	200	4	93
26541	340	21673	21671	21869	2	198	4	93
26541	341	21671	21667	21866	4	199	4	93
26541	342	21673	21670	21872	3	202	4	93
26541	343	21673	21671	21871	2	200	4	93
26541	344	21673	21671	21871	2	200	4	93
26541	345	21673	21670	21871	3	201	5	93
26541	346	21674	21671	21872	3	201	4	93
26541	347	21673	21671	21869	2	198	4	93
26541	348	21673	21670	21871	3	201	5	93
26541	349	21673	21671	21869	2	198	4	93
26541	350	21673	21671	21871	2	200	4	93
26541	351	21675	21672	21873	3	201	4	93
26541	352	21668	21665	21865	3	200	4	93
26541	353	21673	21671	21871	2	200	4	93
26541	354	21673	21670	21872	3	202	4	93
26541	355	21673	21671	21869	2	198	4	93
26541	356	21675	21672	21873	3	201	4	93
26541	357	21673	21670	21871	3	201	5	93
26541	358	21673	21671	21871	2	200	4	93
26541	359	21673	21671	21869	2	198	4	93
26541	360	21673	21671	21870	2	199	4	93
26541	361	21672	21670	21870	2	200	5	93
26541	362	21673	21670	21870	3	200	4	93
26541	363	21669	21666	21867	3	201	5	93
26541	364	21673	21671	21871	2	200	4	93
26541	365	21675	21672	21873	3	201	4	93
26541	366	21673	21671	21871	2	200	4	93
26541	367	21673	21671	21871	2	200	4	93
26541	368	21672	21671	21869	1	198	4	93
26541	369	21673	21671	21871	2	200	4	93
26541	370	21676	21672	21871	4	199	4	93
26541	371	21673	21670	21872	3	202	4	93
26541	372	21673	21671	21871	2	200	4	93
26541	373	21669	21668	21866	1	198	4	93
26541	374	21672	21669	21869	3	200	5	93
26541	375	21675	21672	21871	3	199	4	93
26541	376	21673	21671	21871	2	200	4	93
26541	377	21673	21670	21869	3	199	5	93
26541	378	21672	21671	21869	1	198	4	93
26541	379	21673	21671	21871	2	200	4	93
26541	380	21675	21671	21872	4	201	4	93
26541	381	21673	21671	21869	2	198	4	93
26541	382	21673	21671	21869	2	198	4	93
26541	383	21672	21671	21869	1	198	4	93
26541	384	21669	21666	21864	3	198	4	93
26541	385	21674	21671	21871	3	200	5	93
26541	386	21673	21671	21869	2	198	4	93
26541	387	21674	21671	21869	3	198	4	93
26541	388	21672	21670	21869	2	199	5	93
26541	389	21674	21671	21869	3	198	4	93
26541	390	21673	21670	21871	3	201	5	93
26541	391	21673	21671	21870	2	199	4	93
26541	392	21676	21673	21874	3	201	5	93
26541	393	21673	21669	21871	4	202	5	93
26541	394	21670	21668	21867	2	199	4	93
26541	395	21672	21671	21869	1	198	4	93
26541	396	21673	21670	21871	3	201	5	93
26541	397	21673	21671	21871	2	200	4	93
26541	398	21673	21671	21871	2	200	4	93
26541	399	21674	21671	21871	3	200	5	93
26541	400	21673	21670	21869	3	199	5	93
26541	401	21673	21671	21871	2	200	4	93
26541	402	21673	21671	21871	2	200	4	93
26541	403	21673	21669	21870	4	201	5	93
26541	404	21675	21671	21870	4	199	4	93
26541	405	21668	21665	21890	3	225	6	94
26541	406	21673	21671	21871	2	200	4	93
26541	407	21673	21671	21869	2	198	4	93
26541	408	21673	21671	21871	2	200	4	93
26541	409	21675	21671	21871	4	200	5	93
26541	410	21673	21670	21871	3	201	5	93
26541	411	21673	21671	21871	2	200	4	93
26541	412	21673	21670	21870	3	200	4	93
26541	413	21674	21671	21871	3	200	4	93
26541	414	21673	21671	21872	2	201	4	93
26541	415	21671	21669	21869	2	200	4	93
26541	416	21671	21668	21869	3	201	5	93
26541	417	21672	21671	21869	1	198	4	93
26541	418	21675	21672	21873	3	201	4	93
26541	419	21673	21671	21871	2	200	4	93
26541	420	21672	21671	21869	1	198	4	93
26541	421	21673	21670	21871	3	201	5	93
26541	422	21673	21669	21870	4	201	5	93
26541	423	21675	21672	21872	3	200	4	93
26541	424	21673	21672	21870	1	198	4	93
26541	425	21673	21671	21869	2	198	4	93
26541	426	21668	21666	21864	2	198	4	93
26541	427	21672	21670	21869	2	199	5	93
26541	428	21675	21671	21872	4	201	4	93
26541	429	21673	21671	21871	2	200	4	93
26541	430	21673	21671	21869	2	198	4	93
26541	431	21673	21671	21869	2	198	4	93
26541	432	21673	21670	21870	3	200	4	93
26541	433	21675	21671	21873	4	202	5	93
26541	434	21673	21671	21869	2	198	4	93
26541	435	21673	21671	21871	2	200	4	93
26541	436	21673	21671	21869	2	198	4	93
26541	437	21667	21665	21863	2	198	4	93
26541	438	21673	21671	21869	2	198	4	93
26541	439	21673	21669	21870	4	201	5	93
26541	440	21673	21670	21871	3	201	5	93
26541	441	21673	21670	21870	3	200	4	93
26541	442	21675	21672	21871	3	199	4	93
26541	443	21673	21671	21869	2	198	4	93
26541	444	21673	21670	21870	3	200	4	93
26541	445	21673	21671	21871	2	200	4	93
26541	446	21673	21670	21869	3	199	5	93
26541	447	21675	21672	21873	3	201	4	93
26541	448	21668	21665	21866	3	201	4	93
26541	449	21676	21672	21873	4	201	5	93
26541	450	21673	21670	21872	3	202	4	93
26541	451	21675	21673	21872	2	199	5	93
26541	452	21675	21671	21872	4	201	5	93
26541	453	21673	21670	21868	3	198	4	93
26541	454	21673	21671	21871	2	200	4	93
26541	455	21672	21671	21869	1	198	4	93
26541	456	21673	21671	21871	2	200	4	93
26541	457	21675	21672	21873	3	201	4	93
26541	458	21673	21670	21869	3	199	5	93
26541	459	21667	21664	21865	3	201	5	93
26541	460	21673	21671	21871	2	200	4	93
26541	461	21673	21671	21869	2	198	4	93
26541	462	21675	21672	21873	3	201	4	93
26541	463	21673	21671	21869	2	198	4	93
26541	464	21673	21671	21869	2	198	4	93
26541	465	21673	21670	21871	3	201	5	93
26541	466	21673	21671	21871	2	200	4	93
26541	467	21673	21670	21871	3	201	5	93
26541	468	21671	21668	21869	3	201	5	93
26541	469	21670	21668	21868	2	200	4	93
26541	470	21673	21670	21871	3	201	5	93
26541	471	21675	21672	21873	3	201	4	93
26541	472	21673	21671	21869	2	198	4	93
26541	473	21672	21670	21869	2	199	5	93
26541	474	21673	21671	21871	2	200	4	93
26541	475	21673	21671	21869	2	198	4	93
26541	476	21675	21671	21871	4	200	5	93
26541	477	21673	21671	21869	2	198	4	93
26541	478	21667	21665	21865	2	200	4	93
26541	479	21673	21671	21869	2	198	4	93
26541	480	21673	21671	21869	2	198	4	93
26541	481	21675	21671	21873	4	202	5	93
26541	482	21673	21670	21869	3	199	5	93
26541	483	21673	21671	21869	2	198	4	93
26541	484	21674	21671	21871	3	200	4	93
26541	485	21672	21671	21869	1	198	4	93
26541	486	21675	21672	21873	3	201	4	93
26541	487	21669	21667	21866	2	199	5	93
26541	488	21673	21669	21868	4	199	5	93
26541	489	21673	21671	21869	2	198	4	93
26541	490	21674	21671	21871	3	200	4	93
26541	491	21675	21671	21870	4	199	4	93
26541	492	21673	21671	21869	2	198	4	93
26541	493	21673	21670	21869	3	199	5	93
26541	494	21673	21670	21870	3	200	5	93
26541	495	21673	21671	21874	2	203	4	93
26541	496	21673	21671	21869	2	198	4	93
26541	497	21668	21666	21866	2	200	4	93
26541	498	21673	21670	21871	3	201	5	93
26541	499	21673	21671	21869	2	198	4	93
26541	500	21675	21672	21873	3	201	4	93
26541	501	21673	21671	21871	2	200	4	93
26541	502	21673	21670	21870	3	200	4	93
26541	503	21673	21671	21871	2	200	4	93
26541	504	21673	21671	21871	2	200	4	93
26541	505	21674	21671	21871	3	200	5	93
26541	506	21670	21669	21867	1	198	4	93
26541	507	21671	21669	21869	2	200	4	93
26541	508	21673	21670	21869	3	199	5	93
26541	509	21673	21671	21869	2	198	4	93
26541	510	21675	21672	21872	3	200	4	93
26541	511	21673	21671	21869	2	198	4	93
26541	512	21673	21671	21871	2	200	4	93
26541	513	21673	21671	21869	2	198	4	93
26541	514	21673	21671	21869	2	198	4	93
26541	515	21673	21669	21868	4	199	4	93
26541	516	21671	21669	21868	2	199	5	93
26541	517	21673	21670	21869	3	199	5	93
26541	518	21673	21670	21869	3	199	5	93
26541	519	21673	21671	21871	2	200	4	93
26541	520	21673	21671	21871	2	200	4	93
26541	521	21673	21671	21871	2	200	4	93
26541	522	21673	21669	21871	4	202	5	93
26541	523	21673	21671	21869	2	198	4	93
26541	524	21673	21670	21869	3	199	4	93
26541	525	21671	21668	21868	3	200	4	93
26541	526	21673	21670	21869	3	199	5	93
26541	527	21674	21670	21871	4	201	5	93
26541	528	21673	21670	21871	3	201	4	93
26541	529	21675	21672	21873	3	201	4	93
26541	530	21673	21670	21871	3	201	5	93
26541	531	21672	21671	21869	1	198	4	93
26541	532	21673	21671	21871	2	200	4	93
26541	533	21673	21670	21870	3	200	4	93
26541	534	21670	21668	21867	2	199	4	93
26541	535	21673	21671	21871	2	200	4	93
26541	536	21673	21671	21869	2	198	4	93
26541	537	21673	21671	21871	2	200	4	93
26541	538	21672	21670	21869	2	199	5	93
26541	539	21675	21672	21873	3	201	4	93
26541	540	21673	21671	21871	2	200	4	93
26541	541	21674	21670	21869	4	199	5	93
26541	542	21673	21671	21871	2	200	4	93
26541	543	21667	21664	21866	3	202	4	93
26541	544	21673	21671	21871	2	200	4	93
26541	545	21673	21671	21870	2	199	4	93
26541	546	21673	21672	21870	1	198	4	93
26541	547	21673	21671	21871	2	200	4	93
26541	548	21675	21671	21872	4	201	4	93
26541	549	21673	21670	21869	3	199	5	93
26541	550	21673	21671	21869	2	198	4	93
26541	551	21673	21671	21869	2	198	4	93
26541	552	21669	21665	21864	4	199	5	93
26541	553	21675	21672	21873	3	201	4	93
26541	554	21672	21671	21869	1	198	4	93
26541	555	21674	21672	21875	2	203	4	93
26541	556	21673	21670	21872	3	202	4	93
26541	557	21673	21671	21871	2	200	4	93
26541	558	21675	21672	21873	3	201	4	93
26541	559	21673	21671	21869	2	198	4	93
26541	560	21673	21670	21870	3	200	4	93
26541	561	21670	21668	21868	2	200	4	93
26541	562	21671	21669	21868	2	199	5	93
26541	563	21675	21672	21871	3	199	4	93
26541	564	21673	21670	21872	3	202	4	93
26541	565	21673	21671	21869	2	198	4	93
26541	566	21673	21671	21871	2	200	4	93
26541	567	21673	21669	21870	4	201	5	93
26541	568	21673	21671	21871	2	200	4	93
26541	569	21673	21671	21871	2	200	4	93
26541	570	21672	21670	21870	2	200	4	93
26541	571	21669	21668	21866	1	198	4	93
26541	572	21675	21671	21874	4	203	4	93
26541	573	21673	21670	21871	3	201	5	93
26541	574	21673	21670	21870	3	200	5	93
26541	575	21673	21671	21871	2	200	4	93
26541	576	21673	21671	21869	2	198	4	93
26541	577	21675	21671	21874	4	203	4	93
26541	578	21674	21671	21871	3	200	4	93
26541	579	21672	21670	21869	2	199	5	93
26541	580	21667	21664	21864	3	200	4	93
26541	581	21673	21671	21870	2	199	4	93
26541	582	21676	21672	21871	4	199	4	93
26541	583	21673	21671	21869	2	198	4	93
26541	584	21673	21671	21871	2	200	4	93
26541	585	21673	21670	21871	3	201	5	93
26541	586	21673	21670	21871	3	201	5	93
26541	587	21673	21670	21875	3	205	4	93
26541	588	21673	21671	21871	2	200	4	93
26541	589	21669	21666	21867	3	201	5	93
26541	590	21672	21671	21869	1	198	4	93
26541	591	21673	21671	21874	2	203	4	93
26541	592	21673	21670	21869	3	199	5	93
26541	593	21673	21671	21869	2	198	4	93
26541	594	21737	21685	21933	52	248	13	111
26541	595	21673	21670	21871	3	201	5	93
26541	596	21675	21671	21874	4	203	4	93
26541	597	21673	21671	21869	2	198	4	93
26541	598	21673	21670	21871	3	201	5	93
26541	599	21668	21666	21864	2	198	4	93
26541	600	21673	21671	21871	2	200	4	93
26541	601	21675	21672	21873	3	201	4	93
26541	602	21673	21671	21871	2	200	4	93
26541	603	21672	21670	21869	2	199	5	93
26541	604	21673	21671	21871	2	200	4	93
26541	605	21673	21671	21869	2	198	4	93
26541	606	21675	21673	21872	2	199	4	93
26541	607	21673	21671	21871	2	200	4	93
26541	608	21669	21667	21867	2	200	4	93
26541	609	21673	21669	21870	4	201	5	93
26541	610	21673	21670	21870	3	200	4	93
26541	611	21673	21671	21871	2	200	4	93
26541	612	21673	21671	21869	2	198	4	93
26541	613	21673	21671	21871	2	200	4	93
26541	614	21673	21671	21871	2	200	4	93
26541	615	21673	21669	21874	4	205	5	93
26541	616	21673	21671	21871	2	200	4	93
26541	617	21673	21671	21869	2	198	4	93
26541	618	21667	21665	21865	2	200	4	93
26541	619	21673	21671	21869	2	198	4	93
26541	620	21674	21672	21871	2	199	4	93
26541	621	21673	21671	21869	2	198	4	93
26541	622	21673	21670	21870	3	200	4	93
26541	623	21673	21671	21871	2	200	4	93
26541	624	21672	21670	21869	2	199	5	93
26541	625	21674	21672	21871	2	199	4	93
26541	626	21673	21671	21869	2	198	4	93
26541	627	21671	21669	21868	2	199	5	93
26541	628	21670	21668	21867	2	199	4	93
26541	629	21673	21670	21869	3	199	5	93
26541	630	21675	21671	21872	4	201	4	93
26541	631	21674	21671	21871	3	200	4	93
26541	632	21673	21670	21871	3	201	5	93
26541	633	21673	21671	21869	2	198	4	93
26541	634	21673	21671	21871	2	200	4	93
26541	635	21672	21670	21870	2	200	5	93
26541	636	21674	21671	21869	3	198	4	93
26541	637	21669	21666	21867	3	201	4	93
26541	638	21672	21671	21869	1	198	4	93
26541	639	21675	21671	21872	4	201	5	93
26541	640	21673	21671	21871	2	200	4	93
26541	641	21673	21671	21869	2	198	4	93
26541	642	21673	21671	21871	2	200	4	93
26541	643	21673	21671	21869	2	198	4	93
26541	644	21675	21672	21871	3	199	4	93
26541	645	21673	21669	21868	4	199	5	93
26541	646	21673	21669	21870	4	201	5	93
26541	647	21667	21666	21864	1	198	4	93
26541	648	21672	21671	21869	1	198	4	93
26541	649	21674	21672	21871	2	199	4	93
26541	650	21673	21671	21869	2	198	4	93
26541	651	21673	21671	21869	2	198	4	93
26541	652	21673	21671	21869	2	198	4	93
26541	653	21673	21670	21869	3	199	5	93
26541	654	21675	21671	21874	4	203	4	93
26541	655	21672	21671	21869	1	198	4	93
26541	656	21669	21666	21867	3	201	5	93
26541	657	21673	21671	21871	2	200	4	93
26541	658	21673	21671	21871	2	200	4	93
26541	659	21673	21670	21872	3	202	5	93
26541	660	21673	21672	21870	1	198	4	93
26541	661	21673	21671	21869	2	198	4	93
26541	662	21674	21671	21870	3	199	4	93
26541	663	21675	21672	21873	3	201	4	93
26541	664	21670	21667	21868	3	201	5	93
26541	665	21671	21669	21869	2	200	4	93
26541	666	21673	21671	21871	2	200	4	93
26541	667	21673	21670	21871	3	201	5	93
26541	668	21674	21672	21871	2	199	4	93
26541	669	21673	21672	21870	1	198	4	93
26541	670	21673	21670	21871	3	201	5	93
26541	671	21673	21671	21871	2	200	4	93
26541	672	21673	21671	21871	2	200	4	93
26541	673	21671	21669	21868	2	199	4	93
26541	674	21672	21670	21870	2	200	4	93
26541	675	21673	21669	21872	4	203	5	93
26541	676	21673	21671	21869	2	198	4	93
26541	677	21673	21671	21869	2	198	4	93
26541	678	21675	21671	21873	4	202	5	93
26541	679	21673	21670	21869	3	199	5	93
26541	680	21673	21671	21869	2	198	4	93
26541	681	21672	21671	21869	1	198	4	93
26541	682	21669	21667	21867	2	200	4	93
26541	683	21674	21671	21872	3	201	4	93
26541	684	21673	21671	21871	2	200	4	93
26541	685	21673	21670	21869	3	199	5	93
26541	686	21673	21671	21871	2	200	4	93
26541	687	21673	21671	21871	2	200	4	93
26541	688	21673	21671	21869	2	198	4	93
26541	689	21673	21671	21871	2	200	4	93
26541	690	21673	21670	21871	3	201	5	93
26541	691	21669	21667	21867	2	200	4	93
26541	692	21675	21671	21872	4	201	4	93
26541	693	21673	21671	21871	2	200	4	93
26541	694	21673	21671	21869	2	198	4	93
26541	695	21673	21671	21871	2	200	4	93
26541	696	21673	21670	21869	3	199	5	93
26541	697	21674	21672	21871	2	199	4	93
26541	698	21673	21671	21869	2	198	4	93
26541	699	21673	21671	21871	2	200	4	93
26541	700	21667	21664	21864	3	200	4	93
26541	701	21673	21671	21870	2	199	4	93
26541	702	21675	21671	21871	4	200	5	93
26541	703	21673	21671	21871	2	200	4	93
26541	704	21673	21671	21871	2	200	4	93
26541	705	21674	21671	21870	3	199	4	93
26541	706	21673	21671	21871	2	200	4	93
26541	707	21675	21671	21872	4	201	4	93
26541	708	21673	21670	21871	3	201	5	93
26541	709	21668	21664	21867	4	203	5	93
26541	710	21673	21671	21871	2	200	4	93
26541	711	21673	21670	21870	3	200	4	93
26541	712	21673	21672	21870	1	198	4	93
26541	713	21673	21671	21871	2	200	4	93
26541	714	21673	21671	21870	2	199	4	93
26541	715	21674	21671	21870	3	199	4	93
26541	716	21675	21671	21874	4	203	4	93
26541	717	21672	21670	21868	2	198	4	93
26541	718	21670	21668	21870	2	202	4	93
26541	719	21673	21671	21871	2	200	4	93
26541	720	21673	21671	21870	2	199	5	93
26541	721	21675	21672	21871	3	199	4	93
26541	722	21678	21673	21876	5	203	5	93
26541	723	21673	21671	21871	2	200	4	93
26541	724	21673	21671	21869	2	198	4	93
26541	725	21673	21671	21871	2	200	4	93
26541	726	21672	21669	21869	3	200	5	93
26541	727	21671	21668	21868	3	200	4	93
26541	728	21673	21671	21869	2	198	4	93
26541	729	21673	21671	21869	2	198	4	93
26541	730	21673	21671	21871	2	200	4	93
26541	731	21675	21671	21873	4	202	5	93
26541	732	21673	21670	21871	3	201	5	93
26541	733	21672	21671	21869	1	198	4	93
26541	734	21673	21671	21871	2	200	4	93
26541	735	21671	21669	21869	2	200	4	93
26541	736	21670	21669	21867	1	198	4	93
26541	737	21673	21670	21869	3	199	5	93
26541	738	21673	21670	21871	3	201	5	93
26541	739	21673	21671	21871	2	200	4	93
26541	740	21675	21672	21871	3	199	4	93
26541	741	21674	21670	21868	4	198	4	93
26541	742	21673	21671	21871	2	200	4	93
26541	743	21672	21670	21869	2	199	5	93
26541	744	21671	21669	21869	2	200	4	93
26541	745	21672	21670	21869	2	199	4	93
26541	746	21673	21670	21870	3	200	4	93
26541	747	21673	21671	21869	2	198	4	93
26541	748	21673	21670	21869	3	199	5	93
26541	749	21673	21671	21871	2	200	4	93
26541	750	21675	21672	21873	3	201	4	93
26541	751	21673	21671	21869	2	198	4	93
26541	752	21673	21670	21872	3	202	4	93
26541	753	21671	21668	21868	3	200	4	93
26541	754	21670	21668	21868	2	200	4	93
26541	755	21675	21672	21871	3	199	4	93
26541	756	21792	21674	21989	118	315	7	94
26541	757	21673	21671	21871	2	200	4	93
26541	758	21674	21671	21871	3	200	4	93
26541	759	21673	21670	21872	3	202	4	93
26541	760	21791	21673	21986	118	313	6	94
26541	761	21673	21670	21869	3	199	5	93
26541	762	21670	21667	21868	3	201	5	93
26541	763	21671	21668	21868	3	200	4	93
26541	764	21675	21672	21871	3	199	4	93
26541	765	21673	21671	21871	2	200	4	93
26541	766	21673	21670	21870	3	200	4	93
26541	767	21673	21669	21872	4	203	5	93
26541	768	21673	21669	21870	4	201	5	93
26541	769	21675	21671	21870	4	199	4	93
26541	770	21673	21671	21871	2	200	4	93
26541	771	21672	21671	21869	1	198	4	93
26541	772	21668	21667	21865	1	198	4	93
26541	773	21673	21670	21871	3	201	5	93
26541	774	21675	21671	21872	4	201	4	93
26541	775	21673	21671	21871	2	200	4	93
26541	776	21672	21671	21869	1	198	4	93
26541	777	21673	21670	21871	3	201	5	93
26541	778	21674	21671	21869	3	198	4	93
26541	779	21675	21672	21871	3	199	4	93
26541	780	21674	21670	21869	4	199	5	93
26541	781	21668	21665	21865	3	200	4	93
26541	782	21673	21670	21870	3	200	4	93
26541	783	21673	21670	21869	3	199	5	93
26541	784	21673	21671	21869	2	198	4	93
26541	785	21673	21670	21869	3	199	5	93
26541	786	21673	21671	21869	2	198	4	93
26541	787	21673	21671	21871	2	200	4	93
26541	788	21676	21672	21871	4	199	4	93
26541	789	21673	21670	21871	3	201	5	93
26541	790	21666	21664	21862	2	198	4	93
26541	791	21673	21670	21871	3	201	5	93
26541	792	21673	21671	21871	2	200	4	93
26541	793	21675	21672	21871	3	199	4	93
26541	794	21673	21671	21871	2	200	4	93
26541	795	21673	21670	21872	3	202	4	93
26541	796	21673	21670	21869	3	199	5	93
26541	797	21673	21671	21871	2	200	4	93
26541	798	21674	21672	21871	2	199	4	93
26541	799	21667	21664	21865	3	201	5	93
26541	800	21673	21671	21869	2	198	4	93
26541	801	21673	21671	21869	2	198	4	93
26541	802	21673	21671	21871	2	200	4	93
26541	803	21675	21671	21873	4	202	5	93
26541	804	21673	21671	21869	2	198	4	93
26541	805	21673	21671	21871	2	200	4	93
26541	806	21673	21671	21871	2	200	4	93
26541	807	21673	21671	21871	2	200	4	93
26541	808	21668	21666	21865	2	199	4	93
26541	809	21673	21670	21871	3	201	5	93
26541	810	21673	21671	21869	2	198	4	93
26541	811	21673	21671	21869	2	198	4	93
26541	812	21673	21670	21873	3	203	5	93
26541	813	21673	21670	21871	3	201	5	93
26541	814	21673	21671	21869	2	198	4	93
26541	815	21673	21671	21869	2	198	4	93
26541	816	21673	21671	21871	2	200	4	93
26541	817	21669	21666	21867	3	201	4	93
26541	818	21673	21671	21870	2	199	4	93
26541	819	21672	21670	21869	2	199	5	93
26541	820	21673	21671	21871	2	200	4	93
26541	821	21673	21671	21869	2	198	4	93
26541	822	21675	21671	21871	4	200	5	93
26541	823	21673	21671	21871	2	200	4	93
26541	824	21673	21671	21869	2	198	4	93
26541	825	21673	21670	21871	3	201	5	93
26541	826	21668	21667	21865	1	198	4	93
26541	827	21674	21672	21871	2	199	4	93
26541	828	21673	21670	21871	3	201	5	93
26541	829	21673	21671	21869	2	198	4	93
26541	830	21673	21670	21871	3	201	5	93
26541	831	21672	21670	21869	2	199	5	93
26541	832	21675	21672	21871	3	199	4	93
26541	833	21674	21671	21869	3	198	4	93
26541	834	21672	21671	21869	1	198	4	93
26541	835	21669	21668	21866	1	198	4	93
26541	836	21673	21670	21870	3	200	4	93
26541	837	21673	21670	21871	3	201	5	93
26541	838	21672	21671	21869	1	198	4	93
26541	839	21672	21671	21869	1	198	4	93
26541	840	21673	21671	21871	2	200	4	93
26541	841	21674	21672	21871	2	199	4	93
26541	842	21673	21670	21870	3	200	5	93
26541	843	21673	21671	21869	2	198	4	93
26541	844	21670	21667	21867	3	200	4	93
26541	845	21672	21670	21868	2	198	4	93
26541	846	21675	21671	21874	4	203	4	93
26541	847	21673	21671	21869	2	198	4	93
26541	848	21673	21670	21871	3	201	5	93
26541	849	21673	21670	21869	3	199	5	93
26541	850	21673	21670	21872	3	202	4	93
26541	851	21675	21672	21871	3	199	4	93
26541	852	21673	21671	21871	2	200	4	93
26541	853	21671	21667	21868	4	201	5	93
26541	854	21671	21668	21867	3	199	5	93
26541	855	21673	21670	21871	3	201	5	93
26541	856	21675	21672	21873	3	201	4	93
26541	857	21673	21671	21871	2	200	4	93
26541	858	21673	21671	21869	2	198	4	93
26541	859	21673	21671	21871	2	200	4	93
26541	860	21673	21670	21871	3	201	5	93
26541	861	21673	21670	21870	3	200	4	93
26541	862	21672	21670	21870	2	200	4	93
26541	863	21670	21667	21865	3	198	4	93
26541	864	21673	21671	21869	2	198	4	93
26541	865	21675	21672	21871	3	199	4	93
26541	866	21673	21670	21870	3	200	5	93
26541	867	21673	21670	21869	3	199	5	93
26541	868	21673	21671	21871	2	200	4	93
26541	869	21673	21670	21869	3	199	5	93
26541	870	21674	21672	21871	2	199	4	93
26541	871	21673	21671	21871	2	200	4	93
26541	872	21668	21666	21866	2	200	4	93
26541	873	21673	21671	21871	2	200	4	93
26541	874	21673	21671	21871	2	200	4	93
26541	875	21675	21672	21873	3	201	4	93
26541	876	21674	21670	21869	4	199	5	93
26541	877	21672	21670	21869	2	199	5	93
26541	878	21674	21671	21871	3	200	4	93
26541	879	21673	21671	21871	2	200	4	93
26541	880	21674	21671	21871	3	200	5	93
26541	881	21668	21666	21864	2	198	4	93
26541	882	21673	21670	21870	3	200	5	93
26541	883	21673	21671	21869	2	198	4	93
26541	884	21673	21671	21873	2	202	4	93
26541	885	21673	21671	21871	2	200	4	93
26541	886	21673	21671	21871	2	200	4	93
26541	887	21673	21670	21872	3	202	4	93
26541	888	21673	21670	21871	3	201	5	93
26541	889	21675	21672	21873	3	201	4	93
26541	890	21668	21665	21865	3	200	4	93
26541	891	21673	21670	21869	3	199	5	93
26541	892	21673	21671	21869	2	198	4	93
26541	893	21673	21671	21871	2	200	4	93
26541	894	21675	21671	21874	4	203	4	93
26541	895	21673	21672	21870	1	198	4	93
26541	896	21673	21671	21869	2	198	4	93
26541	897	21673	21671	21871	2	200	4	93
26541	898	21673	21671	21869	2	198	4	93
26541	899	21672	21668	21870	4	202	5	93
26541	900	21672	21669	21869	3	200	4	93
26541	901	21673	21671	21871	2	200	4	93
26541	902	21674	21670	21869	4	199	5	93
26541	903	21673	21671	21869	2	198	4	93
26541	904	21675	21671	21873	4	202	5	93
26541	905	21673	21671	21871	2	200	4	93
26541	906	21673	21671	21870	2	199	4	93
26541	907	21673	21672	21870	1	198	4	93
26541	908	21673	21671	21871	2	200	4	93
26541	909	21668	21666	21866	2	200	4	93
26541	910	21672	21670	21869	2	199	5	93
26541	911	21673	21671	21871	2	200	4	93
26541	912	21673	21671	21871	2	200	4	93
26541	913	21673	21670	21872	3	202	5	93
26541	914	21674	21671	21869	3	198	4	93
26541	915	21673	21671	21870	2	199	5	93
26541	916	21673	21671	21869	2	198	4	93
26541	917	21673	21671	21871	2	200	4	93
26541	918	21670	21666	21866	4	200	5	93
26541	919	21673	21671	21871	2	200	4	93
26541	920	21673	21670	21872	3	202	4	93
26541	921	21673	21670	21871	3	201	5	93
26541	922	21673	21671	21871	2	200	4	93
26541	923	21675	21671	21871	4	200	5	93
26541	924	21673	21672	21870	1	198	4	93
26541	925	21673	21671	21869	2	198	4	93
26541	926	21673	21671	21870	2	199	4	93
26541	927	21670	21667	21869	3	202	4	93
26541	928	21674	21669	21871	5	202	5	93
26541	929	21673	21670	21872	3	202	4	93
26541	930	21673	21670	21871	3	201	5	93
26541	931	21673	21670	21871	3	201	5	93
26541	932	21673	21671	21869	2	198	4	93
26541	933	21673	21671	21872	2	201	4	93
26541	934	21673	21670	21871	3	201	5	93
26541	935	21673	21671	21871	2	200	4	93
26541	936	21669	21668	21866	1	198	4	93
26541	937	21671	21670	21870	1	200	4	93
26541	938	21673	21671	21871	2	200	4	93
26541	939	21673	21670	21871	3	201	5	93
26541	940	21673	21670	21870	3	200	4	93
26541	941	21673	21671	21871	2	200	4	93
26541	942	21675	21670	21872	5	202	5	93
26541	943	21674	21671	21873	3	202	4	93
26541	944	21673	21671	21871	2	200	4	93
26541	945	21670	21668	21868	2	200	4	93
26541	946	21672	21668	21871	4	203	5	93
26541	947	21675	21672	21873	3	201	4	93
26541	948	21673	21671	21871	2	200	4	93
26541	949	21673	21671	21871	2	200	4	93
26541	950	21673	21671	21871	2	200	4	93
26541	951	21673	21670	21869	3	199	5	93
26541	952	21674	21671	21871	3	200	5	93
26541	953	21673	21671	21871	2	200	4	93
26541	954	21670	21669	21867	1	198	4	93
26541	955	21671	21669	21867	2	198	4	93
26541	956	21673	21670	21870	3	200	4	93
26541	957	21675	21671	21873	4	202	5	93
26541	958	21673	21670	21869	3	199	5	93
26541	959	21673	21671	21869	2	198	4	93
26541	960	21673	21671	21869	2	198	4	93
26541	961	21673	21669	21870	4	201	5	93
26541	962	21673	21671	21871	2	200	4	93
26541	963	21672	21669	21870	3	201	5	93
26541	964	21669	21667	21866	2	199	5	93
26541	965	21673	21671	21871	2	200	4	93
26541	966	21675	21671	21872	4	201	4	93
26541	967	21674	21671	21869	3	198	4	93
26541	968	21673	21671	21871	2	200	4	93
26541	969	21673	21670	21871	3	201	5	93
26541	970	21674	21670	21869	4	199	5	93
26541	971	21675	21671	21872	4	201	4	93
26541	972	21673	21671	21870	2	199	4	93
26541	973	21668	21666	21864	2	198	4	93
26541	974	21673	21670	21869	3	199	4	93
26541	975	21673	21671	21871	2	200	4	93
26541	976	21675	21671	21873	4	202	5	93
26541	977	21673	21670	21870	3	200	4	93
26541	978	21672	21671	21869	1	198	4	93
26541	979	21673	21671	21871	2	200	4	93
26541	980	21673	21671	21871	2	200	4	93
26541	981	21673	21669	21870	4	201	5	93
26541	982	21668	21665	21866	3	201	5	93
26541	983	21673	21670	21871	3	201	4	93
26541	984	21673	21671	21871	2	200	4	93
26541	985	21675	21672	21873	3	201	4	93
26541	986	21673	21671	21871	2	200	4	93
26541	987	21673	21671	21870	2	199	5	93
26541	988	21672	21670	21869	2	199	5	93
26541	989	21674	21671	21869	3	198	4	93
26541	990	21675	21671	21872	4	201	4	93
26541	991	21672	21670	21868	2	198	4	93
26541	992	21670	21667	21867	3	200	4	93
26541	993	21673	21671	21871	2	200	4	93
26541	994	21673	21670	21870	3	200	4	93
26541	995	21675	21672	21873	3	201	4	93
26541	996	21673	21669	21869	4	200	6	93
26541	997	21673	21671	21871	2	200	4	93
26541	998	21673	21671	21871	2	200	4	93
26541	999	21674	21670	21869	4	199	5	93
26541	1000	21675	21671	21872	4	201	4	93
