RUNID	ITERNUM	METIME	PRTIME	TPRTIME	DIFF	TDIFF	NRPROCS	NPROCS
25961	1	26059	26057	26256	2	199	4	93
25961	2	26052	26049	26251	3	202	4	93
25961	3	26058	26056	26256	2	200	4	93
25961	4	26060	26057	26258	3	201	4	93
25961	5	26051	26049	26248	2	199	5	93
25961	6	26059	26056	26256	3	200	5	93
25961	7	26059	26057	26256	2	199	4	93
25961	8	26051	26049	26248	2	199	5	93
25961	9	26060	26056	26259	4	203	4	93
25961	10	26059	26057	26256	2	199	4	93
25961	11	26052	26050	26250	2	200	4	93
25961	12	26060	26057	26258	3	201	4	93
25961	13	26059	26056	26256	3	200	5	93
25961	14	26051	26050	26248	1	198	4	93
25961	15	26060	26056	26259	4	203	4	93
25961	16	26060	26058	26257	2	199	4	93
25961	17	26052	26049	26249	3	200	4	93
25961	18	26060	26056	26257	4	201	4	93
25961	19	26058	26055	26257	3	202	4	93
25961	20	26051	26050	26249	1	199	4	93
25961	21	26059	26057	26256	2	199	4	93
25961	22	26058	26056	26256	2	200	4	93
25961	23	26054	26049	26253	5	204	5	93
25961	24	26060	26057	26258	3	201	4	93
25961	25	26058	26056	26256	2	200	4	93
25961	26	26054	26051	26250	3	199	4	93
25961	27	26060	26056	26258	4	202	5	93
25961	28	26058	26056	26256	2	200	4	93
25961	29	26054	26050	26253	4	203	4	93
25961	30	26060	26056	26259	4	203	4	93
25961	31	26058	26056	26254	2	198	4	93
25961	32	26055	26053	26252	2	199	4	93
25961	33	26059	26057	26256	2	199	4	93
25961	34	26053	26052	26250	1	198	4	93
25961	35	26060	26057	26258	3	201	4	93
25961	36	26058	26056	26256	2	200	4	93
25961	37	26053	26050	26250	3	200	5	93
25961	38	26060	26057	26256	3	199	4	93
25961	39	26058	26056	26256	2	200	4	93
25961	40	26054	26050	26253	4	203	4	93
25961	41	26060	26058	26257	2	199	4	93
25961	42	26058	26055	26256	3	201	5	93
25961	43	26054	26050	26253	4	203	4	93
25961	44	26060	26057	26258	3	201	4	93
25961	45	26058	26056	26256	2	200	4	93
25961	46	26053	26050	26251	3	201	4	93
25961	47	26060	26056	26258	4	202	5	93
25961	48	26058	26056	26256	2	200	4	93
25961	49	26054	26051	26252	3	201	4	93
25961	50	26058	26056	26256	2	200	4	93
25961	51	26055	26053	26252	2	199	5	93
25961	52	26058	26054	26256	4	202	5	93
25961	53	26058	26056	26256	2	200	4	93
25961	54	26054	26052	26251	2	199	4	93
25961	55	26060	26057	26256	3	199	4	93
25961	56	26057	26056	26254	1	198	4	93
25961	57	26053	26051	26250	2	199	4	93
25961	58	26060	26056	26257	4	201	4	93
25961	59	26058	26056	26256	2	200	4	93
25961	60	26054	26050	26251	4	201	4	93
25961	61	26060	26056	26258	4	202	5	93
25961	62	26058	26056	26254	2	198	4	93
25961	63	26053	26049	26251	4	202	5	93
25961	64	26059	26057	26256	2	199	4	93
25961	65	26057	26056	26254	1	198	4	93
25961	66	26054	26050	26250	4	200	5	93
25961	67	26057	26056	26263	1	207	6	94
25961	68	26058	26055	26256	3	201	5	93
25961	69	26054	26051	26250	3	199	4	93
25961	70	26057	26056	26254	1	198	4	93
25961	71	26060	26056	26256	4	200	5	93
25961	72	26053	26050	26251	3	201	4	93
25961	73	26058	26056	26256	2	200	4	93
25961	74	26060	26056	26257	4	201	4	93
25961	75	26054	26050	26252	4	202	5	93
25961	76	26058	26055	26256	3	201	5	93
25961	77	26059	26057	26256	2	199	4	93
25961	78	26054	26051	26251	3	200	4	93
25961	79	26058	26056	26256	2	200	4	93
25961	80	26060	26055	26259	5	204	5	93
25961	81	26053	26050	26250	3	200	5	93
25961	82	26058	26056	26256	2	200	4	93
25961	83	26060	26057	26258	3	201	4	93
25961	84	26051	26050	26248	1	198	4	93
25961	85	26060	26057	26256	3	199	4	93
25961	86	26059	26057	26256	2	199	4	93
25961	87	26054	26052	26250	2	198	4	93
25961	88	26060	26056	26256	4	200	5	93
25961	89	26057	26054	26255	3	201	4	93
25961	90	26056	26052	26253	4	201	5	93
25961	91	26060	26057	26256	3	199	4	93
25961	92	26055	26052	26253	3	201	4	93
25961	93	26058	26055	26257	3	202	4	93
25961	94	26060	26057	26256	3	199	4	93
25961	95	26053	26050	26250	3	200	5	93
25961	96	26058	26055	26257	3	202	4	93
25961	97	26060	26056	26256	4	200	5	93
25961	98	26051	26048	26252	3	204	5	93
25961	99	26058	26055	26255	3	200	4	93
25961	100	26059	26057	26256	2	199	4	93
25961	101	26052	26050	26248	2	198	4	93
25961	102	26060	26057	26258	3	201	4	93
25961	103	26060	26056	26259	4	203	4	93
25961	104	26051	26049	26248	2	199	5	93
25961	105	26060	26056	26258	4	202	5	93
25961	106	26059	26057	26256	2	199	4	93
25961	107	26052	26050	26250	2	200	4	93
25961	108	26059	26057	26256	2	199	4	93
25961	109	26060	26057	26258	3	201	4	93
25961	110	26052	26049	26249	3	200	4	93
25961	111	26060	26057	26258	3	201	4	93
25961	112	26060	26057	26257	3	200	4	93
25961	113	26052	26050	26250	2	200	4	93
25961	114	26060	26056	26257	4	201	4	93
25961	115	26058	26055	26255	3	200	4	93
25961	116	26051	26050	26248	1	198	4	93
25961	117	26060	26056	26256	4	200	5	93
25961	118	26057	26056	26254	1	198	4	93
25961	119	26054	26051	26250	3	199	4	93
25961	120	26060	26057	26258	3	201	4	93
25961	121	26059	26056	26257	3	201	5	93
25961	122	26053	26050	26250	3	200	5	93
25961	123	26059	26057	26256	2	199	4	93
25961	124	26057	26056	26254	1	198	4	93
25961	125	26054	26051	26252	3	201	4	93
25961	126	26059	26056	26257	3	201	4	93
25961	127	26058	26056	26256	2	200	4	93
25961	128	26056	26052	26253	4	201	4	93
25961	129	26061	26057	26257	4	200	4	93
25961	130	26053	26051	26251	2	200	4	93
25961	131	26060	26057	26258	3	201	4	93
25961	132	26058	26054	26255	4	201	5	93
25961	133	26054	26050	26253	4	203	4	93
25961	134	26061	26057	26257	4	200	5	93
25961	135	26058	26056	26256	2	200	4	93
25961	136	26054	26050	26251	4	201	4	93
25961	137	26060	26056	26258	4	202	5	93
25961	138	26058	26056	26256	2	200	4	93
25961	139	26054	26051	26252	3	201	4	93
25961	140	26060	26056	26257	4	201	4	93
25961	141	26058	26056	26256	2	200	4	93
25961	142	26053	26050	26250	3	200	5	93
25961	143	26060	26057	26258	3	201	4	93
25961	144	26058	26055	26253	3	198	4	93
25961	145	26054	26051	26250	3	199	4	93
25961	146	26058	26055	26256	3	201	5	93
25961	147	26058	26055	26256	3	201	5	93
25961	148	26054	26051	26250	3	199	4	93
25961	149	26057	26056	26254	1	198	4	93
25961	150	26059	26057	26256	2	199	4	93
25961	151	26054	26051	26250	3	199	4	93
25961	152	26057	26055	26254	2	199	5	93
25961	153	26059	26056	26257	3	201	4	93
25961	154	26057	26054	26253	3	199	4	93
25961	155	26058	26055	26253	3	198	4	93
25961	156	26055	26052	26253	3	201	4	93
25961	157	26059	26056	26257	3	201	4	93
25961	158	26057	26056	26254	1	198	4	93
25961	159	26054	26049	26253	5	204	5	93
25961	160	26060	26057	26258	3	201	4	93
25961	161	26058	26056	26256	2	200	4	93
25961	162	26088	26061	26286	27	225	8	104
25961	163	26058	26055	26256	3	201	5	93
25961	164	26058	26056	26256	2	200	4	93
25961	165	26054	26051	26252	3	201	4	93
25961	166	26058	26055	26256	3	201	5	93
25961	167	26060	26057	26256	3	199	4	93
25961	168	26055	26051	26265	4	214	6	94
25961	169	26175	26058	26371	117	313	5	94
25961	170	26060	26055	26259	5	204	5	93
25961	171	26054	26051	26252	3	201	4	93
25961	172	26058	26055	26256	3	201	5	93
25961	173	26057	26054	26255	3	201	4	93
25961	174	26058	26054	26256	4	202	5	93
25961	175	26058	26055	26255	3	200	4	93
25961	176	26054	26051	26252	3	201	4	93
25961	177	26060	26055	26259	5	204	5	93
25961	178	26058	26055	26256	3	201	5	93
25961	179	26054	26050	26252	4	202	5	93
25961	180	26058	26056	26258	2	202	4	93
25961	181	26058	26055	26255	3	200	4	93
25961	182	26053	26051	26250	2	199	4	93
25961	183	26058	26056	26254	2	198	4	93
25961	184	26060	26056	26256	4	200	5	93
25961	185	26054	26050	26253	4	203	4	93
25961	186	26058	26056	26256	2	200	4	93
25961	187	26060	26056	26257	4	201	4	93
25961	188	26054	26050	26252	4	202	5	93
25961	189	26058	26055	26255	3	200	4	93
25961	190	26060	26057	26256	3	199	4	93
25961	191	26054	26050	26252	4	202	5	93
25961	192	26058	26055	26257	3	202	4	93
25961	193	26059	26054	26256	5	202	5	93
25961	194	26056	26053	26253	3	200	4	93
25961	195	26057	26055	26254	2	199	5	93
25961	196	26055	26051	26252	4	201	4	93
25961	197	26058	26054	26255	4	201	5	93
25961	198	26057	26055	26254	2	199	5	93
25961	199	26054	26051	26252	3	201	4	93
25961	200	26057	26055	26254	2	199	5	93
25961	201	26059	26056	26256	3	200	5	93
25961	202	26054	26050	26252	4	202	5	93
25961	203	26058	26055	26256	3	201	5	93
25961	204	26060	26057	26258	3	201	4	93
25961	205	26054	26050	26251	4	201	4	93
25961	206	26058	26056	26256	2	200	4	93
25961	207	26059	26056	26256	3	200	5	93
25961	208	26053	26051	26250	2	199	4	93
25961	209	26057	26056	26254	1	198	4	93
25961	210	26060	26057	26256	3	199	4	93
25961	211	26054	26050	26251	4	201	4	93
25961	212	26057	26055	26254	2	199	5	93
25961	213	26059	26057	26256	2	199	4	93
25961	214	26052	26049	26249	3	200	4	93
25961	215	26058	26055	26256	3	201	5	93
25961	216	26060	26057	26258	3	201	4	93
25961	217	26051	26050	26248	1	198	4	93
25961	218	26060	26056	26258	4	202	5	93
25961	219	26059	26057	26256	2	199	4	93
25961	220	26053	26050	26251	3	201	5	93
25961	221	26060	26057	26257	3	200	4	93
25961	222	26059	26055	26258	4	203	4	93
25961	223	26055	26052	26252	3	200	4	93
25961	224	26059	26057	26256	2	199	4	93
25961	225	26055	26053	26252	2	199	4	93
25961	226	26058	26055	26253	3	198	4	93
25961	227	26060	26055	26255	5	200	5	93
25961	228	26054	26051	26250	3	199	4	93
25961	229	26058	26055	26256	3	201	5	93
25961	230	26059	26057	26256	2	199	4	93
25961	231	26051	26049	26249	2	200	4	93
25961	232	26058	26056	26256	2	200	4	93
25961	233	26059	26056	26257	3	201	4	93
25961	234	26051	26049	26248	2	199	5	93
25961	235	26060	26057	26258	3	201	4	93
25961	236	26060	26057	26258	3	201	4	93
25961	237	26052	26050	26250	2	200	4	93
25961	238	26060	26057	26258	3	201	4	93
25961	239	26060	26057	26258	3	201	4	93
25961	240	26052	26050	26250	2	200	4	93
25961	241	26060	26056	26259	4	203	4	93
25961	242	26059	26057	26256	2	199	4	93
25961	243	26052	26050	26250	2	200	4	93
25961	244	26060	26057	26258	3	201	4	93
25961	245	26054	26050	26252	4	202	5	93
25961	246	26057	26056	26254	1	198	4	93
25961	247	26060	26057	26258	3	201	4	93
25961	248	26051	26050	26248	1	198	4	93
25961	249	26060	26057	26257	3	200	5	93
25961	250	26060	26057	26258	3	201	4	93
25961	251	26052	26050	26250	2	200	4	93
25961	252	26060	26056	26258	4	202	5	93
25961	253	26058	26055	26254	3	199	4	93
25961	254	26055	26053	26252	2	199	5	93
25961	255	26060	26057	26258	3	201	4	93
25961	256	26054	26051	26252	3	201	4	93
25961	257	26058	26056	26254	2	198	4	93
25961	258	26060	26056	26258	4	202	5	93
25961	259	26054	26049	26249	5	200	5	93
25961	260	26057	26056	26254	1	198	4	93
25961	261	26060	26057	26258	3	201	4	93
25961	262	26054	26051	26252	3	201	4	93
25961	263	26058	26055	26254	3	199	5	93
25961	264	26057	26054	26254	3	200	5	93
25961	265	26057	26054	26254	3	200	4	93
25961	266	26059	26057	26256	2	199	4	93
25961	267	26054	26051	26252	3	201	4	93
25961	268	26058	26055	26256	3	201	5	93
25961	269	26060	26057	26258	3	201	4	93
25961	270	26055	26052	26253	3	201	4	93
25961	271	26058	26054	26255	4	201	5	93
25961	272	26060	26056	26257	4	201	4	93
25961	273	26054	26050	26252	4	202	5	93
25961	274	26058	26055	26255	3	200	4	93
25961	275	26058	26055	26254	3	199	4	93
25961	276	26058	26055	26255	3	200	4	93
25961	277	26058	26054	26255	4	201	5	93
25961	278	26054	26051	26252	3	201	4	93
25961	279	26058	26056	26256	2	200	4	93
25961	280	26057	26056	26254	1	198	4	93
25961	281	26054	26051	26252	3	201	4	93
25961	282	26058	26054	26255	4	201	5	93
25961	283	26060	26057	26258	3	201	4	93
25961	284	26053	26051	26250	2	199	4	93
25961	285	26058	26056	26254	2	198	4	93
25961	286	26060	26057	26258	3	201	4	93
25961	287	26055	26051	26253	4	202	5	93
25961	288	26057	26056	26254	1	198	4	93
25961	289	26054	26052	26251	2	199	4	93
25961	290	26060	26057	26256	3	199	4	93
25961	291	26059	26055	26254	4	199	5	93
25961	292	26054	26050	26250	4	200	5	93
25961	293	26060	26056	26258	4	202	5	93
25961	294	26058	26056	26256	2	200	4	93
25961	295	26053	26051	26250	2	199	4	93
25961	296	26058	26055	26254	3	199	5	93
25961	297	26060	26057	26258	3	201	4	93
25961	298	26054	26050	26252	4	202	5	93
25961	299	26058	26056	26256	2	200	4	93
25961	300	26059	26055	26257	4	202	4	93
25961	301	26056	26054	26253	2	199	4	93
25961	302	26058	26056	26256	2	200	4	93
25961	303	26054	26051	26275	3	224	6	94
25961	304	26060	26057	26258	3	201	4	93
25961	305	26058	26056	26256	2	200	4	93
25961	306	26053	26050	26250	3	200	5	93
25961	307	26059	26057	26256	2	199	4	93
25961	308	26058	26056	26254	2	198	4	93
25961	309	26054	26050	26253	4	203	4	93
25961	310	26058	26055	26256	3	201	5	93
25961	311	26058	26054	26255	4	201	5	93
25961	312	26054	26051	26252	3	201	4	93
25961	313	26058	26056	26256	2	200	4	93
25961	314	26058	26056	26255	2	199	4	93
25961	315	26059	26055	26258	4	203	4	93
25961	316	26058	26056	26256	2	200	4	93
25961	317	26054	26051	26252	3	201	4	93
25961	318	26060	26056	26258	4	202	5	93
25961	319	26058	26056	26255	2	199	4	93
25961	320	26054	26051	26252	3	201	4	93
25961	321	26059	26057	26256	2	199	4	93
25961	322	26058	26056	26255	2	199	5	93
25961	323	26054	26050	26250	4	200	5	93
25961	324	26060	26057	26258	3	201	4	93
25961	325	26053	26051	26251	2	200	4	93
25961	326	26060	26057	26258	3	201	4	93
25961	327	26058	26055	26255	3	200	4	93
25961	328	26052	26049	26250	3	201	5	93
25961	329	26060	26056	26257	4	201	4	93
25961	330	26058	26056	26255	2	199	5	93
25961	331	26054	26051	26250	3	199	4	93
25961	332	26060	26057	26256	3	199	4	93
25961	333	26057	26055	26254	2	199	5	93
25961	334	26055	26051	26252	4	201	4	93
25961	335	26060	26056	26257	4	201	5	93
25961	336	26052	26050	26248	2	198	4	93
25961	337	26060	26057	26258	3	201	4	93
25961	338	26060	26057	26258	3	201	4	93
25961	339	26052	26048	26251	4	203	5	93
25961	340	26060	26057	26258	3	201	4	93
25961	341	26060	26057	26258	3	201	4	93
25961	342	26052	26049	26251	3	202	4	93
25961	343	26060	26057	26258	3	201	4	93
25961	344	26058	26055	26255	3	200	4	93
25961	345	26055	26053	26252	2	199	4	93
25961	346	26059	26056	26256	3	200	5	93
25961	347	26052	26050	26248	2	198	4	93
25961	348	26060	26057	26256	3	199	4	93
25961	349	26060	26058	26257	2	199	4	93
25961	350	26051	26050	26248	1	198	4	93
25961	351	26060	26057	26258	3	201	4	93
25961	352	26060	26056	26259	4	203	4	93
25961	353	26052	26049	26248	3	199	5	93
25961	354	26060	26056	26259	4	203	4	93
25961	355	26060	26056	26256	4	200	5	93
25961	356	26052	26050	26250	2	200	4	93
25961	357	26060	26057	26256	3	199	4	93
25961	358	26056	26054	26254	2	200	4	93
25961	359	26054	26052	26251	2	199	5	93
25961	360	26059	26056	26256	3	200	5	93
25961	361	26052	26051	26249	1	198	4	93
25961	362	26060	26055	26257	5	202	5	93
25961	363	26060	26057	26258	3	201	4	93
25961	364	26051	26050	26248	1	198	4	93
25961	365	26060	26056	26257	4	201	4	93
25961	366	26059	26056	26257	3	201	4	93
25961	367	26052	26050	26250	2	200	4	93
25961	368	26060	26057	26258	3	201	4	93
25961	369	26060	26057	26256	3	199	4	93
25961	370	26051	26049	26248	2	199	5	93
25961	371	26060	26056	26256	4	200	5	93
25961	372	26060	26056	26259	4	203	4	93
25961	373	26051	26050	26248	1	198	4	93
25961	374	26060	26057	26258	3	201	4	93
25961	375	26058	26055	26256	3	201	5	93
25961	376	26053	26051	26250	2	199	4	93
25961	377	26060	26057	26258	3	201	4	93
25961	378	26057	26055	26253	2	198	4	93
25961	379	26056	26053	26252	3	199	4	93
25961	380	26060	26055	26259	5	204	5	93
25961	381	26055	26052	26252	3	200	4	93
25961	382	26059	26056	26257	3	201	4	93
25961	383	26060	26057	26256	3	199	4	93
25961	384	26052	26050	26248	2	198	4	93
25961	385	26060	26056	26256	4	200	5	93
25961	386	26060	26056	26257	4	201	4	93
25961	387	26051	26050	26248	1	198	4	93
25961	388	26060	26057	26258	3	201	4	93
25961	389	26058	26056	26259	2	203	4	93
25961	390	26052	26049	26248	3	199	5	93
25961	391	26060	26057	26258	3	201	4	93
25961	392	26058	26056	26256	2	200	4	93
25961	393	26054	26050	26252	4	202	4	93
25961	394	26059	26057	26256	2	199	4	93
25961	395	26058	26056	26256	2	200	4	93
25961	396	26054	26050	26251	4	201	4	93
25961	397	26060	26056	26258	4	202	5	93
25961	398	26058	26056	26254	2	198	4	93
25961	399	26054	26050	26251	4	201	5	93
25961	400	26059	26057	26256	2	199	4	93
25961	401	26056	26054	26254	2	200	4	93
25961	402	26057	26054	26255	3	201	4	93
25961	403	26060	26057	26256	3	199	4	93
25961	404	26053	26049	26250	4	201	5	93
25961	405	26060	26057	26258	3	201	4	93
25961	406	26059	26055	26258	4	203	5	93
25961	407	26052	26049	26251	3	202	4	93
25961	408	26060	26056	26258	4	202	5	93
25961	409	26058	26055	26255	3	200	4	93
25961	410	26053	26050	26250	3	200	5	93
25961	411	26060	26056	26259	4	203	4	93
25961	412	26058	26056	26254	2	198	4	93
25961	413	26053	26051	26250	2	199	4	93
25961	414	26060	26056	26257	4	201	4	93
25961	415	26058	26056	26256	2	200	4	93
25961	416	26053	26051	26250	2	199	4	93
25961	417	26059	26056	26256	3	200	5	93
25961	418	26058	26056	26256	2	200	4	93
25961	419	26053	26051	26250	2	199	4	93
25961	420	26060	26057	26258	3	201	4	93
25961	421	26058	26055	26255	3	200	4	93
25961	422	26055	26051	26253	4	202	5	93
25961	423	26058	26056	26254	2	198	4	93
25961	424	26055	26051	26251	4	200	5	93
25961	425	26059	26056	26257	3	201	4	93
25961	426	26058	26056	26256	2	200	4	93
25961	427	26054	26051	26251	3	200	4	93
25961	428	26060	26057	26258	3	201	4	93
25961	429	26057	26055	26254	2	199	5	93
25961	430	26054	26050	26253	4	203	4	93
25961	431	26060	26056	26258	4	202	5	93
25961	432	26058	26056	26256	2	200	4	93
25961	433	26054	26049	26253	5	204	5	93
25961	434	26060	26057	26256	3	199	4	93
25961	435	26058	26055	26257	3	202	4	93
25961	436	26055	26052	26253	3	201	4	93
25961	437	26059	26056	26257	3	201	4	93
25961	438	26057	26056	26254	1	198	4	93
25961	439	26059	26055	26254	4	199	4	93
25961	440	26054	26051	26253	3	202	4	93
25961	441	26057	26054	26253	3	199	5	93
25961	442	26060	26056	26256	4	200	5	93
25961	443	26051	26049	26249	2	200	4	93
25961	444	26059	26057	26256	2	199	4	93
25961	445	26060	26057	26258	3	201	4	93
25961	446	26051	26049	26248	2	199	5	93
25961	447	26059	26057	26256	2	199	4	93
25961	448	26060	26057	26256	3	199	4	93
25961	449	26051	26049	26249	2	200	4	93
25961	450	26060	26056	26257	4	201	4	93
25961	451	26060	26056	26258	4	202	5	93
25961	452	26052	26049	26248	3	199	4	93
25961	453	26060	26056	26257	4	201	5	93
25961	454	26059	26056	26255	3	199	4	93
25961	455	26052	26049	26250	3	201	4	93
25961	456	26060	26056	26258	4	202	5	93
25961	457	26057	26056	26254	1	198	4	93
25961	458	26054	26050	26252	4	202	5	93
25961	459	26060	26057	26258	3	201	4	93
25961	460	26058	26055	26256	3	201	5	93
25961	461	26057	26054	26255	3	201	4	93
25961	462	26058	26054	26256	4	202	5	93
25961	463	26058	26056	26256	2	200	4	93
25961	464	26060	26057	26258	3	201	4	93
25961	465	26056	26052	26255	4	203	4	93
25961	466	26058	26055	26255	3	200	4	93
25961	467	26060	26057	26258	3	201	4	93
25961	468	26054	26050	26253	4	203	4	93
25961	469	26058	26056	26256	2	200	4	93
25961	470	26059	26057	26256	2	199	4	93
25961	471	26052	26048	26249	4	201	5	93
25961	472	26058	26054	26258	4	204	5	93
25961	473	26060	26057	26256	3	199	4	93
25961	474	26051	26049	26249	2	200	4	93
25961	475	26060	26057	26258	3	201	4	93
25961	476	26060	26057	26256	3	199	4	93
25961	477	26051	26049	26249	2	200	4	93
25961	478	26059	26057	26256	2	199	4	93
25961	479	26060	26056	26259	4	203	4	93
25961	480	26052	26049	26250	3	201	5	93
25961	481	26060	26057	26256	3	199	4	93
25961	482	26060	26055	26257	5	202	5	93
25961	483	26057	26055	26253	2	198	4	93
25961	484	26056	26053	26254	3	201	4	93
25961	485	26058	26056	26256	2	200	4	93
25961	486	26057	26055	26255	2	200	4	93
25961	487	26054	26050	26253	4	203	4	93
25961	488	26058	26055	26255	3	200	4	93
25961	489	26060	26057	26256	3	199	4	93
25961	490	26053	26049	26249	4	200	5	93
25961	491	26058	26056	26256	2	200	4	93
25961	492	26060	26056	26259	4	203	4	93
25961	493	26054	26050	26253	4	203	4	93
25961	494	26058	26055	26257	3	202	4	93
25961	495	26060	26056	26258	4	202	5	93
25961	496	26053	26050	26251	3	201	4	93
25961	497	26058	26056	26256	2	200	4	93
25961	498	26059	26057	26256	2	199	4	93
25961	499	26053	26049	26251	4	202	5	93
25961	500	26058	26054	26255	4	201	5	93
25961	501	26060	26057	26256	3	199	4	93
25961	502	26053	26052	26250	1	198	4	93
25961	503	26058	26056	26254	2	198	4	93
25961	504	26059	26057	26256	2	199	4	93
25961	505	26057	26054	26255	3	201	5	93
25961	506	26056	26053	26254	3	201	4	93
25961	507	26060	26057	26256	3	199	4	93
25961	508	26057	26056	26254	1	198	4	93
25961	509	26053	26051	26250	2	199	4	93
25961	510	26059	26057	26256	2	199	4	93
25961	511	26058	26056	26256	2	200	4	93
25961	512	26054	26050	26253	4	203	4	93
25961	513	26059	26057	26256	2	199	4	93
25961	514	26057	26056	26254	1	198	4	93
25961	515	26053	26049	26249	4	200	5	93
25961	516	26059	26056	26255	3	199	4	93
25961	517	26058	26056	26256	2	200	4	93
25961	518	26053	26051	26250	2	199	4	93
25961	519	26058	26055	26256	3	201	5	93
25961	520	26060	26055	26259	5	204	5	93
25961	521	26054	26051	26252	3	201	4	93
25961	522	26058	26056	26254	2	198	4	93
25961	523	26060	26057	26258	3	201	4	93
25961	524	26054	26049	26253	5	204	5	93
25961	525	26058	26055	26256	3	201	5	93
25961	526	26060	26057	26258	3	201	4	93
25961	527	26055	26052	26253	3	201	4	93
25961	528	26057	26056	26254	1	198	4	93
25961	529	26060	26055	26257	5	202	5	93
25961	530	26059	26055	26256	4	201	4	93
25961	531	26054	26053	26251	1	198	4	93
25961	532	26060	26055	26257	5	202	5	93
25961	533	26058	26056	26256	2	200	4	93
25961	534	26052	26048	26250	4	202	5	93
25961	535	26060	26056	26258	4	202	5	93
25961	536	26057	26056	26254	1	198	4	93
25961	537	26054	26050	26249	4	199	4	93
25961	538	26060	26057	26258	3	201	4	93
25961	539	26057	26055	26254	2	199	5	93
25961	540	26053	26049	26251	4	202	5	93
25961	541	26060	26056	26259	4	203	4	93
25961	542	26059	26057	26257	2	200	4	93
25961	543	26054	26050	26251	4	201	4	93
25961	544	26060	26055	26259	5	204	5	93
25961	545	26057	26055	26254	2	199	5	93
25961	546	26053	26051	26250	2	199	4	93
25961	547	26058	26056	26254	2	198	4	93
25961	548	26058	26056	26256	2	200	4	93
25961	549	26053	26049	26249	4	200	5	93
25961	550	26058	26056	26254	2	198	4	93
25961	551	26059	26057	26256	2	199	4	93
25961	552	26060	26057	26258	3	201	4	93
25961	553	26051	26050	26248	1	198	4	93
25961	554	26060	26055	26259	5	204	5	93
25961	555	26059	26057	26256	2	199	4	93
25961	556	26051	26048	26249	3	201	5	93
25961	557	26060	26055	26259	5	204	5	93
25961	558	26059	26056	26256	3	200	5	93
25961	559	26052	26049	26249	3	200	4	93
25961	560	26060	26056	26257	4	201	4	93
25961	561	26060	26057	26258	3	201	4	93
25961	562	26058	26056	26256	2	200	4	93
25961	563	26053	26048	26251	5	203	5	93
25961	564	26058	26055	26257	3	202	4	93
25961	565	26059	26056	26258	3	202	5	93
25961	566	26056	26052	26253	4	201	5	93
25961	567	26057	26056	26254	1	198	4	93
25961	568	26060	26057	26256	3	199	4	93
25961	569	26055	26050	26252	5	202	5	93
25961	570	26067	26057	26266	10	209	6	93
25961	571	26060	26056	26259	4	203	4	93
25961	572	26060	26056	26257	4	201	4	93
25961	573	26053	26050	26250	3	200	4	93
25961	574	26060	26057	26258	3	201	4	93
25961	575	26124	26068	26322	56	254	14	111
25961	576	26052	26049	26250	3	201	4	93
25961	577	26060	26056	26257	4	201	4	93
25961	578	26059	26057	26256	2	199	4	93
25961	579	26052	26049	26251	3	202	4	93
25961	580	26060	26055	26259	5	204	5	93
25961	581	26057	26056	26254	1	198	4	93
25961	582	26055	26052	26253	3	201	4	93
25961	583	26059	26055	26257	4	202	5	93
25961	584	26057	26056	26254	1	198	4	93
25961	585	26060	26055	26257	5	202	5	93
25961	586	26053	26050	26251	3	201	4	93
25961	587	26058	26055	26256	3	201	5	93
25961	588	26060	26055	26257	5	202	5	93
25961	589	26054	26049	26251	5	202	5	93
25961	590	26058	26055	26257	3	202	4	93
25961	591	26059	26056	26257	3	201	4	93
25961	592	26055	26052	26253	3	201	4	93
25961	593	26056	26055	26253	1	198	4	93
25961	594	26059	26056	26256	3	200	5	93
25961	595	26058	26055	26259	3	204	4	93
25961	596	26051	26048	26249	3	201	5	93
25961	597	26060	26056	26259	4	203	4	93
25961	598	26057	26055	26253	2	198	4	93
25961	599	26053	26051	26250	2	199	4	93
25961	600	26059	26057	26256	2	199	4	93
25961	601	26058	26055	26255	3	200	4	93
25961	602	26055	26052	26251	3	199	4	93
25961	603	26059	26056	26255	3	199	4	93
25961	604	26057	26056	26254	1	198	4	93
25961	605	26060	26056	26258	4	202	5	93
25961	606	26053	26049	26251	4	202	5	93
25961	607	26057	26056	26254	1	198	4	93
25961	608	26059	26057	26256	2	199	4	93
25961	609	26053	26049	26251	4	202	5	93
25961	610	26058	26055	26255	3	200	4	93
25961	611	26060	26056	26256	4	200	5	93
25961	612	26054	26052	26252	2	200	4	93
25961	613	26057	26055	26255	2	200	4	93
25961	614	26059	26056	26257	3	201	4	93
25961	615	26058	26055	26257	3	202	4	93
25961	616	26053	26050	26249	3	199	4	93
25961	617	26060	26057	26258	3	201	4	93
25961	618	26058	26056	26256	2	200	4	93
25961	619	26053	26050	26250	3	200	5	93
25961	620	26059	26056	26257	3	201	4	93
25961	621	26058	26056	26256	2	200	4	93
25961	622	26053	26050	26251	3	201	4	93
25961	623	26060	26057	26258	3	201	4	93
25961	624	26057	26054	26255	3	201	5	93
25961	625	26060	26056	26257	4	201	4	93
25961	626	26053	26050	26252	3	202	4	93
25961	627	26058	26056	26254	2	198	4	93
25961	628	26060	26057	26258	3	201	4	93
25961	629	26051	26048	26249	3	201	5	93
25961	630	26060	26055	26259	5	204	5	93
25961	631	26060	26056	26257	4	201	4	93
25961	632	26051	26048	26249	3	201	5	93
25961	633	26060	26056	26259	4	203	4	93
25961	634	26060	26057	26258	3	201	4	93
25961	635	26053	26050	26252	3	202	4	93
25961	636	26060	26055	26256	5	201	5	93
25961	637	26059	26056	26255	3	199	4	93
25961	638	26058	26054	26255	4	201	5	93
25961	639	26053	26051	26250	2	199	4	93
25961	640	26059	26057	26256	2	199	4	93
25961	641	26057	26054	26253	3	199	5	93
25961	642	26053	26051	26250	2	199	4	93
25961	643	26058	26056	26254	2	198	4	93
25961	644	26057	26056	26254	1	198	4	93
25961	645	26053	26050	26251	3	201	4	93
25961	646	26058	26056	26256	2	200	4	93
25961	647	26059	26056	26255	3	199	4	93
25961	648	26055	26053	26252	2	199	4	93
25961	649	26057	26055	26253	2	198	4	93
25961	650	26059	26056	26256	3	200	5	93
25961	651	26060	26056	26257	4	201	4	93
25961	652	26052	26050	26249	2	199	5	93
25961	653	26059	26057	26256	2	199	4	93
25961	654	26060	26057	26258	3	201	4	93
25961	655	26051	26049	26249	2	200	4	93
25961	656	26060	26057	26258	3	201	4	93
25961	657	26059	26056	26255	3	199	4	93
25961	658	26052	26049	26251	3	202	4	93
25961	659	26059	26055	26257	4	202	5	93
25961	660	26058	26056	26256	2	200	4	93
25961	661	26051	26048	26249	3	201	5	93
25961	662	26059	26057	26256	2	199	4	93
25961	663	26057	26056	26254	1	198	4	93
25961	664	26059	26056	26255	3	199	4	93
25961	665	26056	26053	26254	3	201	4	93
25961	666	26058	26055	26253	3	198	4	93
25961	667	26059	26057	26256	2	199	4	93
25961	668	26053	26049	26251	4	202	5	93
25961	669	26058	26055	26255	3	200	4	93
25961	670	26060	26056	26259	4	203	4	93
25961	671	26053	26050	26251	3	201	4	93
25961	672	26058	26055	26253	3	198	4	93
25961	673	26059	26056	26256	3	200	5	93
25961	674	26057	26054	26255	3	201	4	93
25961	675	26055	26053	26251	2	198	4	93
25961	676	26060	26057	26258	3	201	4	93
25961	677	26057	26056	26254	1	198	4	93
25961	678	26052	26050	26250	2	200	5	93
25961	679	26059	26057	26256	2	199	4	93
25961	680	26058	26055	26255	3	200	4	93
25961	681	26053	26050	26251	3	201	4	93
25961	682	26059	26057	26256	2	199	4	93
25961	683	26057	26055	26254	2	199	5	93
25961	684	26054	26051	26251	3	200	5	93
25961	685	26060	26055	26259	5	204	5	93
25961	686	26057	26055	26255	2	200	4	93
25961	687	26059	26057	26256	2	199	4	93
25961	688	26053	26049	26250	4	201	4	93
25961	689	26058	26056	26256	2	200	4	93
25961	690	26060	26056	26256	4	200	5	93
25961	691	26053	26050	26251	3	201	4	93
25961	692	26057	26055	26254	2	199	5	93
25961	693	26059	26057	26256	2	199	4	93
25961	694	26051	26049	26248	2	199	5	93
25961	695	26060	26057	26257	3	200	4	93
25961	696	26060	26056	26257	4	201	4	93
25961	697	26055	26053	26253	2	200	4	93
25961	698	26057	26055	26254	2	199	4	93
25961	699	26059	26057	26256	2	199	4	93
25961	700	26057	26055	26255	2	200	4	93
25961	701	26054	26050	26251	4	201	4	93
25961	702	26059	26056	26257	3	201	4	93
25961	703	26058	26055	26255	3	200	4	93
25961	704	26053	26049	26251	4	202	5	93
25961	705	26060	26057	26258	3	201	4	93
25961	706	26058	26055	26255	3	200	4	93
25961	707	26053	26050	26251	3	201	4	93
25961	708	26058	26055	26258	3	203	4	93
25961	709	26058	26054	26257	4	203	5	93
25961	710	26177	26060	26374	117	314	6	94
25961	711	26055	26052	26252	3	200	4	93
25961	712	26059	26057	26256	2	199	4	93
25961	713	26178	26057	26374	121	317	5	94
25961	714	26052	26048	26251	4	203	5	93
25961	715	26059	26057	26256	2	199	4	93
25961	716	26059	26056	26256	3	200	5	93
25961	717	26051	26049	26249	2	200	4	93
25961	718	26059	26056	26257	3	201	4	93
25961	719	26060	26057	26258	3	201	4	93
25961	720	26051	26050	26248	1	198	4	93
25961	721	26060	26056	26258	4	202	5	93
25961	722	26059	26056	26257	3	201	4	93
25961	723	26055	26053	26252	2	199	5	93
25961	724	26057	26054	26253	3	199	4	93
25961	725	26060	26057	26256	3	199	4	93
25961	726	26058	26055	26257	3	202	4	93
25961	727	26053	26050	26251	3	201	4	93
25961	728	26057	26056	26254	1	198	4	93
25961	729	26058	26056	26254	2	198	4	93
25961	730	26053	26049	26249	4	200	5	93
25961	731	26058	26056	26254	2	198	4	93
25961	732	26060	26057	26258	3	201	4	93
25961	733	26053	26050	26251	3	201	4	93
25961	734	26057	26055	26254	2	199	5	93
25961	735	26060	26056	26258	4	202	4	93
25961	736	26055	26052	26253	3	201	4	93
25961	737	26058	26055	26255	3	200	4	93
25961	738	26059	26056	26256	3	200	5	93
25961	739	26059	26057	26256	2	199	4	93
25961	740	26052	26051	26249	1	198	4	93
25961	741	26060	26056	26257	4	201	4	93
25961	742	26060	26056	26259	4	203	4	93
25961	743	26051	26048	26249	3	201	5	93
25961	744	26060	26055	26258	5	203	4	93
25961	745	26057	26054	26255	3	201	5	93
25961	746	26053	26050	26251	3	201	4	93
25961	747	26060	26055	26257	5	202	5	93
25961	748	26057	26055	26254	2	199	5	93
25961	749	26053	26051	26250	2	199	4	93
25961	750	26060	26057	26256	3	199	4	93
25961	751	26057	26055	26255	2	200	4	93
25961	752	26056	26053	26253	3	200	5	93
25961	753	26059	26056	26255	3	199	4	93
25961	754	26057	26056	26254	1	198	4	93
25961	755	26060	26056	26258	4	202	4	93
25961	756	26054	26051	26250	3	199	4	93
25961	757	26058	26054	26255	4	201	5	93
25961	758	26059	26056	26256	3	200	5	93
25961	759	26054	26050	26251	4	201	4	93
25961	760	26058	26056	26256	2	200	4	93
25961	761	26060	26057	26258	3	201	4	93
25961	762	26052	26049	26250	3	201	5	93
25961	763	26059	26056	26256	3	200	5	93
25961	764	26059	26057	26256	2	199	4	93
25961	765	26051	26049	26249	2	200	4	93
25961	766	26059	26057	26256	2	199	4	93
25961	767	26060	26056	26256	4	200	5	93
25961	768	26053	26049	26250	4	201	5	93
25961	769	26060	26057	26258	3	201	4	93
25961	770	26060	26057	26257	3	200	4	93
25961	771	26057	26054	26255	3	201	4	93
25961	772	26056	26052	26253	4	201	4	93
25961	773	26060	26055	26257	5	202	5	93
25961	774	26058	26055	26257	3	202	4	93
25961	775	26053	26051	26250	2	199	4	93
25961	776	26058	26056	26256	2	200	4	93
25961	777	26058	26054	26255	4	201	5	93
25961	778	26053	26050	26250	3	200	5	93
25961	779	26058	26055	26257	3	202	4	93
25961	780	26060	26057	26258	3	201	4	93
25961	781	26053	26051	26250	2	199	4	93
25961	782	26058	26056	26254	2	198	4	93
25961	783	26060	26055	26257	5	202	5	93
25961	784	26054	26050	26253	4	203	4	93
25961	785	26057	26056	26254	1	198	4	93
25961	786	26060	26056	26257	4	201	4	93
25961	787	26059	26055	26257	4	202	5	93
25961	788	26054	26051	26251	3	200	4	93
25961	789	26059	26057	26256	2	199	4	93
25961	790	26060	26055	26257	5	202	5	93
25961	791	26051	26050	26248	1	198	4	93
25961	792	26059	26056	26256	3	200	5	93
25961	793	26057	26056	26254	1	198	4	93
25961	794	26051	26048	26249	3	201	5	93
25961	795	26059	26057	26256	2	199	4	93
25961	796	26057	26056	26254	1	198	4	93
25961	797	26053	26050	26251	3	201	4	93
25961	798	26059	26056	26256	3	200	5	93
25961	799	26058	26056	26256	2	200	4	93
25961	800	26056	26052	26251	4	199	4	93
25961	801	26058	26056	26255	2	199	4	93
25961	802	26058	26055	26257	3	202	4	93
25961	803	26060	26056	26256	4	200	5	93
25961	804	26053	26050	26251	3	201	4	93
25961	805	26058	26055	26255	3	200	4	93
25961	806	26060	26055	26259	5	204	5	93
25961	807	26054	26050	26253	4	203	4	93
25961	808	26058	26055	26256	3	201	5	93
25961	809	26060	26057	26256	3	199	4	93
25961	810	26051	26049	26247	2	198	4	93
25961	811	26059	26057	26256	2	199	4	93
25961	812	26059	26057	26256	2	199	4	93
25961	813	26051	26048	26249	3	201	5	93
25961	814	26060	26055	26259	5	204	5	93
25961	815	26060	26056	26259	4	203	4	93
25961	816	26055	26053	26253	2	200	4	93
25961	817	26057	26055	26254	2	199	4	93
25961	818	26060	26057	26256	3	199	4	93
25961	819	26057	26056	26254	1	198	4	93
25961	820	26053	26050	26251	3	201	4	93
25961	821	26060	26055	26257	5	202	5	93
25961	822	26057	26056	26254	1	198	4	93
25961	823	26053	26050	26250	3	200	5	93
25961	824	26060	26056	26257	4	201	4	93
25961	825	26058	26055	26255	3	200	4	93
25961	826	26053	26050	26251	3	201	4	93
25961	827	26057	26056	26254	1	198	4	93
25961	828	26058	26054	26255	4	201	5	93
25961	829	26053	26051	26250	2	199	4	93
25961	830	26058	26055	26255	3	200	4	93
25961	831	26060	26055	26257	5	202	5	93
25961	832	26054	26051	26250	3	199	4	93
25961	833	26058	26055	26257	3	202	4	93
25961	834	26059	26057	26256	2	199	4	93
25961	835	26059	26056	26257	3	201	4	93
25961	836	26054	26052	26252	2	200	4	93
25961	837	26060	26056	26258	4	202	5	93
25961	838	26059	26055	26257	4	202	5	93
25961	839	26052	26049	26249	3	200	4	93
25961	840	26060	26056	26258	4	202	4	93
25961	841	26060	26057	26258	3	201	4	93
25961	842	26051	26049	26249	2	200	4	93
25961	843	26060	26057	26258	3	201	4	93
25961	844	26057	26056	26254	1	198	4	93
25961	845	26053	26050	26251	3	201	4	93
25961	846	26059	26057	26256	2	199	4	93
25961	847	26057	26056	26254	1	198	4	93
25961	848	26054	26050	26251	4	201	4	93
25961	849	26060	26056	26258	4	202	5	93
25961	850	26058	26054	26255	4	201	5	93
25961	851	26054	26050	26251	4	201	4	93
25961	852	26060	26056	26257	4	201	5	93
25961	853	26058	26056	26256	2	200	4	93
25961	854	26057	26055	26254	2	199	4	93
25961	855	26058	26054	26255	4	201	4	93
25961	856	26057	26054	26255	3	201	5	93
25961	857	26059	26056	26257	3	201	4	93
25961	858	26052	26049	26252	3	203	4	93
25961	859	26057	26055	26254	2	199	5	93
25961	860	26060	26057	26257	3	200	4	93
25961	861	26052	26048	26251	4	203	5	93
25961	862	26060	26056	26258	4	202	4	93
25961	863	26059	26057	26256	2	199	4	93
25961	864	26051	26050	26248	1	198	4	93
25961	865	26059	26057	26256	2	199	4	93
25961	866	26059	26057	26256	2	199	4	93
25961	867	26052	26049	26249	3	200	4	93
25961	868	26059	26056	26256	3	200	5	93
25961	869	26060	26056	26257	4	201	4	93
25961	870	26052	26049	26250	3	201	4	93
25961	871	26060	26056	26256	4	200	5	93
25961	872	26059	26056	26256	3	200	5	93
25961	873	26053	26051	26251	2	200	4	93
25961	874	26058	26056	26255	2	199	4	93
25961	875	26058	26054	26256	4	202	5	93
25961	876	26057	26056	26254	1	198	4	93
25961	877	26055	26051	26253	4	202	5	93
25961	878	26057	26056	26254	1	198	4	93
25961	879	26059	26056	26257	3	201	4	93
25961	880	26054	26050	26252	4	202	4	93
25961	881	26058	26055	26257	3	202	4	93
25961	882	26060	26056	26256	4	200	5	93
25961	883	26053	26050	26251	3	201	4	93
25961	884	26057	26055	26254	2	199	5	93
25961	885	26059	26057	26256	2	199	4	93
25961	886	26054	26050	26253	4	203	4	93
25961	887	26057	26055	26253	2	198	4	93
25961	888	26059	26057	26256	2	199	4	93
25961	889	26054	26050	26253	4	203	4	93
25961	890	26058	26055	26255	3	200	4	93
25961	891	26060	26055	26259	5	204	5	93
25961	892	26051	26050	26248	1	198	4	93
25961	893	26060	26056	26256	4	200	5	93
25961	894	26060	26056	26259	4	203	4	93
25961	895	26052	26051	26249	1	198	4	93
25961	896	26060	26057	26257	3	200	4	93
25961	897	26060	26056	26257	4	201	4	93
25961	898	26056	26054	26254	2	200	4	93
25961	899	26057	26053	26255	4	202	5	93
25961	900	26060	26057	26258	3	201	4	93
25961	901	26058	26055	26255	3	200	4	93
25961	902	26055	26051	26252	4	201	4	93
25961	903	26060	26057	26258	3	201	4	93
25961	904	26058	26054	26255	4	201	5	93
25961	905	26054	26049	26251	5	202	5	93
25961	906	26060	26057	26258	3	201	4	93
25961	907	26057	26056	26254	1	198	4	93
25961	908	26054	26050	26251	4	201	4	93
25961	909	26057	26054	26253	3	199	5	93
25961	910	26060	26057	26256	3	199	4	93
25961	911	26053	26051	26250	2	199	4	93
25961	912	26058	26056	26256	2	200	4	93
25961	913	26059	26056	26257	3	201	4	93
25961	914	26054	26050	26250	4	200	5	93
25961	915	26058	26054	26256	4	202	5	93
25961	916	26059	26057	26256	2	199	4	93
25961	917	26054	26050	26253	4	203	4	93
25961	918	26058	26056	26256	2	200	4	93
25961	919	26060	26055	26257	5	202	5	93
25961	920	26053	26050	26250	3	200	5	93
25961	921	26057	26056	26254	1	198	4	93
25961	922	26059	26056	26256	3	200	5	93
25961	923	26056	26053	26252	3	199	4	93
25961	924	26056	26055	26253	1	198	4	93
25961	925	26059	26057	26256	2	199	4	93
25961	926	26057	26055	26253	2	198	4	93
25961	927	26056	26052	26254	4	202	5	93
25961	928	26060	26056	26259	4	203	4	93
25961	929	26058	26054	26255	4	201	5	93
25961	930	26054	26051	26252	3	201	4	93
25961	931	26060	26055	26257	5	202	5	93
25961	932	26058	26056	26256	2	200	4	93
25961	933	26053	26050	26249	3	199	4	93
25961	934	26060	26055	26259	5	204	5	93
25961	935	26057	26054	26253	3	199	5	93
25961	936	26053	26050	26251	3	201	4	93
25961	937	26060	26056	26257	4	201	4	93
25961	938	26058	26056	26256	2	200	4	93
25961	939	26054	26049	26253	5	204	5	93
25961	940	26057	26056	26256	1	200	4	93
25961	941	26058	26056	26256	2	200	4	93
25961	942	26054	26050	26253	4	203	4	93
25961	943	26058	26055	26256	3	201	4	93
25961	944	26059	26056	26256	3	200	5	93
25961	945	26053	26049	26251	4	202	5	93
25961	946	26058	26055	26257	3	202	4	93
25961	947	26059	26057	26256	2	199	4	93
25961	948	26053	26051	26250	2	199	4	93
25961	949	26057	26055	26254	2	199	5	93
25961	950	26060	26056	26259	4	203	4	93
25961	951	26055	26049	26252	6	203	5	93
25961	952	26058	26056	26254	2	198	4	93
25961	953	26059	26057	26256	2	199	4	93
25961	954	26055	26052	26253	3	201	4	93
25961	955	26057	26056	26254	1	198	4	93
25961	956	26059	26056	26255	3	199	4	93
25961	957	26056	26054	26254	2	200	4	93
25961	958	26055	26052	26251	3	199	5	93
25961	959	26059	26056	26256	3	200	5	93
25961	960	26058	26055	26256	3	201	5	93
25961	961	26054	26052	26251	2	199	4	93
25961	962	26060	26057	26258	3	201	4	93
25961	963	26058	26055	26255	3	200	4	93
25961	964	26054	26049	26251	5	202	5	93
25961	965	26060	26055	26257	5	202	5	93
25961	966	26058	26055	26257	3	202	4	93
25961	967	26053	26050	26251	3	201	4	93
25961	968	26060	26057	26258	3	201	4	93
25961	969	26058	26056	26256	2	200	4	93
25961	970	26053	26051	26250	2	199	4	93
25961	971	26060	26056	26258	4	202	4	93
25961	972	26057	26056	26254	1	198	4	93
25961	973	26054	26050	26253	4	203	4	93
25961	974	26058	26055	26255	3	200	4	93
25961	975	26058	26056	26256	2	200	4	93
25961	976	26054	26050	26253	4	203	4	93
25961	977	26058	26055	26255	3	200	4	93
25961	978	26060	26055	26257	5	202	5	93
25961	979	26054	26050	26253	4	203	4	93
25961	980	26058	26055	26256	3	201	5	93
25961	981	26060	26056	26257	4	201	4	93
25961	982	26056	26053	26252	3	199	4	93
25961	983	26056	26054	26254	2	200	4	93
25961	984	26060	26056	26257	4	201	4	93
25961	985	26060	26055	26257	5	202	5	93
25961	986	26053	26050	26250	3	200	4	93
25961	987	26059	26056	26256	3	200	5	93
25961	988	26059	26056	26257	3	201	4	93
25961	989	26052	26048	26251	4	203	5	93
25961	990	26059	26057	26256	2	199	4	93
25961	991	26058	26056	26255	2	199	4	93
25961	992	26051	26049	26249	2	200	4	93
25961	993	26060	26055	26257	5	202	5	93
25961	994	26057	26054	26255	3	201	5	93
25961	995	26053	26050	26251	3	201	4	93
25961	996	26059	26057	26256	2	199	4	93
25961	997	26058	26056	26256	2	200	4	93
25961	998	26053	26050	26251	3	201	4	93
25961	999	26060	26056	26257	4	201	4	93
25961	1000	26058	26056	26256	2	200	4	93
