RUNID	ITERNUM	METIME	PRTIME	TPRTIME	DIFF	TDIFF	NRPROCS	NPROCS
25721	1	20545	20543	20743	2	200	4	93
25721	2	20546	20543	20743	3	200	4	93
25721	3	20544	20541	20742	3	201	5	93
25721	4	20544	20542	20742	2	200	4	93
25721	5	20546	20544	20742	2	198	4	93
25721	6	20547	20545	20744	2	199	4	93
25721	7	20545	20543	20742	2	199	5	93
25721	8	20546	20543	20744	3	201	5	93
25721	9	20545	20543	20742	2	199	5	93
25721	10	20545	20543	20743	2	200	4	93
25721	11	20545	20544	20742	1	198	4	93
25721	12	20545	20544	20742	1	198	4	93
25721	13	20545	20544	20742	1	198	4	93
25721	14	20546	20544	20742	2	198	4	93
25721	15	20546	20542	20745	4	203	5	93
25721	16	20546	20542	20745	4	203	5	93
25721	17	20546	20542	20743	4	201	5	93
25721	18	20546	20543	20743	3	200	4	93
25721	19	20546	20543	20743	3	200	4	93
25721	20	20545	20544	20742	1	198	4	93
25721	21	20545	20543	20742	2	199	5	93
25721	22	20545	20543	20742	2	199	5	93
25721	23	20545	20544	20742	1	198	4	93
25721	24	20546	20543	20744	3	201	4	93
25721	25	20545	20543	20742	2	199	5	93
25721	26	20546	20543	20743	3	200	4	93
25721	27	20547	20544	20745	3	201	4	93
25721	28	20546	20542	20743	4	201	5	93
25721	29	20545	20542	20743	3	201	4	93
25721	30	20544	20542	20740	2	198	4	93
25721	31	20545	20542	20743	3	201	5	93
25721	32	20546	20543	20743	3	200	4	93
25721	33	20545	20544	20742	1	198	4	93
25721	34	20546	20543	20745	3	202	4	93
25721	35	20546	20543	20743	3	200	4	93
25721	36	20546	20543	20745	3	202	4	93
25721	37	20545	20543	20743	2	200	4	93
25721	38	20548	20544	20743	4	199	4	93
25721	39	20545	20543	20742	2	199	5	93
25721	40	20546	20543	20743	3	200	4	93
25721	41	20545	20543	20741	2	198	4	93
25721	42	20546	20543	20745	3	202	4	93
25721	43	20545	20543	20743	2	200	4	93
25721	44	20546	20543	20743	3	200	4	93
25721	45	20546	20542	20743	4	201	5	93
25721	46	20545	20543	20743	2	200	4	93
25721	47	20545	20543	20743	2	200	4	93
25721	48	20545	20542	20743	3	201	5	93
25721	49	20545	20544	20742	1	198	4	93
25721	50	20546	20543	20743	3	200	4	93
25721	51	20545	20544	20742	1	198	4	93
25721	52	20545	20544	20742	1	198	4	93
25721	53	20545	20543	20742	2	199	5	93
25721	54	20546	20543	20744	3	201	5	93
25721	55	20544	20542	20742	2	200	4	93
25721	56	20543	20541	20739	2	198	4	93
25721	57	20545	20543	20743	2	200	4	93
25721	58	20545	20543	20743	2	200	4	93
25721	59	20548	20544	20747	4	203	4	93
25721	60	20545	20543	20743	2	200	4	93
25721	61	20545	20544	20742	1	198	4	93
25721	62	20545	20544	20742	1	198	4	93
25721	63	20545	20544	20742	1	198	4	93
25721	64	20545	20542	20741	3	199	5	93
25721	65	20545	20544	20742	1	198	4	93
25721	66	20545	20543	20743	2	200	4	93
25721	67	20545	20543	20750	2	207	7	94
25721	68	20545	20544	20742	1	198	4	93
25721	69	20546	20543	20743	3	200	4	93
25721	70	20545	20543	20742	2	199	5	93
25721	71	20545	20543	20742	2	199	5	93
25721	72	20545	20544	20742	1	198	4	93
25721	73	20546	20543	20745	3	202	4	93
25721	74	20545	20542	20743	3	201	5	93
25721	75	20546	20544	20744	2	200	4	93
25721	76	20545	20543	20743	2	200	4	93
25721	77	20546	20542	20741	4	199	5	93
25721	78	20546	20543	20745	3	202	4	93
25721	79	20546	20543	20741	3	198	4	93
25721	80	20547	20544	20744	3	200	5	93
25721	81	20544	20542	20742	2	200	4	93
25721	82	20543	20542	20740	1	198	4	93
25721	83	20545	20543	20741	2	198	4	93
25721	84	20545	20543	20743	2	200	4	93
25721	85	20545	20543	20742	2	199	5	93
25721	86	20545	20543	20741	2	198	4	93
25721	87	20549	20544	20744	5	200	5	93
25721	88	20546	20544	20744	2	200	4	93
25721	89	20545	20544	20742	1	198	4	93
25721	90	20545	20544	20742	1	198	4	93
25721	91	20546	20542	20743	4	201	5	93
25721	92	20545	20543	20743	2	200	4	93
25721	93	20545	20542	20743	3	201	5	93
25721	94	20547	20545	20743	2	198	4	93
25721	95	20546	20543	20745	3	202	4	93
25721	96	20546	20542	20745	4	203	5	93
25721	97	20545	20543	20743	2	200	4	93
25721	98	20545	20543	20741	2	198	4	93
25721	99	20548	20544	20745	4	201	6	93
25721	100	20546	20544	20745	2	201	5	93
25721	101	20547	20545	20744	2	199	4	93
25721	102	20546	20544	20743	2	199	5	93
25721	103	20546	20544	20744	2	200	4	93
25721	104	20545	20543	20743	2	200	4	93
25721	105	20545	20542	20743	3	201	5	93
25721	106	20545	20544	20742	1	198	4	93
25721	107	20545	20542	20742	3	200	4	93
25721	108	20544	20540	20741	4	201	5	93
25721	109	20545	20543	20743	2	200	4	93
25721	110	20546	20542	20743	4	201	5	93
25721	111	20545	20544	20742	1	198	4	93
25721	112	20545	20542	20743	3	201	5	93
25721	113	20545	20542	20743	3	201	5	93
25721	114	20546	20543	20743	3	200	4	93
25721	115	20545	20543	20743	2	200	4	93
25721	116	20545	20543	20741	2	198	4	93
25721	117	20545	20543	20741	2	198	4	93
25721	118	20545	20542	20743	3	201	5	93
25721	119	20545	20544	20742	1	198	4	93
25721	120	20545	20544	20742	1	198	4	93
25721	121	20545	20544	20742	1	198	4	93
25721	122	20547	20544	20745	3	201	4	93
25721	123	20545	20543	20743	2	200	4	93
25721	124	20545	20543	20743	2	200	4	93
25721	125	20546	20543	20741	3	198	4	93
25721	126	20545	20542	20743	3	201	5	93
25721	127	20545	20544	20742	1	198	4	93
25721	128	20545	20543	20742	2	199	5	93
25721	129	20546	20543	20745	3	202	4	93
25721	130	20545	20543	20743	2	200	4	93
25721	131	20545	20544	20742	1	198	4	93
25721	132	20546	20543	20745	3	202	4	93
25721	133	20545	20543	20743	2	200	4	93
25721	134	20546	20543	20744	3	201	4	93
25721	135	20545	20543	20741	2	198	4	93
25721	136	20545	20543	20743	2	200	4	93
25721	137	20546	20542	20741	4	199	5	93
25721	138	20544	20541	20742	3	201	5	93
25721	139	20544	20542	20742	2	200	4	93
25721	140	20545	20543	20741	2	198	4	93
25721	141	20545	20544	20742	1	198	4	93
25721	142	20546	20543	20745	3	202	4	93
25721	143	20547	20544	20745	3	201	4	93
25721	144	20545	20543	20742	2	199	5	93
25721	145	20545	20543	20743	2	200	4	93
25721	146	20545	20543	20743	2	200	4	93
25721	147	20545	20543	20743	2	200	4	93
25721	148	20545	20544	20742	1	198	4	93
25721	149	20546	20543	20745	3	202	4	93
25721	150	20545	20542	20743	3	201	5	93
25721	151	20546	20542	20743	4	201	5	93
25721	152	20545	20543	20743	2	200	4	93
25721	153	20547	20544	20745	3	201	4	93
25721	154	20545	20544	20742	1	198	4	93
25721	155	20545	20543	20743	2	200	4	93
25721	156	20545	20543	20741	2	198	4	93
25721	157	20546	20544	20744	2	200	4	93
25721	158	20545	20543	20742	2	199	5	93
25721	159	20545	20543	20743	2	200	4	93
25721	160	20546	20543	20745	3	202	4	93
25721	161	20545	20542	20743	3	201	5	93
25721	162	20545	20543	20743	2	200	4	93
25721	163	20545	20544	20742	1	198	4	93
25721	164	20547	20543	20745	4	202	5	93
25721	165	20546	20543	20745	3	202	4	93
25721	166	20545	20543	20743	2	200	4	93
25721	167	20543	20541	20740	2	199	5	93
25721	168	20545	20542	20744	3	202	4	93
25721	169	20545	20544	20742	1	198	4	93
25721	170	20545	20542	20743	3	201	5	93
25721	171	20545	20544	20742	1	198	4	93
25721	172	20546	20543	20741	3	198	4	93
25721	173	20546	20542	20743	4	201	5	93
25721	174	20547	20544	20745	3	201	4	93
25721	175	20546	20543	20745	3	202	4	93
25721	176	20545	20542	20743	3	201	5	93
25721	177	20545	20542	20743	3	201	5	93
25721	178	20546	20543	20745	3	202	4	93
25721	179	20545	20543	20743	2	200	4	93
25721	180	20546	20544	20744	2	200	4	93
25721	181	20545	20543	20743	2	200	4	93
25721	182	20545	20542	20743	3	201	5	93
25721	183	20545	20544	20742	1	198	4	93
25721	184	20545	20542	20743	3	201	5	93
25721	185	20548	20544	20746	4	202	4	93
25721	186	20545	20543	20743	2	200	4	93
25721	187	20545	20543	20743	2	200	4	93
25721	188	20545	20543	20742	2	199	5	93
25721	189	20545	20543	20742	2	199	5	93
25721	190	20545	20543	20743	2	200	4	93
25721	191	20546	20543	20745	3	202	4	93
25721	192	20544	20543	20741	1	198	4	93
25721	193	20546	20543	20743	3	200	4	93
25721	194	20545	20543	20743	2	200	4	93
25721	195	20545	20542	20746	3	204	5	93
25721	196	20544	20542	20742	2	200	4	93
25721	197	20545	20542	20742	3	200	4	93
25721	198	20545	20543	20743	2	200	4	93
25721	199	20545	20543	20743	2	200	4	93
25721	200	20545	20543	20742	2	199	5	93
25721	201	20545	20543	20743	2	200	4	93
25721	202	20545	20542	20742	3	200	4	93
25721	203	20546	20542	20745	4	203	5	93
25721	204	20546	20543	20745	3	202	4	93
25721	205	20545	20543	20743	2	200	4	93
25721	206	20547	20544	20744	3	200	5	93
25721	207	20545	20543	20743	2	200	4	93
25721	208	20545	20544	20742	1	198	4	93
25721	209	20545	20543	20742	2	199	5	93
25721	210	20546	20543	20743	3	200	4	93
25721	211	20545	20543	20743	2	200	4	93
25721	212	20545	20542	20743	3	201	5	93
25721	213	20545	20543	20743	2	200	4	93
25721	214	20545	20544	20742	1	198	4	93
25721	215	20545	20542	20743	3	201	4	93
25721	216	20548	20544	20745	4	201	4	93
25721	217	20545	20544	20742	1	198	4	93
25721	218	20545	20542	20743	3	201	5	93
25721	219	20545	20544	20742	1	198	4	93
25721	220	20546	20542	20745	4	203	5	93
25721	221	20545	20544	20742	1	198	4	93
25721	222	20546	20543	20745	3	202	4	93
25721	223	20545	20544	20742	1	198	4	93
25721	224	20545	20542	20743	3	201	5	93
25721	225	20544	20542	20741	2	199	5	93
25721	226	20544	20542	20742	2	200	4	93
25721	227	20546	20543	20745	3	202	4	93
25721	228	20545	20542	20741	3	199	5	93
25721	229	20545	20544	20742	1	198	4	93
25721	230	20545	20543	20743	2	200	4	93
25721	231	20545	20542	20741	3	199	5	93
25721	232	20546	20542	20745	4	203	5	93
25721	233	20546	20543	20743	3	200	4	93
25721	234	20545	20543	20743	2	200	4	93
25721	235	20545	20544	20742	1	198	4	93
25721	236	20545	20544	20742	1	198	4	93
25721	237	20548	20544	20746	4	202	5	93
25721	238	20546	20541	20742	5	201	5	93
25721	239	20545	20544	20742	1	198	4	93
25721	240	20546	20544	20742	2	198	4	93
25721	241	20545	20543	20743	2	200	4	93
25721	242	20546	20543	20745	3	202	4	93
25721	243	20545	20544	20742	1	198	4	93
25721	244	20545	20542	20743	3	201	5	93
25721	245	20546	20544	20742	2	198	4	93
25721	246	20545	20543	20743	2	200	4	93
25721	247	20547	20544	20745	3	201	4	93
25721	248	20546	20543	20743	3	200	4	93
25721	249	20545	20543	20741	2	198	4	93
25721	250	20546	20542	20743	4	201	5	93
25721	251	20545	20543	20743	2	200	4	93
25721	252	20545	20544	20742	1	198	4	93
25721	253	20545	20543	20743	2	200	4	93
25721	254	20545	20541	20742	4	201	5	93
25721	255	20544	20542	20742	2	200	4	93
25721	256	20545	20543	20743	2	200	4	93
25721	257	20546	20543	20744	3	201	5	93
25721	258	20546	20543	20743	3	200	4	93
25721	259	20545	20543	20741	2	198	4	93
25721	260	20546	20543	20745	3	202	4	93
25721	261	20545	20544	20742	1	198	4	93
25721	262	20545	20544	20742	1	198	4	93
25721	263	20545	20543	20742	2	199	5	93
25721	264	20545	20543	20743	2	200	4	93
25721	265	20545	20544	20742	1	198	4	93
25721	266	20548	20546	20746	2	200	4	93
25721	267	20545	20543	20743	2	200	4	93
25721	268	20548	20544	20747	4	203	4	93
25721	269	20545	20543	20742	2	199	5	93
25721	270	20546	20542	20745	4	203	5	93
25721	271	20545	20543	20743	2	200	4	93
25721	272	20545	20543	20743	2	200	4	93
25721	273	20545	20544	20742	1	198	4	93
25721	274	20546	20543	20743	3	200	4	93
25721	275	20546	20542	20743	4	201	5	93
25721	276	20545	20543	20742	2	199	5	93
25721	277	20545	20544	20742	1	198	4	93
25721	278	20547	20545	20744	2	199	4	93
25721	279	20546	20543	20744	3	201	4	93
25721	280	20545	20544	20742	1	198	4	93
25721	281	20546	20543	20745	3	202	4	93
25721	282	20544	20542	20741	2	199	5	93
25721	283	20544	20540	20743	4	203	5	93
25721	284	20545	20542	20742	3	200	4	93
25721	285	20546	20543	20741	3	198	4	93
25721	286	20546	20543	20743	3	200	4	93
25721	287	20545	20543	20743	2	200	4	93
25721	288	20546	20543	20745	3	202	4	93
25721	289	20548	20544	20746	4	202	4	93
25721	290	20545	20543	20743	2	200	4	93
25721	291	20545	20543	20741	2	198	4	93
25721	292	20546	20543	20745	3	202	4	93
25721	293	20545	20543	20743	2	200	4	93
25721	294	20545	20544	20742	1	198	4	93
25721	295	20545	20543	20741	2	198	4	93
25721	296	20545	20543	20742	2	199	5	93
25721	297	20545	20543	20743	2	200	4	93
25721	298	20545	20543	20741	2	198	4	93
25721	299	20546	20542	20746	4	204	5	93
25721	300	20546	20543	20743	3	200	4	93
25721	301	20545	20544	20742	1	198	4	93
25721	302	20546	20543	20741	3	198	4	93
25721	303	20546	20543	20743	3	200	4	93
25721	304	20546	20543	20744	3	201	4	93
25721	305	20545	20543	20743	2	200	4	93
25721	306	20545	20544	20742	1	198	4	93
25721	307	20545	20542	20743	3	201	5	93
25721	308	20545	20542	20743	3	201	5	93
25721	309	20546	20544	20742	2	198	4	93
25721	310	20547	20544	20745	3	201	4	93
25721	311	20544	20542	20742	2	200	4	93
25721	312	20544	20542	20742	2	200	4	93
25721	313	20545	20542	20743	3	201	5	93
25721	314	20546	20542	20745	4	203	5	93
25721	315	20545	20543	20743	2	200	4	93
25721	316	20545	20543	20743	2	200	4	93
25721	317	20545	20544	20742	1	198	4	93
25721	318	20545	20544	20742	1	198	4	93
25721	319	20546	20543	20743	3	200	4	93
25721	320	20548	20543	20747	5	204	5	93
25721	321	20545	20542	20743	3	201	5	93
25721	322	20546	20543	20743	3	200	4	93
25721	323	20545	20544	20742	1	198	4	93
25721	324	20545	20542	20743	3	201	5	93
25721	325	20546	20543	20745	3	202	4	93
25721	326	20545	20543	20743	2	200	4	93
25721	327	20545	20542	20743	3	201	5	93
25721	328	20546	20543	20745	3	202	4	93
25721	329	20545	20543	20743	2	200	4	93
25721	330	20546	20542	20743	4	201	5	93
25721	331	20547	20544	20745	3	201	4	93
25721	332	20545	20544	20742	1	198	4	93
25721	333	20545	20543	20742	2	199	5	93
25721	334	20545	20544	20742	1	198	4	93
25721	335	20546	20543	20745	3	202	4	93
25721	336	20545	20544	20742	1	198	4	93
25721	337	20545	20543	20743	2	200	4	93
25721	338	20546	20542	20745	4	203	5	93
25721	339	20544	20542	20742	2	200	4	93
25721	340	20543	20541	20741	2	200	4	93
25721	341	20547	20543	20744	4	201	4	93
25721	342	20545	20544	20742	1	198	4	93
25721	343	20546	20543	20745	3	202	4	93
25721	344	20545	20544	20742	1	198	4	93
25721	345	20546	20543	20745	3	202	4	93
25721	346	20545	20542	20743	3	201	5	93
25721	347	20545	20543	20741	2	198	4	93
25721	348	20546	20543	20743	3	200	4	93
25721	349	20545	20543	20743	2	200	4	93
25721	350	20546	20543	20743	3	200	4	93
25721	351	20545	20543	20742	2	199	5	93
25721	352	20545	20544	20743	1	199	4	93
25721	353	20546	20543	20743	3	200	4	93
25721	354	20546	20543	20743	3	200	4	93
25721	355	20545	20542	20743	3	201	5	93
25721	356	20545	20542	20743	3	201	5	93
25721	357	20545	20544	20742	1	198	4	93
25721	358	20545	20543	20742	2	199	5	93
25721	359	20545	20544	20742	1	198	4	93
25721	360	20545	20543	20743	2	200	4	93
25721	361	20546	20543	20745	3	202	4	93
25721	362	20547	20544	20745	3	201	4	93
25721	363	20545	20542	20741	3	199	5	93
25721	364	20545	20544	20742	1	198	4	93
25721	365	20545	20543	20743	2	200	4	93
25721	366	20546	20544	20744	2	200	4	93
25721	367	20544	20543	20741	1	198	4	93
25721	368	20544	20541	20741	3	200	4	93
25721	369	20544	20542	20741	2	199	5	93
25721	370	20545	20543	20743	2	200	4	93
25721	371	20545	20544	20742	1	198	4	93
25721	372	20545	20542	20743	3	201	5	93
25721	373	20545	20544	20743	1	199	4	93
25721	374	20546	20544	20742	2	198	4	93
25721	375	20546	20542	20741	4	199	5	93
25721	376	20546	20543	20743	3	200	4	93
25721	377	20545	20544	20742	1	198	4	93
25721	378	20545	20543	20743	2	200	4	93
25721	379	20546	20542	20745	4	203	5	93
25721	380	20545	20543	20743	2	200	4	93
25721	381	20545	20542	20743	3	201	5	93
25721	382	20545	20543	20743	2	200	4	93
25721	383	20548	20544	20745	4	201	4	93
25721	384	20545	20544	20742	1	198	4	93
25721	385	20545	20543	20743	2	200	4	93
25721	386	20545	20543	20743	2	200	4	93
25721	387	20546	20542	20743	4	201	5	93
25721	388	20545	20543	20741	2	198	4	93
25721	389	20546	20543	20743	3	200	4	93
25721	390	20546	20543	20743	3	200	4	93
25721	391	20545	20543	20743	2	200	4	93
25721	392	20546	20543	20745	3	202	4	93
25721	393	20545	20542	20741	3	199	5	93
25721	394	20546	20542	20743	4	201	5	93
25721	395	20544	20541	20742	3	201	5	93
25721	396	20543	20541	20741	2	200	4	93
25721	397	20545	20543	20743	2	200	4	93
25721	398	20546	20542	20745	4	203	5	93
25721	399	20546	20543	20743	3	200	4	93
25721	400	20546	20542	20743	4	201	5	93
25721	401	20546	20542	20745	4	203	5	93
25721	402	20545	20544	20742	1	198	4	93
25721	403	20546	20543	20745	3	202	4	93
25721	404	20547	20544	20745	3	201	4	93
25721	405	20546	20543	20745	3	202	4	93
25721	406	20545	20542	20743	3	201	5	93
25721	407	20546	20542	20745	4	203	5	93
25721	408	20545	20544	20742	1	198	4	93
25721	409	20546	20543	20743	3	200	4	93
25721	410	20545	20543	20743	2	200	4	93
25721	411	20545	20543	20743	2	200	4	93
25721	412	20546	20543	20744	3	201	4	93
25721	413	20545	20542	20743	3	201	5	93
25721	414	20545	20544	20742	1	198	4	93
25721	415	20546	20544	20744	2	200	4	93
25721	416	20546	20543	20743	3	200	4	93
25721	417	20545	20544	20742	1	198	4	93
25721	418	20546	20543	20743	3	200	4	93
25721	419	20545	20542	20743	3	201	5	93
25721	420	20545	20543	20742	2	199	5	93
25721	421	20545	20543	20743	2	200	4	93
25721	422	20544	20542	20740	2	198	4	93
25721	423	20545	20541	20744	4	203	5	93
25721	424	20545	20544	20742	1	198	4	93
25721	425	20545	20543	20744	2	201	4	93
25721	426	20545	20542	20743	3	201	5	93
25721	427	20546	20543	20743	3	200	4	93
25721	428	20545	20544	20742	1	198	4	93
25721	429	20545	20543	20741	2	198	4	93
25721	430	20546	20543	20745	3	202	4	93
25721	431	20545	20543	20742	2	199	5	93
25721	432	20545	20542	20741	3	199	5	93
25721	433	20545	20543	20743	2	200	4	93
25721	434	20546	20543	20741	3	198	4	93
25721	435	20547	20544	20743	3	199	4	93
25721	436	20545	20543	20743	2	200	4	93
25721	437	20545	20542	20743	3	201	5	93
25721	438	20546	20544	20744	2	200	4	93
25721	439	20545	20544	20742	1	198	4	93
25721	440	20546	20542	20743	4	201	5	93
25721	441	20546	20543	20741	3	198	4	93
25721	442	20545	20543	20743	2	200	4	93
25721	443	20545	20543	20742	2	199	5	93
25721	444	20545	20544	20742	1	198	4	93
25721	445	20545	20544	20742	1	198	4	93
25721	446	20545	20542	20743	3	201	5	93
25721	447	20545	20542	20743	3	201	5	93
25721	448	20545	20544	20742	1	198	4	93
25721	449	20545	20542	20743	3	201	5	93
25721	450	20544	20541	20743	3	202	4	93
25721	451	20545	20542	20743	3	201	5	93
25721	452	20545	20543	20741	2	198	4	93
25721	453	20545	20544	20742	1	198	4	93
25721	454	20545	20544	20742	1	198	4	93
25721	455	20545	20544	20742	1	198	4	93
25721	456	20547	20544	20745	3	201	4	93
25721	457	20546	20542	20743	4	201	5	93
25721	458	20545	20543	20743	2	200	4	93
25721	459	20545	20544	20742	1	198	4	93
25721	460	20545	20543	20743	2	200	4	93
25721	461	20545	20544	20742	1	198	4	93
25721	462	20545	20544	20742	1	198	4	93
25721	463	20545	20542	20741	3	199	5	93
25721	464	20545	20544	20742	1	198	4	93
25721	465	20545	20542	20740	3	198	4	93
25721	466	20546	20543	20745	3	202	5	93
25721	467	20545	20544	20742	1	198	4	93
25721	468	20545	20544	20742	1	198	4	93
25721	469	20546	20543	20744	3	201	5	93
25721	470	20545	20543	20743	2	200	4	93
25721	471	20545	20543	20741	2	198	4	93
25721	472	20545	20543	20741	2	198	4	93
25721	473	20545	20542	20743	3	201	5	93
25721	474	20546	20543	20744	3	201	5	93
25721	475	20545	20542	20744	3	202	4	93
25721	476	20543	20541	20741	2	200	4	93
25721	477	20547	20544	20743	3	199	4	93
25721	478	20545	20544	20742	1	198	4	93
25721	479	20546	20543	20745	3	202	4	93
25721	480	20545	20542	20743	3	201	5	93
25721	481	20546	20542	20743	4	201	5	93
25721	482	20545	20544	20742	1	198	4	93
25721	483	20546	20543	20745	3	202	4	93
25721	484	20546	20543	20745	3	202	4	93
25721	485	20545	20544	20742	1	198	4	93
25721	486	20546	20543	20743	3	200	4	93
25721	487	20545	20543	20746	2	203	4	93
25721	488	20545	20542	20743	3	201	5	93
25721	489	20546	20544	20743	2	199	4	93
25721	490	20546	20543	20745	3	202	4	93
25721	491	20545	20543	20742	2	199	5	93
25721	492	20546	20543	20745	3	202	4	93
25721	493	20545	20543	20743	2	200	4	93
25721	494	20545	20543	20742	2	199	5	93
25721	495	20546	20544	20744	2	200	4	93
25721	496	20545	20544	20742	1	198	4	93
25721	497	20546	20542	20743	4	201	5	93
25721	498	20545	20543	20746	2	203	4	93
25721	499	20545	20543	20743	2	200	4	93
25721	500	20545	20544	20742	1	198	4	93
25721	501	20545	20543	20743	2	200	4	93
25721	502	20545	20543	20741	2	198	4	93
25721	503	20545	20542	20742	3	200	4	93
25721	504	20544	20542	20740	2	198	4	93
25721	505	20546	20543	20745	3	202	4	93
25721	506	20545	20544	20742	1	198	4	93
25721	507	20546	20544	20742	2	198	4	93
25721	508	20547	20544	20745	3	201	4	93
25721	509	20545	20543	20743	2	200	4	93
25721	510	20545	20543	20743	2	200	4	93
25721	511	20545	20542	20743	3	201	5	93
25721	512	20546	20543	20745	3	202	4	93
25721	513	20546	20543	20743	3	200	4	93
25721	514	20545	20543	20741	2	198	4	93
25721	515	20545	20543	20741	2	198	4	93
25721	516	20545	20543	20743	2	200	4	93
25721	517	20545	20543	20743	2	200	4	93
25721	518	20546	20543	20743	3	200	4	93
25721	519	20545	20543	20743	2	200	4	93
25721	520	20545	20543	20743	2	200	4	93
25721	521	20546	20543	20743	3	200	4	93
25721	522	20545	20542	20743	3	201	5	93
25721	523	20546	20543	20744	3	201	5	93
25721	524	20546	20542	20745	4	203	5	93
25721	525	20545	20544	20742	1	198	4	93
25721	526	20546	20543	20745	3	202	4	93
25721	527	20545	20543	20743	2	200	4	93
25721	528	20545	20542	20741	3	199	5	93
25721	529	20546	20543	20743	3	200	5	93
25721	530	20543	20541	20740	2	199	5	93
25721	531	20544	20543	20741	1	198	4	93
25721	532	20545	20544	20742	1	198	4	93
25721	533	20545	20544	20742	1	198	4	93
25721	534	20545	20543	20743	2	200	4	93
25721	535	20545	20544	20742	1	198	4	93
25721	536	20545	20542	20741	3	199	5	93
25721	537	20545	20543	20743	2	200	4	93
25721	538	20545	20543	20743	2	200	4	93
25721	539	20545	20543	20745	2	202	4	93
25721	540	20546	20543	20744	3	201	4	93
25721	541	20546	20542	20743	4	201	5	93
25721	542	20545	20542	20743	3	201	5	93
25721	543	20546	20543	20745	3	202	4	93
25721	544	20546	20543	20745	3	202	4	93
25721	545	20545	20543	20743	2	200	4	93
25721	546	20545	20543	20743	2	200	4	93
25721	547	20545	20543	20743	2	200	4	93
25721	548	20545	20543	20742	2	199	5	93
25721	549	20546	20542	20743	4	201	5	93
25721	550	20547	20544	20745	3	201	4	93
25721	551	20546	20543	20745	3	202	4	93
25721	552	20545	20544	20742	1	198	4	93
25721	553	20545	20542	20743	3	201	5	93
25721	554	20546	20543	20741	3	198	4	93
25721	555	20545	20543	20743	2	200	4	93
25721	556	20545	20543	20743	2	200	4	93
25721	557	20545	20542	20742	3	200	4	93
25721	558	20544	20542	20742	2	200	4	93
25721	559	20545	20543	20743	2	200	4	93
25721	560	20547	20544	20745	3	201	4	93
25721	561	20546	20542	20744	4	202	5	93
25721	562	20545	20542	20743	3	201	5	93
25721	563	20546	20543	20745	3	202	4	93
25721	564	20545	20544	20742	1	198	4	93
25721	565	20545	20543	20743	2	200	4	93
25721	566	20546	20544	20744	2	200	4	93
25721	567	20545	20544	20742	1	198	4	93
25721	568	20545	20543	20743	2	200	4	93
25721	569	20546	20544	20742	2	198	4	93
25721	570	20545	20544	20742	1	198	4	93
25721	571	20545	20543	20743	2	200	4	93
25721	572	20545	20544	20742	1	198	4	93
25721	573	20545	20543	20742	2	199	5	93
25721	574	20546	20543	20742	3	199	5	93
25721	575	20545	20544	20742	1	198	4	93
25721	576	20545	20543	20743	2	200	4	93
25721	577	20545	20544	20742	1	198	4	93
25721	578	20545	20543	20743	2	200	4	93
25721	579	20545	20543	20743	2	200	4	93
25721	580	20546	20542	20745	4	203	5	93
25721	581	20547	20544	20745	3	201	4	93
25721	582	20546	20543	20745	3	202	4	93
25721	583	20545	20543	20743	2	200	4	93
25721	584	20543	20541	20741	2	200	4	93
25721	585	20544	20542	20742	2	200	4	93
25721	586	20545	20544	20742	1	198	4	93
25721	587	20546	20542	20743	4	201	5	93
25721	588	20545	20544	20742	1	198	4	93
25721	589	20546	20543	20743	3	200	4	93
25721	590	20546	20542	20745	4	203	5	93
25721	591	20545	20543	20743	2	200	4	93
25721	592	20546	20544	20742	2	198	4	93
25721	593	20545	20543	20742	2	199	5	93
25721	594	20546	20543	20743	3	200	4	93
25721	595	20546	20543	20745	3	202	4	93
25721	596	20545	20543	20743	2	200	4	93
25721	597	20546	20543	20745	3	202	4	93
25721	598	20546	20543	20745	3	202	4	93
25721	599	20545	20542	20743	3	201	5	93
25721	600	20546	20543	20742	3	199	5	93
25721	601	20545	20543	20741	2	198	4	93
25721	602	20547	20544	20745	3	201	4	93
25721	603	20545	20544	20742	1	198	4	93
25721	604	20545	20542	20743	3	201	5	93
25721	605	20545	20543	20742	2	199	5	93
25721	606	20545	20544	20742	1	198	4	93
25721	607	20545	20543	20743	2	200	4	93
25721	608	20545	20544	20742	1	198	4	93
25721	609	20546	20543	20743	3	200	4	93
25721	610	20544	20542	20742	2	200	4	93
25721	611	20544	20541	20742	3	201	5	93
25721	612	20547	20543	20743	4	200	5	93
25721	613	20545	20544	20742	1	198	4	93
25721	614	20545	20543	20743	2	200	4	93
25721	615	20546	20543	20745	3	202	4	93
25721	616	20545	20544	20742	1	198	4	93
25721	617	20546	20543	20743	3	200	4	93
25721	618	20547	20544	20745	3	201	5	93
25721	619	20545	20543	20743	2	200	4	93
25721	620	20545	20544	20742	1	198	4	93
25721	621	20545	20544	20742	1	198	4	93
25721	622	20545	20543	20743	2	200	4	93
25721	623	20546	20543	20742	3	199	5	93
25721	624	20545	20543	20743	2	200	4	93
25721	625	20545	20543	20742	2	199	5	93
25721	626	20546	20542	20745	4	203	5	93
25721	627	20545	20543	20743	2	200	4	93
25721	628	20545	20544	20742	1	198	4	93
25721	629	20545	20542	20743	3	201	5	93
25721	630	20544	20541	20740	3	199	5	93
25721	631	20544	20543	20741	1	198	4	93
25721	632	20545	20543	20743	2	200	4	93
25721	633	20546	20543	20745	3	202	4	93
25721	634	20545	20543	20743	2	200	4	93
25721	635	20545	20542	20743	3	201	5	93
25721	636	20545	20543	20741	2	198	4	93
25721	637	20546	20543	20743	3	200	4	93
25721	638	20545	20543	20746	2	203	4	93
25721	639	20546	20543	20743	3	200	4	93
25721	640	20546	20543	20743	3	200	4	93
25721	641	20546	20543	20743	3	200	4	93
25721	642	20545	20543	20743	2	200	4	93
25721	643	20545	20543	20742	2	199	5	93
25721	644	20546	20544	20742	2	198	4	93
25721	645	20545	20543	20743	2	200	4	93
25721	646	20546	20544	20744	2	200	4	93
25721	647	20545	20543	20741	2	198	4	93
25721	648	20548	20544	20745	4	201	4	93
25721	649	20546	20542	20745	4	203	5	93
25721	650	20545	20542	20743	3	201	5	93
25721	651	20545	20543	20741	2	198	4	93
25721	652	20549	20546	20745	3	199	4	93
25721	653	20665	20546	20863	119	317	5	94
25721	654	20546	20542	20743	4	201	5	93
25721	655	20545	20544	20742	1	198	4	93
25721	656	20545	20543	20741	2	198	4	93
25721	657	20544	20541	20742	3	201	5	93
25721	658	20545	20543	20742	2	199	4	93
25721	659	20545	20543	20743	2	200	4	93
25721	660	20545	20542	20743	3	201	5	93
25721	661	20546	20543	20745	3	202	4	93
25721	662	20545	20543	20743	2	200	4	93
25721	663	20545	20544	20742	1	198	4	93
25721	664	20545	20543	20743	2	200	4	93
25721	665	20545	20543	20743	2	200	4	93
25721	666	20545	20543	20743	2	200	4	93
25721	667	20546	20544	20742	2	198	4	93
25721	668	20545	20542	20743	3	201	5	93
25721	669	20546	20543	20745	3	202	4	93
25721	670	20545	20543	20743	2	200	4	93
25721	671	20545	20542	20743	3	201	5	93
25721	672	20546	20543	20744	3	201	4	93
25721	673	20546	20543	20743	3	200	4	93
25721	674	20545	20544	20742	1	198	4	93
25721	675	20546	20544	20742	2	198	4	93
25721	676	20545	20543	20743	2	200	4	93
25721	677	20546	20544	20742	2	198	4	93
25721	678	20545	20543	20743	2	200	4	93
25721	679	20548	20543	20743	5	200	5	93
25721	680	20546	20542	20743	4	201	5	93
25721	681	20545	20543	20743	2	200	4	93
25721	682	20545	20544	20742	1	198	4	93
25721	683	20546	20543	20743	3	200	4	93
25721	684	20543	20542	20740	1	198	4	93
25721	685	20544	20542	20741	2	199	5	93
25721	686	20545	20543	20742	2	199	5	93
25721	687	20545	20543	20741	2	198	4	93
25721	688	20545	20543	20743	2	200	4	93
25721	689	20546	20543	20745	3	202	4	93
25721	690	20546	20543	20745	3	202	4	93
25721	691	20545	20542	20742	3	200	6	93
25721	692	20545	20543	20742	2	199	5	93
25721	693	20545	20543	20743	2	200	4	93
25721	694	20545	20543	20743	2	200	4	93
25721	695	20548	20545	20746	3	201	5	93
25721	696	20545	20543	20743	2	200	4	93
25721	697	20545	20544	20742	1	198	4	93
25721	698	20545	20543	20742	2	199	5	93
25721	699	20545	20543	20743	2	200	4	93
25721	700	20547	20545	20744	2	199	4	93
25721	701	20545	20544	20742	1	198	4	93
25721	702	20546	20543	20741	3	198	4	93
25721	703	20545	20544	20742	1	198	4	93
25721	704	20545	20542	20743	3	201	5	93
25721	705	20546	20542	20745	4	203	5	93
25721	706	20546	20543	20745	3	202	4	93
25721	707	20546	20543	20743	3	200	4	93
25721	708	20546	20543	20741	3	198	4	93
25721	709	20545	20543	20743	2	200	4	93
25721	710	20547	20543	20744	4	201	5	93
25721	711	20544	20543	20741	1	198	4	93
25721	712	20545	20543	20741	2	198	4	93
25721	713	20546	20543	20745	3	202	4	93
25721	714	20545	20543	20743	2	200	4	93
25721	715	20546	20543	20745	3	202	4	93
25721	716	20545	20543	20743	2	200	4	93
25721	717	20545	20543	20743	2	200	4	93
25721	718	20545	20543	20741	2	198	4	93
25721	719	20545	20542	20743	3	201	5	93
25721	720	20546	20543	20745	3	202	4	93
25721	721	20545	20544	20742	1	198	4	93
25721	722	20545	20542	20741	3	199	5	93
25721	723	20545	20544	20742	1	198	4	93
25721	724	20545	20542	20743	3	201	5	93
25721	725	20545	20544	20742	1	198	4	93
25721	726	20546	20543	20745	3	202	4	93
25721	727	20546	20543	20743	3	200	4	93
25721	728	20545	20544	20742	1	198	4	93
25721	729	20546	20542	20744	4	202	5	93
25721	730	20546	20543	20743	3	200	4	93
25721	731	20548	20544	20743	4	199	4	93
25721	732	20545	20544	20742	1	198	4	93
25721	733	20545	20543	20743	2	200	4	93
25721	734	20545	20543	20743	2	200	4	93
25721	735	20545	20544	20742	1	198	4	93
25721	736	20546	20542	20745	4	203	5	93
25721	737	20544	20543	20741	1	198	4	93
25721	738	20544	20541	20743	3	202	4	93
25721	739	20545	20542	20744	3	202	4	93
25721	740	20545	20544	20742	1	198	4	93
25721	741	20545	20544	20742	1	198	4	93
25721	742	20545	20542	20741	3	199	5	93
25721	743	20545	20544	20742	1	198	4	93
25721	744	20545	20543	20743	2	200	4	93
25721	745	20545	20543	20743	2	200	4	93
25721	746	20546	20543	20744	3	201	4	93
25721	747	20545	20543	20741	2	198	4	93
25721	748	20546	20542	20742	4	200	5	93
25721	749	20545	20543	20742	2	199	5	93
25721	750	20545	20542	20743	3	201	5	93
25721	751	20545	20544	20742	1	198	4	93
25721	752	20548	20544	20747	4	203	4	93
25721	753	20546	20543	20743	3	200	4	93
25721	754	20545	20543	20743	2	200	4	93
25721	755	20545	20544	20742	1	198	4	93
25721	756	20545	20543	20743	2	200	4	93
25721	757	20546	20542	20745	4	203	5	93
25721	758	20545	20542	20743	3	201	5	93
25721	759	20545	20543	20743	2	200	4	93
25721	760	20545	20544	20742	1	198	4	93
25721	761	20545	20543	20743	2	200	4	93
25721	762	20546	20543	20743	3	200	4	93
25721	763	20548	20544	20745	4	201	4	93
25721	764	20545	20542	20743	3	201	5	93
25721	765	20544	20542	20742	2	200	4	93
25721	766	20544	20542	20740	2	198	4	93
25721	767	20545	20542	20743	3	201	5	93
25721	768	20546	20542	20743	4	201	5	93
25721	769	20545	20544	20742	1	198	4	93
25721	770	20545	20543	20743	2	200	4	93
25721	771	20545	20543	20741	2	198	4	93
25721	772	20546	20544	20742	2	198	4	93
25721	773	20545	20544	20745	1	201	4	93
25721	774	20545	20544	20742	1	198	4	93
25721	775	20545	20543	20743	2	200	4	93
25721	776	20546	20543	20743	3	200	4	93
25721	777	20546	20543	20745	3	202	4	93
25721	778	20545	20544	20742	1	198	4	93
25721	779	20546	20543	20741	3	198	4	93
25721	780	20545	20543	20742	2	199	5	93
25721	781	20546	20542	20744	4	202	5	93
25721	782	20546	20543	20743	3	200	4	93
25721	783	20545	20543	20742	2	199	5	93
25721	784	20547	20544	20743	3	199	4	93
25721	785	20545	20544	20742	1	198	4	93
25721	786	20545	20544	20742	1	198	4	93
25721	787	20545	20544	20742	1	198	4	93
25721	788	20546	20543	20745	3	202	4	93
25721	789	20545	20543	20742	2	199	5	93
25721	790	20545	20544	20742	1	198	4	93
25721	791	20545	20543	20743	2	200	4	93
25721	792	20544	20542	20740	2	198	4	93
25721	793	20544	20542	20741	2	199	5	93
25721	794	20547	20543	20746	4	203	4	93
25721	795	20546	20543	20745	3	202	4	93
25721	796	20546	20542	20743	4	201	5	93
25721	797	20545	20544	20742	1	198	4	93
25721	798	20545	20543	20743	2	200	4	93
25721	799	20545	20542	20743	3	201	5	93
25721	800	20545	20544	20742	1	198	4	93
25721	801	20545	20544	20742	1	198	4	93
25721	802	20545	20542	20743	3	201	5	93
25721	803	20545	20543	20743	2	200	4	93
25721	804	20545	20542	20741	3	199	5	93
25721	805	20545	20543	20741	2	198	4	93
25721	806	20546	20543	20744	3	201	4	93
25721	807	20545	20542	20743	3	201	5	93
25721	808	20545	20544	20742	1	198	4	93
25721	809	20545	20543	20743	2	200	4	93
25721	810	20546	20543	20745	3	202	4	93
25721	811	20546	20543	20743	3	200	4	93
25721	812	20545	20544	20742	1	198	4	93
25721	813	20545	20543	20741	2	198	4	93
25721	814	20545	20544	20742	1	198	4	93
25721	815	20545	20543	20741	2	198	4	93
25721	816	20546	20543	20745	3	202	4	93
25721	817	20545	20543	20743	2	200	4	93
25721	818	20546	20542	20744	4	202	5	93
25721	819	20545	20543	20743	2	200	4	93
25721	820	20545	20542	20742	3	200	4	93
25721	821	20545	20543	20742	2	199	5	93
25721	822	20545	20543	20741	2	198	4	93
25721	823	20544	20543	20741	1	198	4	93
25721	824	20545	20543	20743	2	200	4	93
25721	825	20547	20544	20743	3	199	4	93
25721	826	20545	20543	20743	2	200	4	93
25721	827	20545	20543	20743	2	200	4	93
25721	828	20545	20544	20742	1	198	4	93
25721	829	20545	20542	20743	3	201	5	93
25721	830	20546	20543	20743	3	200	4	93
25721	831	20545	20543	20741	2	198	4	93
25721	832	20545	20544	20742	1	198	4	93
25721	833	20545	20543	20743	2	200	4	93
25721	834	20545	20543	20742	2	199	5	93
25721	835	20546	20543	20742	3	199	4	93
25721	836	20545	20544	20742	1	198	4	93
25721	837	20546	20543	20741	3	198	4	93
25721	838	20546	20543	20743	3	200	4	93
25721	839	20546	20543	20743	3	200	4	93
25721	840	20545	20542	20743	3	201	5	93
25721	841	20546	20542	20745	4	203	5	93
25721	842	20546	20543	20743	3	200	4	93
25721	843	20545	20543	20743	2	200	4	93
25721	844	20545	20543	20741	2	198	4	93
25721	845	20546	20544	20744	2	200	4	93
25721	846	20547	20543	20745	4	202	5	93
25721	847	20545	20544	20742	1	198	4	93
25721	848	20545	20543	20743	2	200	4	93
25721	849	20546	20543	20743	3	200	4	93
25721	850	20546	20543	20745	3	202	4	93
25721	851	20545	20542	20744	3	202	4	93
25721	852	20544	20543	20741	1	198	4	93
25721	853	20545	20543	20743	2	200	4	93
25721	854	20546	20543	20743	3	200	4	93
25721	855	20545	20544	20742	1	198	4	93
25721	856	20546	20544	20742	2	198	4	93
25721	857	20546	20543	20744	3	201	4	93
25721	858	20545	20543	20743	2	200	4	93
25721	859	20546	20543	20742	3	199	5	93
25721	860	20545	20543	20742	2	199	5	93
25721	861	20545	20543	20743	2	200	4	93
25721	862	20545	20544	20742	1	198	4	93
25721	863	20545	20544	20742	1	198	4	93
25721	864	20545	20543	20743	2	200	4	93
25721	865	20545	20542	20743	3	201	5	93
25721	866	20546	20542	20743	4	201	5	93
25721	867	20547	20544	20743	3	199	4	93
25721	868	20546	20543	20743	3	200	4	93
25721	869	20546	20543	20745	3	202	4	93
25721	870	20545	20544	20742	1	198	4	93
25721	871	20545	20543	20743	2	200	4	93
25721	872	20546	20543	20742	3	199	5	93
25721	873	20546	20543	20743	3	200	4	93
25721	874	20545	20543	20741	2	198	4	93
25721	875	20545	20544	20742	1	198	4	93
25721	876	20546	20543	20745	3	202	4	93
25721	877	20547	20544	20745	3	201	4	93
25721	878	20546	20544	20743	2	199	5	93
25721	879	20545	20542	20743	3	201	5	93
25721	880	20548	20543	20745	5	202	6	93
25721	881	20545	20543	20743	2	200	4	93
25721	882	20543	20542	20740	1	198	4	93
25721	883	20545	20543	20743	2	200	4	93
25721	884	20545	20543	20743	2	200	4	93
25721	885	20546	20543	20743	3	200	4	93
25721	886	20545	20543	20742	2	199	5	93
25721	887	20545	20543	20743	2	200	4	93
25721	888	20545	20543	20744	2	201	4	93
25721	889	20546	20543	20745	3	202	4	93
25721	890	20546	20543	20743	3	200	4	93
25721	891	20545	20544	20742	1	198	4	93
25721	892	20546	20543	20745	3	202	4	93
25721	893	20545	20543	20743	2	200	4	93
25721	894	20546	20543	20743	3	200	4	93
25721	895	20546	20543	20743	3	200	4	93
25721	896	20545	20544	20742	1	198	4	93
25721	897	20545	20543	20743	2	200	4	93
25721	898	20548	20544	20745	4	201	4	93
25721	899	20545	20543	20743	2	200	4	93
25721	900	20545	20543	20743	2	200	4	93
25721	901	20545	20544	20742	1	198	4	93
25721	902	20545	20543	20743	2	200	4	93
25721	903	20546	20543	20743	3	200	4	93
25721	904	20546	20542	20745	4	203	5	93
25721	905	20545	20543	20742	2	199	5	93
25721	906	20546	20544	20744	2	200	4	93
25721	907	20545	20544	20742	1	198	4	93
25721	908	20545	20543	20742	2	199	4	93
25721	909	20548	20544	20747	4	203	4	93
25721	910	20545	20542	20743	3	201	5	93
25721	911	20545	20542	20743	3	201	5	93
25721	912	20545	20544	20742	1	198	4	93
25721	913	20545	20542	20740	3	198	4	93
25721	914	20545	20542	20744	3	202	4	93
25721	915	20545	20543	20741	2	198	4	93
25721	916	20545	20543	20741	2	198	4	93
25721	917	20545	20543	20743	2	200	4	93
25721	918	20545	20543	20743	2	200	4	93
25721	919	20547	20543	20745	4	202	5	93
25721	920	20545	20543	20743	2	200	4	93
25721	921	20545	20544	20742	1	198	4	93
25721	922	20545	20543	20742	2	199	5	93
25721	923	20545	20543	20743	2	200	4	93
25721	924	20546	20543	20741	3	198	4	93
25721	925	20545	20542	20743	3	201	5	93
25721	926	20546	20543	20745	3	202	4	93
25721	927	20546	20542	20743	4	201	5	93
25721	928	20545	20542	20743	3	201	5	93
25721	929	20545	20544	20742	1	198	4	93
25721	930	20545	20543	20742	2	199	4	93
25721	931	20545	20543	20743	2	200	4	93
25721	932	20546	20543	20743	3	200	4	93
25721	933	20545	20544	20742	1	198	4	93
25721	934	20545	20543	20743	2	200	4	93
25721	935	20546	20543	20743	3	200	4	93
25721	936	20545	20542	20743	3	201	5	93
25721	937	20545	20544	20742	1	198	4	93
25721	938	20546	20543	20743	3	200	4	93
25721	939	20546	20543	20741	3	198	4	93
25721	940	20548	20544	20746	4	202	4	93
25721	941	20545	20543	20743	2	200	4	93
25721	942	20545	20543	20742	2	199	5	93
25721	943	20545	20542	20743	3	201	5	93
25721	944	20545	20543	20743	2	200	4	93
25721	945	20545	20544	20742	1	198	4	93
25721	946	20544	20543	20741	1	198	4	93
25721	947	20544	20541	20743	3	202	4	93
25721	948	20545	20543	20741	2	198	4	93
25721	949	20546	20544	20744	2	200	4	93
25721	950	20545	20542	20742	3	200	5	93
25721	951	20545	20543	20743	2	200	4	93
25721	952	20545	20544	20742	1	198	4	93
25721	953	20548	20546	20744	2	198	4	93
25721	954	20545	20543	20743	2	200	4	93
25721	955	20545	20543	20742	2	199	5	93
25721	956	20545	20543	20743	2	200	4	93
25721	957	20545	20543	20743	2	200	4	93
25721	958	20546	20543	20745	3	202	4	93
25721	959	20545	20543	20743	2	200	4	93
25721	960	20545	20542	20743	3	201	5	93
25721	961	20548	20544	20745	4	201	4	93
25721	962	20546	20543	20743	3	200	4	93
25721	963	20546	20543	20743	3	200	4	93
25721	964	20545	20542	20743	3	201	5	93
25721	965	20545	20544	20742	1	198	4	93
25721	966	20545	20544	20742	1	198	4	93
25721	967	20545	20542	20743	3	201	5	93
25721	968	20545	20543	20743	2	200	4	93
25721	969	20545	20544	20742	1	198	4	93
25721	970	20545	20542	20743	3	201	5	93
25721	971	20545	20543	20743	2	200	4	93
25721	972	20545	20542	20743	3	201	5	93
25721	973	20545	20542	20743	3	201	5	93
25721	974	20545	20543	20743	2	200	4	93
25721	975	20546	20543	20743	3	200	4	93
25721	976	20546	20543	20745	3	202	4	93
25721	977	20545	20544	20742	1	198	4	93
25721	978	20544	20542	20740	2	198	4	93
25721	979	20545	20542	20743	3	201	5	93
25721	980	20545	20543	20743	2	200	4	93
25721	981	20545	20544	20742	1	198	4	93
25721	982	20547	20544	20745	3	201	4	93
25721	983	20545	20543	20742	2	199	5	93
25721	984	20546	20543	20745	3	202	4	93
25721	985	20546	20542	20743	4	201	5	93
25721	986	20545	20542	20743	3	201	5	93
25721	987	20545	20543	20743	2	200	4	93
25721	988	20545	20543	20743	2	200	4	93
25721	989	20546	20543	20743	3	200	4	93
25721	990	20546	20543	20741	3	198	4	93
25721	991	20545	20544	20742	1	198	4	93
25721	992	20545	20542	20745	3	203	5	93
25721	993	20545	20543	20743	2	200	4	93
25721	994	20545	20543	20743	2	200	4	93
25721	995	20546	20543	20742	3	199	4	93
25721	996	20545	20543	20743	2	200	4	93
25721	997	20545	20544	20742	1	198	4	93
25721	998	20545	20542	20743	3	201	5	93
25721	999	20545	20542	20743	3	201	5	93
25721	1000	20546	20543	20745	3	202	4	93
