ALGRUNID	ITERNUM	U_TIME	S_TIME	PRTIME	ALL_U_TIME	ALL_S_TIME	ALL_MIN_FLT	ALL_MAJ_FLT	ALL_NIVCSW	ALL_NVCSW	ALL_CPU_COUNT	ALL_CPU_DELAY	ALL_BLKIO_COUNT	ALL_SWAPIN_COUNT	ALL_SWAPIN_DELAY	ALL_FREEPGS_COUNT	ALL_FREEPGS_DELAY	ALL_READ_BYTES	ALL_READ_CHAR	ALL_READ_SYSCALLS	ALL_WRITE_BYTES	ALL_WRITE_CHAR	ALL_WRITE_SYSCALLS
19260	1	48102	1	48103	194	10	2	0	0	0	0	0	0	0	0	0	0	0	0	0	12288	0	0
19260	2	48103	1	48104	196	7	2	0	0	0	0	0	0	0	0	0	0	0	0	0	12288	0	0
19260	3	48093	3	48096	196	8	2	0	0	0	0	0	0	0	0	0	0	0	0	0	12288	0	0
19260	4	48104	0	48104	192	10	0	0	0	0	0	0	0	0	0	0	0	0	0	3	12288	0	0
19260	5	48102	1	48103	196	9	2	0	0	0	0	0	0	0	0	0	0	0	0	0	12288	0	0
19260	6	48100	1	48101	194	10	0	0	0	0	0	0	0	0	0	0	0	0	0	0	12288	0	0
19260	7	48096	2	48098	192	11	6	0	0	0	0	0	0	0	0	0	0	0	0	0	12288	0	0
19260	8	48102	2	48104	192	10	6	0	0	0	0	0	0	0	0	0	0	0	0	0	12288	0	0
19260	9	48101	4	48105	192	9	2	0	0	0	0	0	0	0	0	0	0	0	0	0	12288	0	0
19260	10	48101	0	48101	196	7	2	0	0	0	0	0	0	0	0	0	0	0	0	3	12288	0	0
19260	11	48100	1	48101	192	12	2	0	0	0	0	0	0	0	0	0	0	0	0	0	12288	0	0
19260	12	48097	5	48102	188	15	2	0	0	0	0	0	0	0	0	0	0	0	0	0	12288	0	0
19260	13	48103	2	48105	188	15	0	0	0	0	0	0	0	0	0	0	0	0	0	0	12288	0	0
19260	14	48098	0	48098	196	6	2	0	0	0	0	0	0	0	0	0	0	0	0	0	12288	0	0
19260	15	48103	0	48103	194	8	0	0	0	0	0	0	0	0	0	0	0	0	0	0	12288	0	0
19260	16	48103	0	48103	192	12	6	0	0	0	0	0	0	0	0	0	0	0	0	0	12288	0	0
19260	17	48101	2	48103	196	6	6	0	0	0	0	0	0	0	0	0	0	0	0	3	12288	0	0
19260	18	48103	1	48104	190	11	2	0	0	0	0	0	0	0	0	0	0	0	0	0	12288	0	0
19260	19	48100	2	48102	194	9	2	0	0	0	0	0	0	0	0	0	0	0	0	0	12288	0	0
19260	20	48103	0	48103	194	8	2	0	0	0	0	0	0	0	0	0	0	0	0	0	12288	0	0
19260	21	48104	0	48104	196	7	2	0	0	0	0	0	0	0	0	0	0	0	0	0	12288	0	0
19260	22	48100	2	48102	192	10	0	0	0	0	0	0	0	0	0	0	0	0	0	0	12288	0	0
19260	23	48097	1	48098	196	8	2	0	0	0	0	0	0	0	0	0	0	0	0	3	12288	0	0
19260	24	48100	4	48104	189	13	0	0	0	0	0	0	0	0	0	0	0	0	0	0	12288	0	0
19260	25	48101	2	48103	194	8	6	0	0	0	0	0	0	0	0	0	0	0	0	0	12288	0	0
19260	26	48099	2	48101	192	10	6	0	0	0	0	0	0	0	0	0	0	0	0	0	12288	0	0
19260	27	48103	1	48104	194	9	2	0	0	0	0	0	0	0	0	0	0	0	0	0	12288	0	0
19260	28	48099	1	48100	194	13	2	0	0	0	0	0	0	0	0	0	0	0	0	0	12288	0	0
19260	29	48103	4	48107	192	9	2	0	0	0	0	0	0	0	0	0	0	0	0	3	28672	0	0
19260	30	48102	1	48103	198	6	2	0	0	0	0	0	0	0	0	0	0	0	0	0	12288	0	0
19260	31	48103	1	48104	194	8	0	0	0	0	0	0	0	0	0	0	0	0	0	0	28672	0	0
19260	32	48093	3	48096	198	4	2	0	0	0	0	0	0	0	0	0	0	0	0	0	12288	0	0
19260	33	48104	1	48105	192	9	0	0	0	0	0	0	0	0	0	0	0	0	0	0	12288	0	0
19260	34	48101	1	48102	192	13	6	0	0	0	0	0	0	0	0	0	0	0	0	0	12288	0	0
19260	35	48103	1	48104	192	11	6	0	0	0	0	0	0	0	0	0	0	0	0	3	12288	0	0
19260	36	48104	0	48104	194	8	2	0	0	0	0	0	0	0	0	0	0	0	0	0	12288	0	0
19260	37	48102	1	48103	194	10	2	0	0	0	0	0	0	0	0	0	0	0	0	0	12288	0	0
19260	38	48098	0	48098	194	9	2	0	0	0	0	0	0	0	0	0	0	0	0	0	12288	0	0
19260	39	48102	0	48102	192	12	2	0	0	0	0	0	0	0	0	0	0	0	0	0	12288	0	0
19260	40	48103	0	48103	196	8	0	0	0	0	0	0	0	0	0	0	0	0	0	0	12288	0	0
19260	41	48104	1	48105	190	11	2	0	0	0	0	0	0	0	0	0	0	0	0	3	12288	0	0
19260	42	48098	1	48099	190	14	0	0	0	0	0	0	0	0	0	0	0	0	0	0	12288	0	0
19260	43	48103	0	48103	192	12	6	0	0	0	0	0	0	0	0	0	0	0	0	0	12288	0	0
19260	44	48100	3	48103	194	10	6	0	0	0	0	0	0	0	0	0	0	0	0	0	12288	0	0
19260	45	48102	2	48104	192	10	2	0	0	0	0	0	0	0	0	0	0	0	0	0	12288	0	0
19260	46	48098	2	48100	194	10	2	0	0	0	0	0	0	0	0	0	0	0	0	0	12288	0	0
19260	47	48101	2	48103	194	9	2	0	0	0	0	0	0	0	0	0	0	0	0	3	12288	0	0
19260	48	48102	3	48105	194	6	2	0	0	0	0	0	0	0	0	0	0	0	0	0	12288	0	0
19260	49	48103	2	48105	194	9	0	0	0	0	0	0	0	0	0	0	0	0	0	0	12288	0	0
19260	50	48100	3	48103	194	8	2	0	0	0	0	0	0	0	0	0	0	0	0	0	12288	0	0
19260	51	48100	1	48101	194	7	0	0	0	0	0	0	0	0	0	0	0	0	0	0	12288	0	0
19260	52	48104	0	48104	194	6	6	0	0	0	0	0	0	0	0	0	0	0	0	0	12288	0	0
19260	53	48104	0	48104	192	9	6	0	0	0	0	0	0	0	0	0	0	0	0	0	12288	0	0
19260	54	48101	3	48104	194	10	3	0	0	0	0	0	0	0	0	0	0	0	0	3	49152	7	0
19260	55	48098	3	48101	194	8	2	0	0	0	0	0	0	0	0	0	0	0	0	0	12288	0	0
19260	56	48104	0	48104	192	10	2	0	0	0	0	0	0	0	0	0	0	0	0	0	12288	0	0
19260	57	48103	0	48103	196	8	2	0	0	0	0	0	0	0	0	0	0	0	0	0	12288	0	0
19260	58	48099	2	48101	194	8	0	0	0	0	0	0	0	0	0	0	0	0	0	0	12288	0	0
19260	59	48097	3	48100	192	12	2	0	0	0	0	0	0	0	0	0	0	0	0	0	12288	0	0
19260	60	48100	2	48102	194	11	0	0	0	0	0	0	0	0	0	0	0	0	0	3	12288	0	0
19260	61	48101	1	48102	198	7	6	0	0	0	0	0	0	0	0	0	0	0	0	0	12288	0	0
19260	62	48097	4	48101	194	8	6	0	0	0	0	0	0	0	0	0	0	0	0	0	12288	0	0
19260	63	48101	3	48104	194	7	2	0	0	0	0	0	0	0	0	0	0	0	0	0	12288	0	0
19260	64	48104	1	48105	196	7	2	0	0	0	0	0	0	0	0	0	0	0	0	0	12288	0	0
19260	65	48104	0	48104	190	12	2	0	0	0	0	0	0	0	0	0	0	0	0	0	12288	0	0
19260	66	48097	1	48098	196	7	2	0	0	0	0	0	0	0	0	0	0	0	0	3	12288	0	0
19260	67	48103	0	48103	194	9	0	0	0	0	0	0	0	0	0	0	0	0	0	0	12288	0	0
19260	68	48103	0	48103	192	12	2	0	0	0	0	0	0	0	0	0	0	0	0	0	12288	0	0
19260	69	48104	1	48105	188	13	0	0	0	0	0	0	0	0	0	0	0	0	0	0	12288	0	0
19260	70	48097	1	48098	190	13	6	0	0	0	0	0	0	0	0	0	0	0	0	0	12288	0	0
19260	71	48104	0	48104	194	9	6	0	0	0	0	0	0	0	0	0	0	0	0	0	12288	0	0
19260	72	48102	0	48102	192	10	2	0	0	0	0	0	0	0	0	0	0	0	0	3	12288	0	0
19260	73	48102	2	48104	198	5	2	0	0	0	0	0	0	0	0	0	0	0	0	0	12288	0	0
19260	74	48094	3	48097	198	6	2	0	0	0	0	0	0	0	0	0	0	0	0	0	12288	0	0
19260	75	48101	2	48103	190	13	2	0	0	0	0	0	0	0	0	0	0	0	0	0	12288	0	0
19260	76	48104	1	48105	194	7	0	0	0	0	0	0	0	0	0	0	0	0	0	0	12288	0	0
19260	77	48100	4	48104	194	10	2	0	0	0	0	0	0	0	0	0	0	0	0	0	12288	0	0
19260	78	48093	4	48097	194	8	0	0	0	0	0	0	0	0	0	0	0	0	0	3	12288	0	0
19260	79	48102	2	48104	192	10	6	0	0	0	0	0	0	0	0	0	0	0	0	0	12288	0	0
19260	80	48103	1	48104	196	8	6	0	0	0	0	0	0	0	0	0	0	0	0	0	12288	0	0
19260	81	48099	0	48099	190	13	2	0	0	0	0	0	0	0	0	0	0	0	0	0	12288	0	0
19260	82	48104	1	48105	192	10	2	0	0	0	0	0	0	0	0	0	0	0	0	0	12288	0	0
19260	83	48105	0	48105	196	8	2	0	0	0	0	0	0	0	0	0	0	0	0	0	12288	0	0
19260	84	48098	1	48099	192	9	2	0	0	0	0	0	0	0	0	0	0	0	0	0	12288	0	0
19260	85	48103	1	48104	192	11	0	0	0	0	0	0	0	0	0	0	0	0	0	3	12288	0	0
19260	86	48099	2	48101	196	7	2	0	0	0	0	0	0	0	0	0	0	0	0	0	12288	0	0
19260	87	48102	3	48105	194	8	0	0	0	0	0	0	0	0	0	0	0	0	0	0	12288	0	0
19260	88	48105	0	48105	192	10	6	0	0	0	0	0	0	0	0	0	0	0	0	0	12288	0	0
19260	89	48099	0	48099	196	6	6	0	0	0	0	0	0	0	0	0	0	0	0	0	12288	0	0
19260	90	48105	1	48106	194	7	2	0	0	0	0	0	0	0	0	0	0	0	0	0	12288	0	0
19260	91	48102	1	48103	192	11	2	0	0	0	0	0	0	0	0	0	0	0	0	3	12288	0	0
19260	92	48096	2	48098	196	8	2	0	0	0	0	0	0	0	0	0	0	0	0	0	12288	0	0
19260	93	48102	3	48105	194	8	2	0	0	0	0	0	0	0	0	0	0	0	0	0	12288	0	0
19260	94	48101	4	48105	198	6	0	0	0	0	0	0	0	0	0	0	0	0	0	0	12288	0	0
19260	95	48097	2	48099	194	7	2	0	0	0	0	0	0	0	0	0	0	0	0	0	12288	0	0
19260	96	48103	2	48105	189	15	0	0	0	0	0	0	0	0	0	0	0	0	0	0	12288	0	0
19260	97	48105	1	48106	194	10	6	0	0	0	0	0	0	0	0	0	0	0	0	3	12288	0	0
19260	98	48099	0	48099	190	10	6	0	0	0	0	0	0	0	0	0	0	0	0	0	12288	0	0
19260	99	48103	1	48104	209	18	1482	0	0	0	0	0	0	0	0	0	0	0	14772	26	16384	0	0
19260	100	48106	0	48106	192	9	2	0	0	0	0	0	0	0	0	0	0	0	0	0	12288	0	0
19260	101	48098	0	48098	194	9	2	0	0	0	0	0	0	0	0	0	0	0	0	0	12288	0	0
19260	102	48104	1	48105	194	9	2	0	0	0	0	0	0	0	0	0	0	0	0	0	12288	0	0
19260	103	48103	0	48103	188	14	0	0	0	0	0	0	0	0	0	0	0	0	0	3	12288	0	0
19260	104	48099	3	48102	190	12	2	0	0	0	0	0	0	0	0	0	0	0	0	0	12288	0	0
19260	105	48102	3	48105	196	7	0	0	0	0	0	0	0	0	0	0	0	0	0	0	12288	0	0
19260	106	48097	2	48099	192	12	6	0	0	0	0	0	0	0	0	0	0	0	0	0	12288	0	0
19260	107	48103	3	48106	190	11	6	0	0	0	0	0	0	0	0	0	0	0	0	0	12288	0	0
19260	108	48106	0	48106	192	10	2	0	0	0	0	0	0	0	0	0	0	0	0	0	28672	0	0
19260	109	48100	0	48100	192	9	2	0	0	0	0	0	0	0	0	0	0	0	0	3	12288	0	0
19260	110	48104	1	48105	190	12	2	0	0	0	0	0	0	0	0	0	0	0	0	0	12288	0	0
19260	111	48101	2	48103	194	9	2	0	0	0	0	0	0	0	0	0	0	0	0	0	12288	0	0
19260	112	48097	2	48099	192	11	0	0	0	0	0	0	0	0	0	0	0	0	0	0	12288	0	0
19260	113	48103	1	48104	194	8	2	0	0	0	0	0	0	0	0	0	0	0	0	0	12288	0	0
19260	114	48102	3	48105	188	14	0	0	0	0	0	0	0	0	0	0	0	0	0	0	12288	0	0
19260	115	48093	4	48097	194	9	6	0	0	0	0	0	0	0	0	0	0	0	0	0	12288	0	0
19260	116	48101	3	48104	194	10	6	0	0	0	0	0	0	0	0	0	0	0	0	3	12288	0	0
19260	117	48102	3	48105	190	12	2	0	0	0	0	0	0	0	0	0	0	0	0	0	12288	0	0
19260	118	48095	4	48099	194	7	2	0	0	0	0	0	0	0	0	0	0	0	0	0	12288	0	0
19260	119	48105	1	48106	194	7	2	0	0	0	0	0	0	0	0	0	0	0	0	0	12288	0	0
19260	120	48105	0	48105	186	16	2	0	0	0	0	0	0	0	0	0	0	0	0	0	12288	0	0
19260	121	48101	0	48101	192	9	0	0	0	0	0	0	0	0	0	0	0	0	0	0	12288	0	0
19260	122	48100	1	48101	196	8	2	0	0	0	0	0	0	0	0	0	0	0	0	3	12288	0	0
19260	123	48106	1	48107	190	12	0	0	0	0	0	0	0	0	0	0	0	0	0	0	12288	0	0
19260	124	48099	1	48100	192	10	6	0	0	0	0	0	0	0	0	0	0	0	0	0	12288	0	0
19260	125	48097	3	48100	190	14	6	0	0	0	0	0	0	0	0	0	0	0	0	0	12288	0	0
19260	126	48106	1	48107	190	11	2	0	0	0	0	0	0	0	0	0	0	0	0	0	12288	0	0
19260	127	48097	4	48101	192	9	2	0	0	0	0	0	0	0	0	0	0	0	0	0	12288	0	0
19260	128	48101	4	48105	196	7	3	0	0	0	0	0	0	0	0	0	0	0	0	3	49152	7	0
19260	129	48105	2	48107	194	9	2	0	0	0	0	0	0	0	0	0	0	0	0	0	12288	0	0
19260	130	48099	1	48100	194	8	2	0	0	0	0	0	0	0	0	0	0	0	0	0	12288	0	0
19260	131	48099	1	48100	190	10	2	0	0	0	0	0	0	0	0	0	0	0	0	0	12288	0	0
19260	132	48105	1	48106	194	8	0	0	0	0	0	0	0	0	0	0	0	0	0	0	12288	0	0
19260	133	48100	0	48100	194	10	4	0	0	0	0	0	0	0	0	0	0	0	0	0	12288	0	0
19260	134	48099	2	48101	192	10	6	0	0	0	0	0	0	0	0	0	0	0	0	3	12288	0	0
19260	135	48105	1	48106	190	14	2	0	0	0	0	0	0	0	0	0	0	0	0	0	12288	0	0
19260	136	48100	1	48101	192	11	2	0	0	0	0	0	0	0	0	0	0	0	0	0	12288	0	0
19260	137	48103	1	48104	196	6	2	0	0	0	0	0	0	0	0	0	0	0	0	0	12288	0	0
19260	138	48100	1	48101	194	10	2	0	0	0	0	0	0	0	0	0	0	0	0	0	12288	0	0
19260	139	48098	1	48099	188	15	2	0	0	0	0	0	0	0	0	0	0	0	0	0	12288	0	0
19260	140	48103	3	48106	190	14	2	0	0	0	0	0	0	0	0	0	0	0	0	3	12288	0	0
19260	141	48100	0	48100	190	13	0	0	0	0	0	0	0	0	0	0	0	0	0	0	12288	0	0
19260	142	48101	0	48101	198	5	6	0	0	0	0	0	0	0	0	0	0	0	0	0	12288	0	0
19260	143	48104	2	48106	190	13	4	0	0	0	0	0	0	0	0	0	0	0	0	0	12288	0	0
19260	144	48099	0	48099	192	9	2	0	0	0	0	0	0	0	0	0	0	0	0	0	12288	0	0
19260	145	48101	0	48101	192	12	2	0	0	0	0	0	0	0	0	0	0	0	0	0	12288	0	0
19260	146	48103	3	48106	195	7	2	0	0	0	0	0	0	0	0	0	0	0	0	3	12288	0	0
19260	147	48100	0	48100	192	12	2	0	0	0	0	0	0	0	0	0	0	0	0	0	12288	0	0
19260	148	48106	0	48106	192	10	0	0	0	0	0	0	0	0	0	0	0	0	0	0	12288	0	0
19260	149	48098	2	48100	196	9	2	0	0	0	0	0	0	0	0	0	0	0	0	0	12288	0	0
19260	150	48098	1	48099	190	14	0	0	0	0	0	0	0	0	0	0	0	0	0	0	12288	0	0
19260	151	48104	0	48104	194	9	6	0	0	0	0	0	0	0	0	0	0	0	0	0	12288	0	0
19260	152	48096	2	48098	194	11	6	0	0	0	0	0	0	0	0	0	0	0	0	0	12288	0	0
19260	153	48105	1	48106	194	9	2	0	0	0	0	0	0	0	0	0	0	0	0	3	12288	0	0
19260	154	48098	1	48099	192	12	2	0	0	0	0	0	0	0	0	0	0	0	0	0	12288	0	0
19260	155	48100	1	48101	192	9	2	0	0	0	0	0	0	0	0	0	0	0	0	0	12288	0	0
19260	156	48104	2	48106	194	9	2	0	0	0	0	0	0	0	0	0	0	0	0	0	12288	0	0
19260	157	48098	2	48100	190	10	2	0	0	0	0	0	0	0	0	0	0	0	0	0	12288	0	0
19260	158	48105	0	48105	192	13	2	0	0	0	0	0	0	0	0	0	0	0	0	0	12288	0	0
19260	159	48098	2	48100	192	12	0	0	0	0	0	0	0	0	0	0	0	0	0	3	12288	0	0
19260	160	48098	1	48099	192	11	6	0	0	0	0	0	0	0	0	0	0	0	0	0	12288	0	0
19260	161	48103	4	48107	196	7	6	0	0	0	0	0	0	0	0	0	0	0	0	0	12288	0	0
19260	162	48098	2	48100	196	7	2	0	0	0	0	0	0	0	0	0	0	0	0	0	12288	0	0
19260	163	48101	2	48103	192	11	2	0	0	0	0	0	0	0	0	0	0	0	0	0	12288	0	0
19260	164	48104	0	48104	190	12	2	0	0	0	0	0	0	0	0	0	0	0	0	0	12288	0	0
19260	165	48101	0	48101	192	11	2	0	0	0	0	0	0	0	0	0	0	0	0	3	12288	0	0
19260	166	48101	1	48102	201	11	1337	0	0	0	0	0	0	0	0	0	0	0	11480	20	16384	0	0
19260	167	48101	1	48102	190	11	2	0	0	0	0	0	0	0	0	0	0	0	0	0	12288	0	0
19260	168	48101	1	48102	192	11	0	0	0	0	0	0	0	0	0	0	0	0	0	0	12288	0	0
19260	169	48099	0	48099	190	15	6	0	0	0	0	0	0	0	0	0	0	0	0	0	12288	0	0
19260	170	48107	3	48110	192	8	6	0	0	0	0	0	0	0	0	0	0	0	0	0	8192	0	0
19260	171	48101	0	48101	194	9	2	0	0	0	0	0	0	0	0	0	0	0	0	3	12288	0	0
19260	172	48100	1	48101	192	12	2	0	0	0	0	0	0	0	0	0	0	0	0	0	28672	0	0
19260	173	48102	0	48102	192	11	2	0	0	0	0	0	0	0	0	0	0	0	0	0	12288	0	0
19260	174	48098	3	48101	192	10	2	0	0	0	0	0	0	0	0	0	0	0	0	0	12288	0	0
19260	175	48106	0	48106	192	12	0	0	0	0	0	0	0	0	0	0	0	0	0	0	12288	0	0
19260	176	48102	2	48104	194	9	2	0	0	0	0	0	0	0	0	0	0	0	0	0	12288	0	0
19260	177	48098	3	48101	194	7	0	0	0	0	0	0	0	0	0	0	0	0	0	3	12288	0	0
19260	178	48101	1	48102	190	13	6	0	0	0	0	0	0	0	0	0	0	0	0	0	12288	0	0
19260	179	48100	2	48102	194	9	6	0	0	0	0	0	0	0	0	0	0	0	0	0	12288	0	0
19260	180	48107	0	48107	194	7	2	0	0	0	0	0	0	0	0	0	0	0	0	0	12288	0	0
19260	181	48100	2	48102	196	6	2	0	0	0	0	0	0	0	0	0	0	0	0	0	12288	0	0
19260	182	48098	3	48101	194	9	2	0	0	0	0	0	0	0	0	0	0	0	0	0	12288	0	0
19260	183	48099	1	48100	198	5	2	0	0	0	0	0	0	0	0	0	0	0	0	0	12288	0	0
19260	184	48100	0	48100	190	13	0	0	0	0	0	0	0	0	0	0	0	0	0	3	12288	0	0
19260	185	48102	4	48106	194	9	2	0	0	0	0	0	0	0	0	0	0	0	0	0	12288	0	0
19260	186	48105	0	48105	194	9	0	0	0	0	0	0	0	0	0	0	0	0	0	0	12288	0	0
19260	187	48102	0	48102	196	6	6	0	0	0	0	0	0	0	0	0	0	0	0	0	12288	0	0
19260	188	48102	0	48102	194	8	6	0	0	0	0	0	0	0	0	0	0	0	0	0	12288	0	0
19260	189	48101	1	48102	192	10	2	0	0	0	0	0	0	0	0	0	0	0	0	0	12288	0	0
19260	190	48098	3	48101	194	10	2	0	0	0	0	0	0	0	0	0	0	0	0	3	12288	0	0
19260	191	48103	0	48103	194	10	2	0	0	0	0	0	0	0	0	0	0	0	0	0	12288	0	0
19260	192	48105	1	48106	192	16	2	0	0	0	0	0	0	0	0	0	0	0	0	0	12288	0	0
19260	193	48106	1	48107	192	9	0	0	0	0	0	0	0	0	0	0	0	0	0	0	12288	0	0
19260	194	48103	2	48105	192	11	2	0	0	0	0	0	0	0	0	0	0	0	0	0	12288	0	0
19260	195	48099	2	48101	196	8	0	0	0	0	0	0	0	0	0	0	0	0	0	0	12288	0	0
19260	196	48099	1	48100	190	13	6	0	0	0	0	0	0	0	0	0	0	0	0	3	12288	0	0
19260	197	48101	1	48102	192	10	6	0	0	0	0	0	0	0	0	0	0	0	0	0	12288	0	0
19260	198	48099	2	48101	196	8	2	0	0	0	0	0	0	0	0	0	0	0	0	0	12288	0	0
19260	199	48100	1	48101	190	14	2	0	0	0	0	0	0	0	0	0	0	0	0	0	12288	0	0
19260	200	48104	3	48107	190	12	2	0	0	0	0	0	0	0	0	0	0	0	0	0	12288	0	0
19260	201	48098	4	48102	196	7	2	0	0	0	0	0	0	0	0	0	0	0	0	0	12288	0	0
19260	202	48101	2	48103	192	11	1	0	0	0	0	0	0	0	0	0	0	0	0	3	49152	7	0
19260	203	48098	2	48100	190	12	2	0	0	0	0	0	0	0	0	0	0	0	0	0	12288	0	0
19260	204	48098	2	48100	196	7	0	0	0	0	0	0	0	0	0	0	0	0	0	0	12288	0	0
19260	205	48107	1	48108	192	9	6	0	0	0	0	0	0	0	0	0	0	0	0	0	12288	0	0
19260	206	48102	2	48104	196	7	6	0	0	0	0	0	0	0	0	0	0	0	0	0	12288	0	0
19260	207	48102	1	48103	194	7	2	0	0	0	0	0	0	0	0	0	0	0	0	0	12288	0	0
19260	208	48100	1	48101	194	8	2	0	0	0	0	0	0	0	0	0	0	0	0	3	12288	0	0
19260	209	48098	3	48101	192	9	2	0	0	0	0	0	0	0	0	0	0	0	0	0	12288	0	0
19260	210	48100	0	48100	192	11	2	0	0	0	0	0	0	0	0	0	0	0	0	0	12288	0	0
19260	211	48102	0	48102	194	9	0	0	0	0	0	0	0	0	0	0	0	0	0	0	12288	0	0
19260	212	48104	3	48107	192	10	2	0	0	0	0	0	0	0	0	0	0	0	0	0	12288	0	0
19260	213	48101	1	48102	192	12	0	0	0	0	0	0	0	0	0	0	0	0	0	0	12288	0	0
19260	214	48100	2	48102	194	9	6	0	0	0	0	0	0	0	0	0	0	0	0	0	12288	0	0
19260	215	48097	3	48100	196	9	6	0	0	0	0	0	0	0	0	0	0	0	0	3	12288	0	0
19260	216	48100	1	48101	198	4	2	0	0	0	0	0	0	0	0	0	0	0	0	0	12288	0	0
19260	217	48102	1	48103	198	5	2	0	0	0	0	0	0	0	0	0	0	0	0	0	12288	0	0
19260	218	48107	1	48108	192	9	2	0	0	0	0	0	0	0	0	0	0	0	0	0	12288	0	0
19260	219	48100	0	48100	194	11	2	0	0	0	0	0	0	0	0	0	0	0	0	0	12288	0	0
19260	220	48102	0	48102	194	7	0	0	0	0	0	0	0	0	0	0	0	0	0	0	12288	0	0
19260	221	48100	1	48101	192	12	2	0	0	0	0	0	0	0	0	0	0	0	0	3	12288	0	0
19260	222	48102	0	48102	196	7	0	0	0	0	0	0	0	0	0	0	0	0	0	0	12288	0	0
19260	223	48102	5	48107	194	6	6	0	0	0	0	0	0	0	0	0	0	0	0	0	12288	0	0
19260	224	48099	1	48100	192	13	6	0	0	0	0	0	0	0	0	0	0	0	0	0	12288	0	0
19260	225	48100	1	48101	198	6	2	0	0	0	0	0	0	0	0	0	0	0	0	0	12288	0	0
19260	226	48101	2	48103	190	11	2	0	0	0	0	0	0	0	0	0	0	0	0	0	12288	0	0
19260	227	48100	2	48102	194	9	2	0	0	0	0	0	0	0	0	0	0	0	0	3	12288	0	0
19260	228	48108	13	48121	228	21	7993	0	0	0	0	0	0	0	0	0	0	0	1681291	1245	245760	51872	0
19260	229	48098	2	48100	196	7	0	0	0	0	0	0	0	0	0	0	0	0	0	0	12288	0	0
19260	230	48099	1	48100	196	8	2	0	0	0	0	0	0	0	0	0	0	0	0	0	12288	0	0
19260	231	48100	1	48101	192	11	0	0	0	0	0	0	0	0	0	0	0	0	0	0	12288	0	0
19260	232	48105	2	48107	192	12	6	0	0	0	0	0	0	0	0	0	0	0	0	0	12288	0	0
19260	233	48099	3	48102	190	13	6	0	0	0	0	0	0	0	0	0	0	0	0	3	12288	0	0
19260	234	48100	2	48102	192	9	2	0	0	0	0	0	0	0	0	0	0	0	0	0	12288	0	0
19260	235	48102	0	48102	192	9	2	0	0	0	0	0	0	0	0	0	0	0	0	0	12288	0	0
19260	236	48101	4	48105	194	9	2	0	0	0	0	0	0	0	0	0	0	0	0	0	28672	0	0
19260	237	48100	2	48102	194	7	2	0	0	0	0	0	0	0	0	0	0	0	0	0	12288	0	0
19260	238	48099	2	48101	190	14	0	0	0	0	0	0	0	0	0	0	0	0	0	0	12288	0	0
19260	239	48099	2	48101	196	7	2	0	0	0	0	0	0	0	0	0	0	0	0	3	12288	0	0
19260	240	48105	1	48106	196	6	0	0	0	0	0	0	0	0	0	0	0	0	0	0	12288	0	0
19260	241	48100	1	48101	192	10	6	0	0	0	0	0	0	0	0	0	0	0	0	0	12288	0	0
19260	242	48101	0	48101	194	9	6	0	0	0	0	0	0	0	0	0	0	0	0	0	12288	0	0
19260	243	48100	0	48100	196	5	2	0	0	0	0	0	0	0	0	0	0	0	0	0	12288	0	0
19260	244	48106	2	48108	194	7	2	0	0	0	0	0	0	0	0	0	0	0	0	0	12288	0	0
19260	245	48098	2	48100	192	11	2	0	0	0	0	0	0	0	0	0	0	0	0	3	12288	0	0
19260	246	48100	1	48101	190	12	2	0	0	0	0	0	0	0	0	0	0	0	0	0	12288	0	0
19260	247	48104	1	48105	192	11	0	0	0	0	0	0	0	0	0	0	0	0	0	0	12288	0	0
19260	248	48102	1	48103	193	9	2	0	0	0	0	0	0	0	0	0	0	0	0	0	12288	0	0
19260	249	48101	1	48102	196	6	0	0	0	0	0	0	0	0	0	0	0	0	0	0	12288	0	0
19260	250	48103	0	48103	192	11	6	0	0	0	0	0	0	0	0	0	0	0	0	0	12288	0	0
19260	251	48101	0	48101	192	13	6	0	0	0	0	0	0	0	0	0	0	0	0	0	12288	0	0
19260	252	48099	3	48102	196	9	2	0	0	0	0	0	0	0	0	0	0	0	0	3	28672	0	0
19260	253	48102	0	48102	190	12	2	0	0	0	0	0	0	0	0	0	0	0	0	0	12288	0	0
19260	254	48099	2	48101	190	14	2	0	0	0	0	0	0	0	0	0	0	0	0	0	12288	0	0
19260	255	48102	1	48103	194	9	2	0	0	0	0	0	0	0	0	0	0	0	0	0	12288	0	0
19260	256	48100	2	48102	192	9	0	0	0	0	0	0	0	0	0	0	0	0	0	0	12288	0	0
19260	257	48102	1	48103	192	10	2	0	0	0	0	0	0	0	0	0	0	0	0	0	12288	0	0
19260	258	48101	2	48103	188	13	0	0	0	0	0	0	0	0	0	0	0	0	0	3	12288	0	0
19260	259	48102	0	48102	192	10	6	0	0	0	0	0	0	0	0	0	0	0	0	0	12288	0	0
19260	260	48100	0	48100	194	12	6	0	0	0	0	0	0	0	0	0	0	0	0	0	12288	0	0
19260	261	48102	0	48102	192	11	2	0	0	0	0	0	0	0	0	0	0	0	0	0	12288	0	0
19260	262	48104	1	48105	192	9	2	0	0	0	0	0	0	0	0	0	0	0	0	0	12288	0	0
19260	263	48103	3	48106	192	9	2	0	0	0	0	0	0	0	0	0	0	0	0	0	12288	0	0
19260	264	48101	2	48103	194	7	2	0	0	0	0	0	0	0	0	0	0	0	0	3	12288	0	0
19260	265	48099	2	48101	190	13	0	0	0	0	0	0	0	0	0	0	0	0	0	0	12288	0	0
19260	266	48102	1	48103	196	7	2	0	0	0	0	0	0	0	0	0	0	0	0	0	12288	0	0
19260	267	48098	5	48103	192	11	0	0	0	0	0	0	0	0	0	0	0	0	0	0	12288	0	0
19260	268	48102	0	48102	196	6	6	0	0	0	0	0	0	0	0	0	0	0	0	0	12288	0	0
19260	269	48102	1	48103	192	9	6	0	0	0	0	0	0	0	0	0	0	0	91	3	16384	0	0
19260	270	48100	4	48104	198	5	2	0	0	0	0	0	0	0	0	0	0	0	0	3	28672	0	0
19260	271	48099	3	48102	196	6	2	0	0	0	0	0	0	0	0	0	0	0	0	0	12288	0	0
19260	272	48106	1	48107	196	6	2	0	0	0	0	0	0	0	0	0	0	0	0	0	12288	0	0
19260	273	48102	2	48104	188	13	2	0	0	0	0	0	0	0	0	0	0	0	0	0	12288	0	0
19260	274	48100	1	48101	192	12	0	0	0	0	0	0	0	0	0	0	0	0	0	0	12288	0	0
19260	275	48102	0	48102	194	9	2	0	0	0	0	0	0	0	0	0	0	0	0	0	12288	0	0
19260	276	48101	3	48104	196	6	1	0	0	0	0	0	0	0	0	0	0	0	0	3	49152	7	0
19260	277	48102	0	48102	192	12	6	0	0	0	0	0	0	0	0	0	0	0	0	0	12288	0	0
19260	278	48103	1	48104	194	7	6	0	0	0	0	0	0	0	0	0	0	0	0	0	12288	0	0
19260	279	48102	1	48103	190	12	2	0	0	0	0	0	0	0	0	0	0	0	0	0	12288	0	0
19260	280	48105	3	48108	192	11	2	0	0	0	0	0	0	0	0	0	0	0	0	0	12288	0	0
19260	281	48101	2	48103	194	7	2	0	0	0	0	0	0	0	0	0	0	0	0	0	12288	0	0
19260	282	48098	2	48100	188	11	2	0	0	0	0	0	0	0	0	0	0	0	0	0	12288	0	0
19260	283	48102	0	48102	196	8	0	0	0	0	0	0	0	0	0	0	0	0	0	3	12288	0	0
19260	284	48103	0	48103	194	7	2	0	0	0	0	0	0	0	0	0	0	0	0	0	12288	0	0
19260	285	48099	1	48100	196	9	0	0	0	0	0	0	0	0	0	0	0	0	0	0	12288	0	0
19260	286	48107	0	48107	196	7	6	0	0	0	0	0	0	0	0	0	0	0	0	0	12288	0	0
19260	287	48102	0	48102	190	14	6	0	0	0	0	0	0	0	0	0	0	0	0	0	12288	0	0
19260	288	48099	2	48101	196	8	2	0	0	0	0	0	0	0	0	0	0	0	0	0	12288	0	0
19260	289	48101	4	48105	194	6	2	0	0	0	0	0	0	0	0	0	0	0	0	3	28672	0	0
19260	290	48102	1	48103	190	11	2	0	0	0	0	0	0	0	0	0	0	0	0	0	12288	0	0
19260	291	48099	3	48102	196	5	2	0	0	0	0	0	0	0	0	0	0	0	0	0	12288	0	0
19260	292	48101	4	48105	190	14	0	0	0	0	0	0	0	0	0	0	0	0	0	0	12288	0	0
19260	293	48103	2	48105	192	12	2	0	0	0	0	0	0	0	0	0	0	0	0	0	12288	0	0
19260	294	48101	1	48102	190	12	0	0	0	0	0	0	0	0	0	0	0	0	0	0	12288	0	0
19260	295	48100	2	48102	190	10	6	0	0	0	0	0	0	0	0	0	0	0	0	3	12288	0	0
19260	296	48101	1	48102	194	9	6	0	0	0	0	0	0	0	0	0	0	0	0	0	12288	0	0
19260	297	48099	1	48100	198	7	2	0	0	0	0	0	0	0	0	0	0	0	0	0	12288	0	0
19260	298	48105	2	48107	194	8	2	0	0	0	0	0	0	0	0	0	0	0	0	0	12288	0	0
19260	299	48100	2	48102	204	10	1569	0	0	0	0	0	0	0	0	0	0	0	11480	20	16384	0	0
19260	300	48102	1	48103	194	9	2	0	0	0	0	0	0	0	0	0	0	0	0	0	28672	0	0
19260	301	48100	2	48102	194	8	2	0	0	0	0	0	0	0	0	0	0	0	0	3	12288	0	0
19260	302	48098	2	48100	188	14	2	0	0	0	0	0	0	0	0	0	0	0	0	0	12288	0	0
19260	303	48100	2	48102	198	6	0	0	0	0	0	0	0	0	0	0	0	0	0	0	12288	0	0
19260	304	48104	3	48107	194	10	6	0	0	0	0	0	0	0	0	0	0	0	0	0	12288	0	0
19260	305	48103	0	48103	194	7	4	0	0	0	0	0	0	0	0	0	0	0	0	0	12288	0	0
19260	306	48099	2	48101	196	6	2	0	0	0	0	0	0	0	0	0	0	0	0	0	12288	0	0
19260	307	48099	4	48103	192	13	2	0	0	0	0	0	0	0	0	0	0	0	0	3	28672	0	0
19260	308	48098	3	48101	198	4	2	0	0	0	0	0	0	0	0	0	0	0	0	0	12288	0	0
19260	309	48103	3	48106	196	7	2	0	0	0	0	0	0	0	0	0	0	0	0	0	12288	0	0
19260	310	48102	0	48102	192	9	0	0	0	0	0	0	0	0	0	0	0	0	0	0	12288	0	0
19260	311	48100	2	48102	196	7	2	0	0	0	0	0	0	0	0	0	0	0	0	0	12288	0	0
19260	312	48100	0	48100	194	11	0	0	0	0	0	0	0	0	0	0	0	0	0	0	12288	0	0
19260	313	48102	1	48103	196	7	6	0	0	0	0	0	0	0	0	0	0	0	0	0	12288	0	0
19260	314	48105	2	48107	196	8	4	0	0	0	0	0	0	0	0	0	0	0	0	3	12288	0	0
19260	315	48099	2	48101	196	6	4	0	0	0	0	0	0	0	0	0	0	0	0	0	12288	0	0
19260	316	48099	2	48101	190	11	2	0	0	0	0	0	0	0	0	0	0	0	0	0	12288	0	0
19260	317	48099	3	48102	192	9	2	0	0	0	0	0	0	0	0	0	0	0	0	0	12288	0	0
19260	318	48106	2	48108	192	9	2	0	0	0	0	0	0	0	0	0	0	0	0	0	12288	0	0
19260	319	48102	1	48103	194	9	0	0	0	0	0	0	0	0	0	0	0	0	0	0	12288	0	0
19260	320	48100	2	48102	194	7	2	0	0	0	0	0	0	0	0	0	0	0	0	3	12288	0	0
19260	321	48099	0	48099	194	10	0	0	0	0	0	0	0	0	0	0	0	0	0	0	12288	0	0
19260	322	48101	1	48102	194	6	6	0	0	0	0	0	0	0	0	0	0	0	0	0	12288	0	0
19260	323	48105	2	48107	190	13	6	0	0	0	0	0	0	0	0	0	0	0	0	0	12288	0	0
19260	324	48100	2	48102	192	9	2	0	0	0	0	0	0	0	0	0	0	0	0	0	12288	0	0
19260	325	48101	1	48102	190	11	2	0	0	0	0	0	0	0	0	0	0	0	0	0	12288	0	0
19260	326	48103	1	48104	196	7	2	0	0	0	0	0	0	0	0	0	0	0	0	3	28672	0	0
19260	327	48104	4	48108	192	11	2	0	0	0	0	0	0	0	0	0	0	0	0	0	12288	0	0
19260	328	48102	0	48102	194	6	0	0	0	0	0	0	0	0	0	0	0	0	0	0	12288	0	0
19260	329	48101	0	48101	194	10	2	0	0	0	0	0	0	0	0	0	0	0	0	0	12288	0	0
19260	330	48098	3	48101	196	8	0	0	0	0	0	0	0	0	0	0	0	0	0	0	12288	0	0
19260	331	48101	1	48102	188	14	6	0	0	0	0	0	0	0	0	0	0	0	0	0	12288	0	0
19260	332	48107	1	48108	194	7	6	0	0	0	0	0	0	0	0	0	0	0	0	3	12288	0	0
19260	333	48099	2	48101	196	8	2	0	0	0	0	0	0	0	0	0	0	0	0	0	12288	0	0
19260	334	48099	2	48101	194	10	2	0	0	0	0	0	0	0	0	0	0	0	0	0	12288	0	0
19260	335	48099	0	48099	196	8	2	0	0	0	0	0	0	0	0	0	0	0	0	0	12288	0	0
19260	336	48101	1	48102	192	11	2	0	0	0	0	0	0	0	0	0	0	0	0	0	12288	0	0
19260	337	48105	2	48107	196	7	0	0	0	0	0	0	0	0	0	0	0	0	0	0	12288	0	0
19260	338	48100	2	48102	190	13	2	0	0	0	0	0	0	0	0	0	0	0	0	3	12288	0	0
19260	339	48100	1	48101	190	12	0	0	0	0	0	0	0	0	0	0	0	0	0	0	12288	0	0
19260	340	48100	1	48101	194	9	6	0	0	0	0	0	0	0	0	0	0	0	0	0	12288	0	0
19260	341	48100	1	48101	190	10	6	0	0	0	0	0	0	0	0	0	0	0	0	0	12288	0	0
19260	342	48105	1	48106	196	7	2	0	0	0	0	0	0	0	0	0	0	0	0	0	12288	0	0
19260	343	48101	1	48102	194	8	2	0	0	0	0	0	0	0	0	0	0	0	0	0	12288	0	0
19260	344	48101	1	48102	190	14	2	0	0	0	0	0	0	0	0	0	0	0	0	3	12288	0	0
19260	345	48100	2	48102	194	9	2	0	0	0	0	0	0	0	0	0	0	0	0	0	12288	0	0
19260	346	48100	2	48102	198	5	0	0	0	0	0	0	0	0	0	0	0	0	0	0	12288	0	0
19260	347	48106	1	48107	190	12	2	0	0	0	0	0	0	0	0	0	0	0	0	0	12288	0	0
19260	348	48100	1	48101	198	4	0	0	0	0	0	0	0	0	0	0	0	0	0	0	12288	0	0
19260	349	48098	2	48100	190	12	6	0	0	0	0	0	0	0	0	0	0	0	0	0	12288	0	0
19260	350	48101	0	48101	194	10	6	0	0	0	0	0	0	0	0	0	0	0	0	0	12288	0	0
19260	351	48102	3	48105	190	13	3	0	0	0	0	0	0	0	0	0	0	0	0	3	49152	7	0
19260	352	48105	3	48108	196	5	2	0	0	0	0	0	0	0	0	0	0	0	0	0	12288	0	0
19260	353	48101	1	48102	196	7	2	0	0	0	0	0	0	0	0	0	0	0	0	0	12288	0	0
19260	354	48100	0	48100	190	14	2	0	0	0	0	0	0	0	0	0	0	0	0	0	12288	0	0
19260	355	48104	2	48106	194	8	0	0	0	0	0	0	0	0	0	0	0	0	0	0	12288	0	0
19260	356	48098	3	48101	190	11	2	0	0	0	0	0	0	0	0	0	0	0	0	0	12288	0	0
19260	357	48097	4	48101	194	8	0	0	0	0	0	0	0	0	0	0	0	0	0	3	12288	0	0
19260	358	48099	1	48100	190	13	6	0	0	0	0	0	0	0	0	0	0	0	0	0	12288	0	0
19260	359	48105	1	48106	192	10	6	0	0	0	0	0	0	0	0	0	0	0	0	0	12288	0	0
19260	360	48100	1	48101	192	11	2	0	0	0	0	0	0	0	0	0	0	0	0	0	12288	0	0
19260	361	48098	1	48099	192	9	2	0	0	0	0	0	0	0	0	0	0	0	0	0	12288	0	0
19260	362	48105	2	48107	194	9	2	0	0	0	0	0	0	0	0	0	0	0	0	0	12288	0	0
19260	363	48101	3	48104	192	10	2	0	0	0	0	0	0	0	0	0	0	0	0	3	28672	0	0
19260	364	48101	1	48102	190	13	0	0	0	0	0	0	0	0	0	0	0	0	0	0	28672	0	0
19260	365	48099	3	48102	194	9	2	0	0	0	0	0	0	0	0	0	0	0	0	0	12288	0	0
19260	366	48106	2	48108	200	11	1332	0	0	0	0	0	0	0	0	0	0	0	11480	20	16384	0	0
19260	367	48101	0	48101	196	6	6	0	0	0	0	0	0	0	0	0	0	0	0	0	12288	0	0
19260	368	48100	1	48101	192	8	6	0	0	0	0	0	0	0	0	0	0	0	0	0	12288	0	0
19260	369	48104	2	48106	190	12	2	0	0	0	0	0	0	0	0	0	0	0	0	3	12288	0	0
19260	370	48101	0	48101	192	10	2	0	0	0	0	0	0	0	0	0	0	0	0	0	12288	0	0
19260	371	48097	2	48099	194	11	2	0	0	0	0	0	0	0	0	0	0	0	0	0	12288	0	0
19260	372	48102	0	48102	194	9	2	0	0	0	0	0	0	0	0	0	0	0	0	0	12288	0	0
19260	373	48104	2	48106	196	8	0	0	0	0	0	0	0	0	0	0	0	0	0	0	12288	0	0
19260	374	48097	3	48100	194	7	2	0	0	0	0	0	0	0	0	0	0	0	0	0	12288	0	0
19260	375	48099	1	48100	198	6	0	0	0	0	0	0	0	0	0	0	0	0	0	3	12288	0	0
19260	376	48103	3	48106	194	7	6	0	0	0	0	0	0	0	0	0	0	0	0	0	12288	0	0
19260	377	48100	1	48101	192	12	6	0	0	0	0	0	0	0	0	0	0	0	0	0	12288	0	0
19260	378	48098	2	48100	196	8	2	0	0	0	0	0	0	0	0	0	0	0	0	0	12288	0	0
19260	379	48101	4	48105	194	9	2	0	0	0	0	0	0	0	0	0	0	0	0	0	12288	0	0
19260	380	48099	2	48101	198	5	2	0	0	0	0	0	0	0	0	0	0	0	0	0	12288	0	0
19260	381	48098	1	48099	192	11	2	0	0	0	0	0	0	0	0	0	0	0	0	0	12288	0	0
19260	382	48105	3	48108	194	10	0	0	0	0	0	0	0	0	0	0	0	0	0	3	28672	0	0
19260	383	48099	1	48100	192	13	2	0	0	0	0	0	0	0	0	0	0	0	0	0	12288	0	0
19260	384	48098	3	48101	194	9	0	0	0	0	0	0	0	0	0	0	0	0	0	0	12288	0	0
19260	385	48099	3	48102	192	12	6	0	0	0	0	0	0	0	0	0	0	0	0	0	12288	0	0
19260	386	48103	2	48105	194	10	6	0	0	0	0	0	0	0	0	0	0	0	0	0	12288	0	0
19260	387	48097	3	48100	194	8	2	0	0	0	0	0	0	0	0	0	0	0	0	0	12288	0	0
19260	388	48100	0	48100	196	6	2	0	0	0	0	0	0	0	0	0	0	0	0	3	12288	0	0
19260	389	48108	0	48108	194	7	2	0	0	0	0	0	0	0	0	0	0	0	0	0	12288	0	0
19260	390	48099	2	48101	194	8	2	0	0	0	0	0	0	0	0	0	0	0	0	0	12288	0	0
19260	391	48100	1	48101	198	5	0	0	0	0	0	0	0	0	0	0	0	0	0	0	12288	0	0
19260	392	48107	1	48108	190	11	2	0	0	0	0	0	0	0	0	0	0	0	0	0	12288	0	0
19260	393	48100	0	48100	192	12	0	0	0	0	0	0	0	0	0	0	0	0	0	0	12288	0	0
19260	394	48098	0	48098	194	8	6	0	0	0	0	0	0	0	0	0	0	0	0	3	12288	0	0
19260	395	48104	1	48105	198	7	6	0	0	0	0	0	0	0	0	0	0	0	0	0	12288	0	0
19260	396	48099	2	48101	194	7	2	0	0	0	0	0	0	0	0	0	0	0	0	0	12288	0	0
19260	397	48100	1	48101	194	8	2	0	0	0	0	0	0	0	0	0	0	0	0	0	12288	0	0
19260	398	48102	1	48103	194	10	2	0	0	0	0	0	0	0	0	0	0	0	0	0	12288	0	0
19260	399	48103	3	48106	194	8	2	0	0	0	0	0	0	0	0	0	0	0	0	0	12288	0	0
19260	400	48101	0	48101	190	12	0	0	0	0	0	0	0	0	0	0	0	0	0	3	12288	0	0
19260	401	48098	2	48100	194	7	2	0	0	0	0	0	0	0	0	0	0	0	0	0	12288	0	0
19260	402	48102	3	48105	196	6	0	0	0	0	0	0	0	0	0	0	0	0	0	0	12288	0	0
19260	403	48100	1	48101	196	7	6	0	0	0	0	0	0	0	0	0	0	0	0	0	12288	0	0
19260	404	48102	0	48102	192	9	6	0	0	0	0	0	0	0	0	0	0	0	0	0	12288	0	0
19260	405	48105	1	48106	194	8	2	0	0	0	0	0	0	0	0	0	0	0	0	0	12288	0	0
19260	406	48101	1	48102	188	15	2	0	0	0	0	0	0	0	0	0	0	0	0	3	12288	0	0
19260	407	48098	0	48098	190	14	2	0	0	0	0	0	0	0	0	0	0	0	0	0	12288	0	0
19260	408	48105	2	48107	192	11	2	0	0	0	0	0	0	0	0	0	0	0	0	0	12288	0	0
19260	409	48100	1	48101	198	5	0	0	0	0	0	0	0	0	0	0	0	0	0	0	12288	0	0
19260	410	48095	6	48101	196	7	2	0	0	0	0	0	0	0	0	0	0	0	0	0	12288	0	0
19260	411	48103	0	48103	190	14	0	0	0	0	0	0	0	0	0	0	0	0	0	0	12288	0	0
19260	412	48103	2	48105	196	6	6	0	0	0	0	0	0	0	0	0	0	0	0	0	12288	0	0
19260	413	48098	3	48101	190	12	6	0	0	0	0	0	0	0	0	0	0	0	0	3	12288	0	0
19260	414	48096	4	48100	194	6	2	0	0	0	0	0	0	0	0	0	0	0	0	0	12288	0	0
19260	415	48106	0	48106	194	10	2	0	0	0	0	0	0	0	0	0	0	0	0	0	12288	0	0
19260	416	48098	2	48100	186	16	2	0	0	0	0	0	0	0	0	0	0	0	0	0	12288	0	0
19260	417	48101	3	48104	192	11	2	0	0	0	0	0	0	0	0	0	0	0	0	0	12288	0	0
19260	418	48103	2	48105	192	11	0	0	0	0	0	0	0	0	0	0	0	0	0	0	12288	0	0
19260	419	48100	3	48103	196	6	2	0	0	0	0	0	0	0	0	0	0	0	0	3	28672	0	0
19260	420	48103	2	48105	190	11	0	0	0	0	0	0	0	0	0	0	0	0	0	0	12288	0	0
19260	421	48096	2	48098	192	11	6	0	0	0	0	0	0	0	0	0	0	0	0	0	12288	0	0
19260	422	48100	0	48100	194	8	6	0	0	0	0	0	0	0	0	0	0	0	0	0	12288	0	0
19260	423	48102	4	48106	190	11	2	0	0	0	0	0	0	0	0	0	0	0	0	0	12288	0	0
19260	424	48100	1	48101	190	13	2	0	0	0	0	0	0	0	0	0	0	0	0	0	12288	0	0
19260	425	48104	5	48109	192	11	3	0	0	0	0	0	0	0	0	0	0	0	0	3	49152	7	0
19260	426	48103	0	48103	188	13	2	0	0	0	0	0	0	0	0	0	0	0	0	0	12288	0	0
19260	427	48097	1	48098	190	11	0	0	0	0	0	0	0	0	0	0	0	0	0	0	12288	0	0
19260	428	48104	2	48106	192	9	2	0	0	0	0	0	0	0	0	0	0	0	0	0	28672	0	0
19260	429	48098	3	48101	192	10	0	0	0	0	0	0	0	0	0	0	0	0	0	0	12288	0	0
19260	430	48098	2	48100	196	8	6	0	0	0	0	0	0	0	0	0	0	0	0	0	12288	0	0
19260	431	48105	1	48106	194	8	6	0	0	0	0	0	0	0	0	0	0	0	0	3	12288	0	0
19260	432	48099	1	48100	192	11	2	0	0	0	0	0	0	0	0	0	0	0	0	0	12288	0	0
19260	433	48101	1	48102	201	12	1329	0	0	0	0	0	0	0	0	0	0	0	11480	20	16384	0	0
19260	434	48102	2	48104	192	9	2	0	0	0	0	0	0	0	0	0	0	0	0	0	12288	0	0
19260	435	48100	0	48100	190	11	2	0	0	0	0	0	0	0	0	0	0	0	0	0	12288	0	0
19260	436	48105	1	48106	194	8	0	0	0	0	0	0	0	0	0	0	0	0	0	0	12288	0	0
19260	437	48102	1	48103	198	5	2	0	0	0	0	0	0	0	0	0	0	0	0	3	28672	0	0
19260	438	48098	2	48100	190	12	0	0	0	0	0	0	0	0	0	0	0	0	0	0	12288	0	0
19260	439	48105	2	48107	196	5	6	0	0	0	0	0	0	0	0	0	0	0	0	0	12288	0	0
19260	440	48098	1	48099	192	9	6	0	0	0	0	0	0	0	0	0	0	0	0	0	12288	0	0
19260	441	48101	0	48101	192	9	2	0	0	0	0	0	0	0	0	0	0	0	0	0	12288	0	0
19260	442	48105	0	48105	192	11	2	0	0	0	0	0	0	0	0	0	0	0	0	0	12288	0	0
19260	443	48098	1	48099	194	11	2	0	0	0	0	0	0	0	0	0	0	0	0	3	12288	0	0
19260	444	48099	3	48102	192	10	2	0	0	0	0	0	0	0	0	0	0	0	0	0	12288	0	0
19260	445	48102	4	48106	194	9	0	0	0	0	0	0	0	0	0	0	0	0	0	0	12288	0	0
19260	446	48098	2	48100	190	14	2	0	0	0	0	0	0	0	0	0	0	0	0	0	12288	0	0
19260	447	48105	1	48106	194	6	0	0	0	0	0	0	0	0	0	0	0	0	0	0	12288	0	0
19260	448	48096	3	48099	194	10	6	0	0	0	0	0	0	0	0	0	0	0	0	0	12288	0	0
19260	449	48100	0	48100	192	10	6	0	0	0	0	0	0	0	0	0	0	0	0	0	12288	0	0
19260	450	48106	0	48106	188	14	2	0	0	0	0	0	0	0	0	0	0	0	0	3	12288	0	0
19260	451	48099	2	48101	192	9	2	0	0	0	0	0	0	0	0	0	0	0	0	0	12288	0	0
19260	452	48099	1	48100	194	10	2	0	0	0	0	0	0	0	0	0	0	0	0	0	12288	0	0
19260	453	48101	3	48104	194	9	2	0	0	0	0	0	0	0	0	0	0	0	0	0	12288	0	0
19260	454	48100	0	48100	194	9	0	0	0	0	0	0	0	0	0	0	0	0	0	0	12288	0	0
19260	455	48099	0	48099	196	7	2	0	0	0	0	0	0	0	0	0	0	0	0	0	12288	0	0
19260	456	48106	1	48107	192	10	0	0	0	0	0	0	0	0	0	0	0	0	0	3	12288	0	0
19260	457	48097	3	48100	194	8	6	0	0	0	0	0	0	0	0	0	0	0	0	0	12288	0	0
19260	458	48099	1	48100	194	10	6	0	0	0	0	0	0	0	0	0	0	0	0	0	12288	0	0
19260	459	48105	0	48105	196	8	2	0	0	0	0	0	0	0	0	0	0	0	0	0	12288	0	0
19260	460	48099	0	48099	198	5	2	0	0	0	0	0	0	0	0	0	0	0	0	0	12288	0	0
19260	461	48105	1	48106	194	9	2	0	0	0	0	0	0	0	0	0	0	0	0	0	12288	0	0
19260	462	48101	2	48103	194	7	2	0	0	0	0	0	0	0	0	0	0	0	0	3	12288	0	0
19260	463	48101	1	48102	194	7	2	0	0	0	0	0	0	0	0	0	0	0	0	0	12288	0	0
19260	464	48104	2	48106	190	11	2	0	0	0	0	0	0	0	0	0	0	0	0	0	12288	0	0
19260	465	48099	0	48099	192	13	0	0	0	0	0	0	0	0	0	0	0	0	0	0	12288	0	0
19260	466	48101	0	48101	196	7	6	0	0	0	0	0	0	0	0	0	0	0	0	0	12288	0	0
19260	467	48102	3	48105	196	6	4	0	0	0	0	0	0	0	0	0	0	0	0	0	12288	0	0
19260	468	48099	2	48101	194	7	2	0	0	0	0	0	0	0	0	0	0	0	0	3	12288	0	0
19260	469	48099	1	48100	192	11	2	0	0	0	0	0	0	0	0	0	0	0	0	0	12288	0	0
19260	470	48104	2	48106	192	10	2	0	0	0	0	0	0	0	0	0	0	0	0	0	12288	0	0
19260	471	48096	4	48100	196	8	2	0	0	0	0	0	0	0	0	0	0	0	0	0	12288	0	0
19260	472	48098	1	48099	198	7	0	0	0	0	0	0	0	0	0	0	0	0	0	0	12288	0	0
19260	473	48101	2	48103	192	12	2	0	0	0	0	0	0	0	0	0	0	0	0	0	12288	0	0
19260	474	48100	2	48102	194	8	0	0	0	0	0	0	0	0	0	0	0	0	0	3	28672	0	0
19260	475	48100	1	48101	188	15	6	0	0	0	0	0	0	0	0	0	0	0	0	0	12288	0	0
19260	476	48106	0	48106	196	5	4	0	0	0	0	0	0	0	0	0	0	0	0	0	12288	0	0
19260	477	48100	1	48101	192	11	2	0	0	0	0	0	0	0	0	0	0	0	0	0	12288	0	0
19260	478	48102	0	48102	192	10	4	0	0	0	0	0	0	0	0	0	0	0	0	0	12288	0	0
19260	479	48101	4	48105	190	13	2	0	0	0	0	0	0	0	0	0	0	0	0	0	12288	0	0
19260	480	48101	0	48101	192	10	2	0	0	0	0	0	0	0	0	0	0	0	0	0	12288	0	0
19260	481	48101	1	48102	196	7	0	0	0	0	0	0	0	0	0	0	0	0	0	3	12288	0	0
19260	482	48104	2	48106	194	10	2	0	0	0	0	0	0	0	0	0	0	0	0	0	12288	0	0
19260	483	48099	1	48100	190	14	0	0	0	0	0	0	0	0	0	0	0	0	0	0	12288	0	0
19260	484	48098	1	48099	192	13	6	0	0	0	0	0	0	0	0	0	0	0	0	0	12288	0	0
19260	485	48102	2	48104	192	12	6	0	0	0	0	0	0	0	0	0	0	0	0	0	12288	0	0
19260	486	48101	1	48102	188	16	2	0	0	0	0	0	0	0	0	0	0	0	0	0	12288	0	0
19260	487	48099	1	48100	190	12	2	0	0	0	0	0	0	0	0	0	0	0	0	3	12288	0	0
19260	488	48101	0	48101	198	5	2	0	0	0	0	0	0	0	0	0	0	0	0	0	12288	0	0
19260	489	48105	1	48106	192	12	2	0	0	0	0	0	0	0	0	0	0	0	0	0	12288	0	0
19260	490	48101	0	48101	196	7	0	0	0	0	0	0	0	0	0	0	0	0	0	0	12288	0	0
19260	491	48102	1	48103	194	7	2	0	0	0	0	0	0	0	0	0	0	0	0	0	12288	0	0
19260	492	48103	3	48106	194	10	0	0	0	0	0	0	0	0	0	0	0	0	0	0	28672	0	0
19260	493	48101	3	48104	194	8	6	0	0	0	0	0	0	0	0	0	0	0	0	3	28672	0	0
19260	494	48097	4	48101	196	7	6	0	0	0	0	0	0	0	0	0	0	0	0	0	12288	0	0
19260	495	48097	3	48100	196	6	2	0	0	0	0	0	0	0	0	0	0	0	0	0	12288	0	0
19260	496	48104	3	48107	192	11	2	0	0	0	0	0	0	0	0	0	0	0	0	0	12288	0	0
19260	497	48101	0	48101	192	11	2	0	0	0	0	0	0	0	0	0	0	0	0	0	12288	0	0
19260	498	48102	0	48102	186	17	2	0	0	0	0	0	0	0	0	0	0	0	0	0	12288	0	0
19260	499	48107	0	48107	192	9	1	0	0	0	0	0	0	0	0	0	0	0	0	3	49152	7	0
19260	500	48098	1	48099	198	13	1340	0	0	0	0	0	0	0	0	0	0	0	11480	20	16384	0	0
19260	501	48100	0	48100	192	12	0	0	0	0	0	0	0	0	0	0	0	0	0	0	12288	0	0
19260	502	48097	2	48099	194	9	6	0	0	0	0	0	0	0	0	0	0	0	0	0	12288	0	0
19260	503	48106	1	48107	194	7	6	0	0	0	0	0	0	0	0	0	0	0	0	0	12288	0	0
19260	504	48100	0	48100	192	12	2	0	0	0	0	0	0	0	0	0	0	0	0	0	12288	0	0
19260	505	48100	0	48100	194	11	2	0	0	0	0	0	0	0	0	0	0	0	0	3	12288	0	0
19260	506	48105	1	48106	192	8	2	0	0	0	0	0	0	0	0	0	0	0	0	0	12288	0	0
19260	507	48099	1	48100	188	16	2	0	0	0	0	0	0	0	0	0	0	0	0	0	12288	0	0
19260	508	48100	1	48101	196	7	0	0	0	0	0	0	0	0	0	0	0	0	0	0	12288	0	0
19260	509	48104	1	48105	194	9	2	0	0	0	0	0	0	0	0	0	0	0	0	0	12288	0	0
19260	510	48099	5	48104	194	10	0	0	0	0	0	0	0	0	0	0	0	0	0	0	12288	0	0
19260	511	48100	2	48102	192	9	6	0	0	0	0	0	0	0	0	0	0	0	0	0	12288	0	0
19260	512	48100	2	48102	194	7	6	0	0	0	0	0	0	0	0	0	0	0	0	0	12288	0	0
19260	513	48106	0	48106	192	9	2	0	0	0	0	0	0	0	0	0	0	0	0	0	12288	0	0
19260	514	48098	4	48102	194	7	2	0	0	0	0	0	0	0	0	0	0	0	0	0	12288	0	0
19260	515	48100	1	48101	194	5	2	0	0	0	0	0	0	0	0	0	0	0	0	0	12288	0	0
19260	516	48107	0	48107	190	11	2	0	0	0	0	0	0	0	0	0	0	0	0	0	12288	0	0
19260	517	48099	2	48101	192	12	0	0	0	0	0	0	0	0	0	0	0	0	0	0	12288	0	0
19260	518	48098	1	48099	194	11	2	0	0	0	0	0	0	0	0	0	0	0	0	3	12288	0	0
19260	519	48100	1	48101	190	11	0	0	0	0	0	0	0	0	0	0	0	0	0	0	12288	0	0
19260	520	48104	2	48106	188	14	6	0	0	0	0	0	0	0	0	0	0	0	0	0	12288	0	0
19260	521	48098	3	48101	190	13	6	0	0	0	0	0	0	0	0	0	0	0	0	0	12288	0	0
19260	522	48100	2	48102	196	6	2	0	0	0	0	0	0	0	0	0	0	0	0	0	12288	0	0
19260	523	48104	3	48107	194	9	2	0	0	0	0	0	0	0	0	0	0	0	0	0	12288	0	0
19260	524	48099	1	48100	192	12	2	0	0	0	0	0	0	0	0	0	0	0	0	3	12288	0	0
19260	525	48106	0	48106	194	9	2	0	0	0	0	0	0	0	0	0	0	0	0	0	12288	0	0
19260	526	48097	1	48098	194	9	0	0	0	0	0	0	0	0	0	0	0	0	0	0	12288	0	0
19260	527	48100	1	48101	194	9	2	0	0	0	0	0	0	0	0	0	0	0	0	0	12288	0	0
19260	528	48106	1	48107	194	9	0	0	0	0	0	0	0	0	0	0	0	0	0	0	12288	0	0
19260	529	48100	0	48100	194	8	6	0	0	0	0	0	0	0	0	0	0	0	0	0	12288	0	0
19260	530	48099	1	48100	190	12	6	0	0	0	0	0	0	0	0	0	0	0	0	3	12288	0	0
19260	531	48105	1	48106	190	11	2	0	0	0	0	0	0	0	0	0	0	0	0	0	12288	0	0
19260	532	48096	2	48098	194	10	2	0	0	0	0	0	0	0	0	0	0	0	0	0	12288	0	0
19260	533	48098	1	48099	190	15	2	0	0	0	0	0	0	0	0	0	0	0	0	0	12288	0	0
19260	534	48105	1	48106	192	9	2	0	0	0	0	0	0	0	0	0	0	0	0	0	12288	0	0
19260	535	48098	2	48100	194	8	0	0	0	0	0	0	0	0	0	0	0	0	0	0	12288	0	0
19260	536	48104	0	48104	198	7	2	0	0	0	0	0	0	0	0	0	0	0	0	3	12288	0	0
19260	537	48101	2	48103	194	7	0	0	0	0	0	0	0	0	0	0	0	0	0	0	12288	0	0
19260	538	48100	1	48101	188	15	6	0	0	0	0	0	0	0	0	0	0	0	0	0	12288	0	0
19260	539	48104	2	48106	196	4	6	0	0	0	0	0	0	0	0	0	0	0	0	0	12288	0	0
19260	540	48099	1	48100	192	12	2	0	0	0	0	0	0	0	0	0	0	0	0	0	12288	0	0
19260	541	48100	0	48100	194	8	2	0	0	0	0	0	0	0	0	0	0	0	0	0	12288	0	0
19260	542	48106	1	48107	190	13	2	0	0	0	0	0	0	0	0	0	0	0	0	3	12288	0	0
19260	543	48099	0	48099	188	15	2	0	0	0	0	0	0	0	0	0	0	0	0	0	12288	0	0
19260	544	48104	1	48105	192	12	0	0	0	0	0	0	0	0	0	0	0	0	0	0	12288	0	0
19260	545	48100	2	48102	196	6	2	0	0	0	0	0	0	0	0	0	0	0	0	0	12288	0	0
19260	546	48097	3	48100	194	6	0	0	0	0	0	0	0	0	0	0	0	0	0	0	12288	0	0
19260	547	48103	1	48104	192	13	6	0	0	0	0	0	0	0	0	0	0	0	0	0	12288	0	0
19260	548	48099	2	48101	194	7	6	0	0	0	0	0	0	0	0	0	0	0	0	0	12288	0	0
19260	549	48105	3	48108	194	9	2	0	0	0	0	0	0	0	0	0	0	0	0	3	28672	0	0
19260	550	48100	1	48101	192	11	2	0	0	0	0	0	0	0	0	0	0	0	0	0	12288	0	0
19260	551	48098	1	48099	192	10	2	0	0	0	0	0	0	0	0	0	0	0	0	0	12288	0	0
19260	552	48103	1	48104	192	11	2	0	0	0	0	0	0	0	0	0	0	0	0	0	12288	0	0
19260	553	48098	2	48100	196	7	0	0	0	0	0	0	0	0	0	0	0	0	0	0	12288	0	0
19260	554	48107	1	48108	194	7	2	0	0	0	0	0	0	0	0	0	0	0	0	0	12288	0	0
19260	555	48099	2	48101	192	9	0	0	0	0	0	0	0	0	0	0	0	0	0	3	12288	0	0
19260	556	48100	0	48100	196	6	6	0	0	0	0	0	0	0	0	0	0	0	0	0	28672	0	0
19260	557	48105	1	48106	196	6	6	0	0	0	0	0	0	0	0	0	0	0	0	0	12288	0	0
19260	558	48097	3	48100	190	13	2	0	0	0	0	0	0	0	0	0	0	0	0	0	12288	0	0
19260	559	48101	3	48104	188	15	2	0	0	0	0	0	0	0	0	0	0	0	0	0	12288	0	0
19260	560	48099	1	48100	192	10	2	0	0	0	0	0	0	0	0	0	0	0	0	0	12288	0	0
19260	561	48098	2	48100	192	11	2	0	0	0	0	0	0	0	0	0	0	0	0	3	12288	0	0
19260	562	48104	2	48106	194	9	0	0	0	0	0	0	0	0	0	0	0	0	0	0	12288	0	0
19260	563	48098	1	48099	188	14	2	0	0	0	0	0	0	0	0	0	0	0	0	0	12288	0	0
19260	564	48104	2	48106	196	7	0	0	0	0	0	0	0	0	0	0	0	0	0	0	12288	0	0
19260	565	48097	1	48098	190	11	6	0	0	0	0	0	0	0	0	0	0	0	0	0	12288	0	0
19260	566	48103	3	48106	194	8	6	0	0	0	0	0	0	0	0	0	0	0	0	0	12288	0	0
19260	567	48098	2	48100	190	14	2	0	0	0	0	0	0	0	0	0	0	0	0	3	28672	0	0
19260	568	48103	2	48105	194	8	2	0	0	0	0	0	0	0	0	0	0	0	0	0	12288	0	0
19260	569	48101	0	48101	194	7	2	0	0	0	0	0	0	0	0	0	0	0	0	0	12288	0	0
19260	570	48105	2	48107	192	9	2	0	0	0	0	0	0	0	0	0	0	0	0	0	12288	0	0
19260	571	48096	3	48099	196	8	0	0	0	0	0	0	0	0	0	0	0	0	0	0	12288	0	0
19260	572	48105	0	48105	198	4	2	0	0	0	0	0	0	0	0	0	0	0	0	0	12288	0	0
19260	573	48097	5	48102	192	11	1	0	0	0	0	0	0	0	0	0	0	0	0	3	49152	7	0
19260	574	48106	0	48106	194	9	6	0	0	0	0	0	0	0	0	0	0	0	0	0	12288	0	0
19260	575	48100	1	48101	196	7	6	0	0	0	0	0	0	0	0	0	0	0	0	0	12288	0	0
19260	576	48103	3	48106	192	9	2	0	0	0	0	0	0	0	0	0	0	0	0	0	12288	0	0
19260	577	48098	1	48099	192	12	2	0	0	0	0	0	0	0	0	0	0	0	0	0	12288	0	0
19260	578	48103	1	48104	192	9	2	0	0	0	0	0	0	0	0	0	0	0	0	0	12288	0	0
19260	579	48097	2	48099	192	10	2	0	0	0	0	0	0	0	0	0	0	0	0	0	12288	0	0
19260	580	48105	2	48107	194	7	0	0	0	0	0	0	0	0	0	0	0	0	0	3	12288	0	0
19260	581	48097	3	48100	196	7	2	0	0	0	0	0	0	0	0	0	0	0	0	0	12288	0	0
19260	582	48105	0	48105	194	10	0	0	0	0	0	0	0	0	0	0	0	0	0	0	12288	0	0
19260	583	48097	2	48099	196	6	6	0	0	0	0	0	0	0	0	0	0	0	0	0	12288	0	0
19260	584	48104	1	48105	192	10	6	0	0	0	0	0	0	0	0	0	0	0	0	0	12288	0	0
19260	585	48097	1	48098	192	11	2	0	0	0	0	0	0	0	0	0	0	0	0	0	12288	0	0
19260	586	48101	2	48103	198	6	2	0	0	0	0	0	0	0	0	0	0	0	0	3	12288	0	0
19260	587	48102	2	48104	190	14	2	0	0	0	0	0	0	0	0	0	0	0	0	0	12288	0	0
19260	588	48098	3	48101	194	7	2	0	0	0	0	0	0	0	0	0	0	0	0	0	12288	0	0
19260	589	48106	0	48106	188	15	0	0	0	0	0	0	0	0	0	0	0	0	0	0	12288	0	0
19260	590	48100	1	48101	194	7	2	0	0	0	0	0	0	0	0	0	0	0	0	0	12288	0	0
19260	591	48106	0	48106	194	8	0	0	0	0	0	0	0	0	0	0	0	0	0	0	12288	0	0
19260	592	48098	1	48099	192	12	6	0	0	0	0	0	0	0	0	0	0	0	0	3	12288	0	0
19260	593	48105	1	48106	192	10	6	0	0	0	0	0	0	0	0	0	0	0	0	0	12288	0	0
19260	594	48099	1	48100	188	14	2	0	0	0	0	0	0	0	0	0	0	0	0	0	12288	0	0
19260	595	48103	1	48104	190	15	2	0	0	0	0	0	0	0	0	0	0	0	0	0	12288	0	0
19260	596	48099	2	48101	188	13	2	0	0	0	0	0	0	0	0	0	0	0	0	0	12288	0	0
19260	597	48105	1	48106	192	10	2	0	0	0	0	0	0	0	0	0	0	0	0	0	12288	0	0
19260	598	48096	3	48099	194	8	0	0	0	0	0	0	0	0	0	0	0	0	0	3	12288	0	0
19260	599	48103	1	48104	196	8	2	0	0	0	0	0	0	0	0	0	0	0	0	0	12288	0	0
19260	600	48101	2	48103	194	9	0	0	0	0	0	0	0	0	0	0	0	0	0	0	12288	0	0
19260	601	48100	1	48101	193	9	6	0	0	0	0	0	0	0	0	0	0	0	0	0	12288	0	0
19260	602	48106	1	48107	194	7	6	0	0	0	0	0	0	0	0	0	0	0	0	0	12288	0	0
19260	603	48097	2	48099	192	10	2	0	0	0	0	0	0	0	0	0	0	0	0	0	12288	0	0
19260	604	48104	3	48107	190	11	2	0	0	0	0	0	0	0	0	0	0	0	0	3	12288	0	0
19260	605	48096	3	48099	190	12	2	0	0	0	0	0	0	0	0	0	0	0	0	0	12288	0	0
19260	606	48103	1	48104	192	10	2	0	0	0	0	0	0	0	0	0	0	0	0	0	12288	0	0
19260	607	48103	0	48103	196	8	0	0	0	0	0	0	0	0	0	0	0	0	0	0	12288	0	0
19260	608	48098	0	48098	192	10	2	0	0	0	0	0	0	0	0	0	0	0	0	0	12288	0	0
19260	609	48104	1	48105	188	16	0	0	0	0	0	0	0	0	0	0	0	0	0	0	12288	0	0
19260	610	48103	2	48105	194	9	6	0	0	0	0	0	0	0	0	0	0	0	0	0	12288	0	0
19260	611	48102	2	48104	192	8	6	0	0	0	0	0	0	0	0	0	0	0	0	0	12288	0	0
19260	612	48094	2	48096	194	7	2	0	0	0	0	0	0	0	0	0	0	0	0	0	12288	0	0
19260	613	48102	3	48105	198	5	2	0	0	0	0	0	0	0	0	0	0	0	0	0	12288	0	0
19260	614	48101	2	48103	196	9	2	0	0	0	0	0	0	0	0	0	0	0	0	0	12288	0	0
19260	615	48097	2	48099	194	7	2	0	0	0	0	0	0	0	0	0	0	0	0	0	12288	0	0
19260	616	48102	1	48103	192	13	0	0	0	0	0	0	0	0	0	0	0	0	0	0	12288	0	0
19260	617	48104	0	48104	190	12	2	0	0	0	0	0	0	0	0	0	0	0	0	3	12288	0	0
19260	618	48102	1	48103	194	6	0	0	0	0	0	0	0	0	0	0	0	0	0	0	12288	0	0
19260	619	48099	0	48099	196	8	6	0	0	0	0	0	0	0	0	0	0	0	0	0	12288	0	0
19260	620	48102	2	48104	192	10	6	0	0	0	0	0	0	0	0	0	0	0	0	0	28672	0	0
19260	621	48104	1	48105	194	7	2	0	0	0	0	0	0	0	0	0	0	0	0	0	12288	0	0
19260	622	48098	1	48099	192	9	2	0	0	0	0	0	0	0	0	0	0	0	0	0	12288	0	0
19260	623	48105	2	48107	192	11	2	0	0	0	0	0	0	0	0	0	0	0	0	3	28672	0	0
19260	624	48104	0	48104	196	7	2	0	0	0	0	0	0	0	0	0	0	0	0	0	12288	0	0
19260	625	48095	2	48097	196	7	2	0	0	0	0	0	0	0	0	0	0	0	0	0	12288	0	0
19260	626	48103	1	48104	194	10	2	0	0	0	0	0	0	0	0	0	0	0	0	0	12288	0	0
19260	627	48104	2	48106	194	7	0	0	0	0	0	0	0	0	0	0	0	0	0	0	12288	0	0
19260	628	48096	1	48097	192	13	4	0	0	0	0	0	0	0	0	0	0	0	0	0	12288	0	0
19260	629	48105	0	48105	198	5	4	0	0	0	0	0	0	0	0	0	0	0	0	3	12288	0	0
19260	630	48101	2	48103	190	15	2	0	0	0	0	0	0	0	0	0	0	0	0	0	12288	0	0
19260	631	48097	1	48098	192	10	2	0	0	0	0	0	0	0	0	0	0	0	0	0	12288	0	0
19260	632	48103	1	48104	194	10	2	0	0	0	0	0	0	0	0	0	0	0	0	0	12288	0	0
19260	633	48104	1	48105	192	10	2	0	0	0	0	0	0	0	0	0	0	0	0	0	12288	0	0
19260	634	48097	1	48098	194	8	0	0	0	0	0	0	0	0	0	0	0	0	0	0	12288	0	0
19260	635	48103	1	48104	196	8	2	0	0	0	0	0	0	0	0	0	0	0	0	3	12288	0	0
19260	636	48103	2	48105	192	10	0	0	0	0	0	0	0	0	0	0	0	0	0	0	12288	0	0
19260	637	48094	3	48097	194	11	6	0	0	0	0	0	0	0	0	0	0	0	0	0	12288	0	0
19260	638	48102	0	48102	196	9	4	0	0	0	0	0	0	0	0	0	0	0	0	0	12288	0	0
19260	639	48103	3	48106	194	7	2	0	0	0	0	0	0	0	0	0	0	0	0	0	12288	0	0
19260	640	48095	3	48098	190	14	2	0	0	0	0	0	0	0	0	0	0	0	0	0	12288	0	0
19260	641	48103	3	48106	192	10	2	0	0	0	0	0	0	0	0	0	0	0	0	3	12288	0	0
19260	642	48104	2	48106	190	11	4	0	0	0	0	0	0	0	0	0	0	0	0	0	12288	0	0
19260	643	48099	0	48099	196	7	0	0	0	0	0	0	0	0	0	0	0	0	0	0	12288	0	0
19260	644	48102	0	48102	194	10	2	0	0	0	0	0	0	0	0	0	0	0	0	0	12288	0	0
19260	645	48097	2	48099	188	12	0	0	0	0	0	0	0	0	0	0	0	0	0	0	12288	0	0
19260	646	48104	1	48105	194	7	6	0	0	0	0	0	0	0	0	0	0	0	0	0	12288	0	0
19260	647	48100	5	48105	194	8	6	0	0	0	0	0	0	0	0	0	0	0	0	0	12288	0	0
19260	648	48104	2	48106	192	9	3	0	0	0	0	0	0	0	0	0	0	0	0	3	49152	7	0
19260	649	48098	1	48099	194	9	2	0	0	0	0	0	0	0	0	0	0	0	0	0	12288	0	0
19260	650	48103	2	48105	190	11	2	0	0	0	0	0	0	0	0	0	0	0	0	0	12288	0	0
19260	651	48103	0	48103	194	7	2	0	0	0	0	0	0	0	0	0	0	0	0	0	12288	0	0
19260	652	48102	2	48104	194	9	0	0	0	0	0	0	0	0	0	0	0	0	0	0	12288	0	0
19260	653	48100	4	48104	188	14	2	0	0	0	0	0	0	0	0	0	0	0	0	0	12288	0	0
19260	654	48097	1	48098	194	7	0	0	0	0	0	0	0	0	0	0	0	0	0	3	12288	0	0
19260	655	48103	2	48105	192	9	6	0	0	0	0	0	0	0	0	0	0	0	0	0	12288	0	0
19260	656	48103	1	48104	196	7	6	0	0	0	0	0	0	0	0	0	0	0	0	0	12288	0	0
19260	657	48103	0	48103	192	11	2	0	0	0	0	0	0	0	0	0	0	0	0	0	12288	0	0
19260	658	48100	2	48102	198	5	2	0	0	0	0	0	0	0	0	0	0	0	0	0	12288	0	0
19260	659	48098	2	48100	192	9	2	0	0	0	0	0	0	0	0	0	0	0	0	0	12288	0	0
19260	660	48103	1	48104	192	12	2	0	0	0	0	0	0	0	0	0	0	0	0	3	12288	0	0
19260	661	48104	0	48104	194	8	0	0	0	0	0	0	0	0	0	0	0	0	0	0	12288	0	0
19260	662	48102	0	48102	191	13	2	0	0	0	0	0	0	0	0	0	0	0	0	0	12288	0	0
19260	663	48097	0	48097	188	14	0	0	0	0	0	0	0	0	0	0	0	0	0	0	12288	0	0
19260	664	48101	3	48104	196	6	6	0	0	0	0	0	0	0	0	0	0	0	0	0	12288	0	0
19260	665	48102	2	48104	194	8	6	0	0	0	0	0	0	0	0	0	0	0	0	0	12288	0	0
19260	666	48104	1	48105	196	7	2	0	0	0	0	0	0	0	0	0	0	0	0	3	12288	0	0
19260	667	48097	2	48099	196	5	2	0	0	0	0	0	0	0	0	0	0	0	0	0	12288	0	0
19260	668	48103	1	48104	194	10	2	0	0	0	0	0	0	0	0	0	0	0	0	0	12288	0	0
19260	669	48104	1	48105	194	7	2	0	0	0	0	0	0	0	0	0	0	0	0	0	12288	0	0
19260	670	48103	0	48103	196	7	0	0	0	0	0	0	0	0	0	0	0	0	0	0	12288	0	0
19260	671	48096	1	48097	194	8	2	0	0	0	0	0	0	0	0	0	0	0	0	0	12288	0	0
19260	672	48102	2	48104	192	10	0	0	0	0	0	0	0	0	0	0	0	0	0	3	12288	0	0
19260	673	48101	3	48104	186	16	6	0	0	0	0	0	0	0	0	0	0	0	0	0	12288	0	0
19260	674	48104	1	48105	188	13	6	0	0	0	0	0	0	0	0	0	0	0	0	0	12288	0	0
19260	675	48095	1	48096	192	11	2	0	0	0	0	0	0	0	0	0	0	0	0	0	12288	0	0
19260	676	48104	1	48105	192	10	2	0	0	0	0	0	0	0	0	0	0	0	0	0	12288	0	0
19260	677	48102	2	48104	194	6	2	0	0	0	0	0	0	0	0	0	0	0	0	0	12288	0	0
19260	678	48103	1	48104	196	7	2	0	0	0	0	0	0	0	0	0	0	0	0	0	12288	0	0
19260	679	48097	0	48097	194	10	0	0	0	0	0	0	0	0	0	0	0	0	0	3	12288	0	0
19260	680	48104	1	48105	190	13	2	0	0	0	0	0	0	0	0	0	0	0	0	0	12288	0	0
19260	681	48100	3	48103	192	13	0	0	0	0	0	0	0	0	0	0	0	0	0	0	12288	0	0
19260	682	48097	1	48098	192	10	6	0	0	0	0	0	0	0	0	0	0	0	0	0	12288	0	0
19260	683	48104	1	48105	194	7	6	0	0	0	0	0	0	0	0	0	0	0	0	0	12288	0	0
19260	684	48102	2	48104	198	4	2	0	0	0	0	0	0	0	0	0	0	0	0	0	28672	0	0
19260	685	48102	1	48103	192	12	2	0	0	0	0	0	0	0	0	0	0	0	0	3	12288	0	0
19260	686	48097	2	48099	196	8	2	0	0	0	0	0	0	0	0	0	0	0	0	0	12288	0	0
19260	687	48104	0	48104	188	14	2	0	0	0	0	0	0	0	0	0	0	0	0	0	12288	0	0
19260	688	48102	1	48103	194	9	0	0	0	0	0	0	0	0	0	0	0	0	0	0	12288	0	0
19260	689	48096	1	48097	194	10	2	0	0	0	0	0	0	0	0	0	0	0	0	0	12288	0	0
19260	690	48102	0	48102	194	9	0	0	0	0	0	0	0	0	0	0	0	0	0	0	12288	0	0
19260	691	48102	2	48104	196	7	6	0	0	0	0	0	0	0	0	0	0	0	0	3	12288	0	0
19260	692	48102	1	48103	194	8	6	0	0	0	0	0	0	0	0	0	0	0	0	0	12288	0	0
19260	693	48097	0	48097	188	16	2	0	0	0	0	0	0	0	0	0	0	0	0	0	12288	0	0
19260	694	48103	1	48104	192	13	2	0	0	0	0	0	0	0	0	0	0	0	0	0	12288	0	0
19260	695	48105	0	48105	190	11	2	0	0	0	0	0	0	0	0	0	0	0	0	0	12288	0	0
19260	696	48103	2	48105	196	5	2	0	0	0	0	0	0	0	0	0	0	0	0	0	12288	0	0
19260	697	48101	1	48102	192	12	0	0	0	0	0	0	0	0	0	0	0	0	0	3	12288	0	0
19260	698	48096	2	48098	192	11	2	0	0	0	0	0	0	0	0	0	0	0	0	0	12288	0	0
19260	699	48103	1	48104	192	11	0	0	0	0	0	0	0	0	0	0	0	0	0	0	12288	0	0
19260	700	48104	1	48105	188	15	6	0	0	0	0	0	0	0	0	0	0	0	0	0	12288	0	0
19260	701	48104	0	48104	190	14	6	0	0	0	0	0	0	0	0	0	0	0	0	0	12288	0	0
19260	702	48095	2	48097	196	8	2	0	0	0	0	0	0	0	0	0	0	0	0	0	12288	0	0
19260	703	48103	1	48104	190	10	2	0	0	0	0	0	0	0	0	0	0	0	0	3	12288	0	0
19260	704	48102	1	48103	188	14	2	0	0	0	0	0	0	0	0	0	0	0	0	0	12288	0	0
19260	705	48103	0	48103	194	10	2	0	0	0	0	0	0	0	0	0	0	0	0	0	12288	0	0
19260	706	48096	1	48097	194	9	0	0	0	0	0	0	0	0	0	0	0	0	0	0	12288	0	0
19260	707	48104	1	48105	192	9	2	0	0	0	0	0	0	0	0	0	0	0	0	0	12288	0	0
19260	708	48102	2	48104	194	9	0	0	0	0	0	0	0	0	0	0	0	0	0	0	12288	0	0
19260	709	48104	0	48104	194	9	6	0	0	0	0	0	0	0	0	0	0	0	0	0	12288	0	0
19260	710	48096	1	48097	192	8	6	0	0	0	0	0	0	0	0	0	0	0	0	0	12288	0	0
19260	711	48102	2	48104	190	12	2	0	0	0	0	0	0	0	0	0	0	0	0	0	12288	0	0
19260	712	48104	1	48105	188	15	2	0	0	0	0	0	0	0	0	0	0	0	0	0	12288	0	0
19260	713	48104	0	48104	198	6	2	0	0	0	0	0	0	0	0	0	0	0	0	0	12288	0	0
19260	714	48096	1	48097	194	10	2	0	0	0	0	0	0	0	0	0	0	0	0	0	12288	0	0
19260	715	48104	1	48105	194	9	0	0	0	0	0	0	0	0	0	0	0	0	0	0	12288	0	0
19260	716	48100	3	48103	194	8	2	0	0	0	0	0	0	0	0	0	0	0	0	3	12288	0	0
19260	717	48101	2	48103	194	7	0	0	0	0	0	0	0	0	0	0	0	0	0	0	12288	0	0
19260	718	48096	1	48097	196	6	6	0	0	0	0	0	0	0	0	0	0	0	0	0	12288	0	0
19260	719	48101	2	48103	196	8	6	0	0	0	0	0	0	0	0	0	0	0	0	0	12288	0	0
19260	720	48103	1	48104	194	8	2	0	0	0	0	0	0	0	0	0	0	0	0	0	12288	0	0
19260	721	48105	0	48105	190	13	2	0	0	0	0	0	0	0	0	0	0	0	0	0	12288	0	0
19260	722	48097	3	48100	192	12	3	0	0	0	0	0	0	0	0	0	0	0	0	3	49152	7	0
19260	723	48101	1	48102	198	4	2	0	0	0	0	0	0	0	0	0	0	0	0	0	12288	0	0
19260	724	48104	0	48104	192	11	0	0	0	0	0	0	0	0	0	0	0	0	0	0	12288	0	0
19260	725	48105	0	48105	194	9	2	0	0	0	0	0	0	0	0	0	0	0	0	0	12288	0	0
19260	726	48097	1	48098	194	7	0	0	0	0	0	0	0	0	0	0	0	0	0	0	12288	0	0
19260	727	48101	3	48104	196	8	6	0	0	0	0	0	0	0	0	0	0	0	0	0	12288	0	0
19260	728	48104	1	48105	192	9	6	0	0	0	0	0	0	0	0	0	0	0	0	3	12288	0	0
19260	729	48102	2	48104	196	8	2	0	0	0	0	0	0	0	0	0	0	0	0	0	12288	0	0
19260	730	48095	2	48097	194	8	2	0	0	0	0	0	0	0	0	0	0	0	0	0	12288	0	0
19260	731	48101	2	48103	192	12	2	0	0	0	0	0	0	0	0	0	0	0	0	0	12288	0	0
19260	732	48100	3	48103	192	12	2	0	0	0	0	0	0	0	0	0	0	0	0	0	12288	0	0
19260	733	48097	0	48097	194	9	0	0	0	0	0	0	0	0	0	0	0	0	0	0	12288	0	0
19260	734	48099	3	48102	188	17	2	0	0	0	0	0	0	0	0	0	0	0	0	3	12288	0	0
19260	735	48102	2	48104	194	9	0	0	0	0	0	0	0	0	0	0	0	0	0	0	12288	0	0
19260	736	48102	2	48104	190	8	6	0	0	0	0	0	0	0	0	0	0	0	0	0	12288	0	0
19260	737	48097	2	48099	192	11	6	0	0	0	0	0	0	0	0	0	0	0	0	0	12288	0	0
19260	738	48101	2	48103	192	13	2	0	0	0	0	0	0	0	0	0	0	0	0	0	12288	0	0
19260	739	48105	1	48106	186	15	2	0	0	0	0	0	0	0	0	0	0	0	0	0	12288	0	0
19260	740	48097	1	48098	192	10	2	0	0	0	0	0	0	0	0	0	0	0	0	3	12288	0	0
19260	741	48104	1	48105	186	17	2	0	0	0	0	0	0	0	0	0	0	0	0	0	12288	0	0
19260	742	48101	3	48104	194	8	0	0	0	0	0	0	0	0	0	0	0	0	0	0	12288	0	0
19260	743	48097	0	48097	192	9	2	0	0	0	0	0	0	0	0	0	0	0	0	0	12288	0	0
19260	744	48104	1	48105	192	9	0	0	0	0	0	0	0	0	0	0	0	0	0	0	12288	0	0
19260	745	48103	1	48104	196	6	6	0	0	0	0	0	0	0	0	0	0	0	0	0	12288	0	0
19260	746	48100	2	48102	196	5	6	0	0	0	0	0	0	0	0	0	0	0	0	0	12288	0	0
19260	747	48101	3	48104	188	14	2	0	0	0	0	0	0	0	0	0	0	0	0	3	12288	0	0
19260	748	48104	1	48105	190	12	2	0	0	0	0	0	0	0	0	0	0	0	0	0	28672	0	0
19260	749	48101	2	48103	188	12	2	0	0	0	0	0	0	0	0	0	0	0	0	0	12288	0	0
19260	750	48101	0	48101	196	7	2	0	0	0	0	0	0	0	0	0	0	0	0	0	12288	0	0
19260	751	48103	1	48104	192	12	0	0	0	0	0	0	0	0	0	0	0	0	0	0	12288	0	0
19260	752	48103	2	48105	192	9	2	0	0	0	0	0	0	0	0	0	0	0	0	0	12288	0	0
19260	753	48100	1	48101	198	5	0	0	0	0	0	0	0	0	0	0	0	0	0	3	12288	0	0
19260	754	48104	0	48104	194	7	6	0	0	0	0	0	0	0	0	0	0	0	0	0	12288	0	0
19260	755	48104	1	48105	194	7	6	0	0	0	0	0	0	0	0	0	0	0	0	0	12288	0	0
19260	756	48096	2	48098	194	13	2	0	0	0	0	0	0	0	0	0	0	0	0	0	12288	0	0
19260	757	48100	1	48101	194	7	2	0	0	0	0	0	0	0	0	0	0	0	0	0	12288	0	0
19260	758	48102	2	48104	196	8	2	0	0	0	0	0	0	0	0	0	0	0	0	0	12288	0	0
19260	759	48099	4	48103	192	12	2	0	0	0	0	0	0	0	0	0	0	0	0	3	12288	0	0
19260	760	48102	3	48105	186	17	0	0	0	0	0	0	0	0	0	0	0	0	0	0	12288	0	0
19260	761	48096	0	48096	192	12	2	0	0	0	0	0	0	0	0	0	0	0	0	0	12288	0	0
19260	762	48099	5	48104	194	8	0	0	0	0	0	0	0	0	0	0	0	0	0	0	12288	0	0
19260	763	48101	2	48103	196	4	6	0	0	0	0	0	0	0	0	0	0	0	0	0	12288	0	0
19260	764	48104	0	48104	192	11	6	0	0	0	0	0	0	0	0	0	0	0	0	0	12288	0	0
19260	765	48097	0	48097	190	12	2	0	0	0	0	0	0	0	0	0	0	0	0	3	12288	0	0
19260	766	48103	2	48105	196	5	2	0	0	0	0	0	0	0	0	0	0	0	0	0	12288	0	0
19260	767	48103	0	48103	190	13	2	0	0	0	0	0	0	0	0	0	0	0	0	0	12288	0	0
19260	768	48104	0	48104	198	5	2	0	0	0	0	0	0	0	0	0	0	0	0	0	12288	0	0
19260	769	48097	0	48097	192	9	0	0	0	0	0	0	0	0	0	0	0	0	0	0	12288	0	0
19260	770	48101	2	48103	194	9	2	0	0	0	0	0	0	0	0	0	0	0	0	0	12288	0	0
19260	771	48105	0	48105	192	11	0	0	0	0	0	0	0	0	0	0	0	0	0	3	12288	0	0
19260	772	48099	1	48100	194	9	6	0	0	0	0	0	0	0	0	0	0	0	0	0	12288	0	0
19260	773	48102	1	48103	186	16	6	0	0	0	0	0	0	0	0	0	0	0	0	0	12288	0	0
19260	774	48103	1	48104	196	6	2	0	0	0	0	0	0	0	0	0	0	0	0	0	12288	0	0
19260	775	48103	2	48105	196	7	2	0	0	0	0	0	0	0	0	0	0	0	0	0	12288	0	0
19260	776	48094	3	48097	192	10	2	0	0	0	0	0	0	0	0	0	0	0	0	0	12288	0	0
19260	777	48103	2	48105	196	7	2	0	0	0	0	0	0	0	0	0	0	0	0	0	12288	0	0
19260	778	48103	1	48104	192	10	0	0	0	0	0	0	0	0	0	0	0	0	0	3	12288	0	0
19260	779	48097	2	48099	190	13	2	0	0	0	0	0	0	0	0	0	0	0	0	0	12288	0	0
19260	780	48103	1	48104	194	10	0	0	0	0	0	0	0	0	0	0	0	0	0	0	12288	0	0
19260	781	48102	2	48104	194	10	6	0	0	0	0	0	0	0	0	0	0	0	0	0	12288	0	0
19260	782	48095	3	48098	196	8	6	0	0	0	0	0	0	0	0	0	0	0	0	0	12288	0	0
19260	783	48102	0	48102	192	12	2	0	0	0	0	0	0	0	0	0	0	0	0	0	12288	0	0
19260	784	48100	4	48104	192	12	2	0	0	0	0	0	0	0	0	0	0	0	0	3	12288	0	0
19260	785	48096	3	48099	198	5	2	0	0	0	0	0	0	0	0	0	0	0	0	0	12288	0	0
19260	786	48101	4	48105	194	9	2	0	0	0	0	0	0	0	0	0	0	0	0	0	12288	0	0
19260	787	48101	2	48103	190	13	2	0	0	0	0	0	0	0	0	0	0	0	0	0	12288	0	0
19260	788	48098	1	48099	192	11	2	0	0	0	0	0	0	0	0	0	0	0	0	0	12288	0	0
19260	789	48102	2	48104	198	4	0	0	0	0	0	0	0	0	0	0	0	0	0	0	12288	0	0
19260	790	48105	1	48106	198	5	4	0	0	0	0	0	0	0	0	0	0	0	0	3	12288	0	0
19260	791	48098	1	48099	196	5	6	0	0	0	0	0	0	0	0	0	0	0	0	0	12288	0	0
19260	792	48105	0	48105	192	11	2	0	0	0	0	0	0	0	0	0	0	0	0	0	12288	0	0
19260	793	48106	0	48106	193	9	2	0	0	0	0	0	0	0	0	0	0	0	0	0	12288	0	0
19260	794	48096	3	48099	192	11	2	0	0	0	0	0	0	0	0	0	0	0	0	0	12288	0	0
19260	795	48104	1	48105	186	15	2	0	0	0	0	0	0	0	0	0	0	0	0	0	12288	0	0
19260	796	48106	0	48106	196	4	3	0	0	0	0	0	0	0	0	0	0	0	0	3	49152	7	0
19260	797	48100	0	48100	192	9	2	0	0	0	0	0	0	0	0	0	0	0	0	0	12288	0	0
19260	798	48102	2	48104	194	8	0	0	0	0	0	0	0	0	0	0	0	0	0	0	12288	0	0
19260	799	48103	3	48106	188	13	6	0	0	0	0	0	0	0	0	0	0	0	0	0	12288	0	0
19260	800	48097	1	48098	196	6	4	0	0	0	0	0	0	0	0	0	0	0	0	0	12288	0	0
19260	801	48103	2	48105	198	5	2	0	0	0	0	0	0	0	0	0	0	0	0	0	12288	0	0
19260	802	48102	2	48104	196	6	2	0	0	0	0	0	0	0	0	0	0	0	0	3	12288	0	0
19260	803	48097	1	48098	190	14	2	0	0	0	0	0	0	0	0	0	0	0	0	0	12288	0	0
19260	804	48104	1	48105	192	11	2	0	0	0	0	0	0	0	0	0	0	0	0	0	12288	0	0
19260	805	48106	0	48106	192	9	0	0	0	0	0	0	0	0	0	0	0	0	0	0	12288	0	0
19260	806	48097	0	48097	194	9	2	0	0	0	0	0	0	0	0	0	0	0	0	0	12288	0	0
19260	807	48101	4	48105	194	7	0	0	0	0	0	0	0	0	0	0	0	0	0	0	12288	0	0
19260	808	48103	2	48105	196	7	6	0	0	0	0	0	0	0	0	0	0	0	0	0	12288	0	0
19260	809	48097	1	48098	196	7	6	0	0	0	0	0	0	0	0	0	0	0	0	0	12288	0	0
19260	810	48104	1	48105	194	7	2	0	0	0	0	0	0	0	0	0	0	0	0	0	12288	0	0
19260	811	48105	1	48106	190	14	2	0	0	0	0	0	0	0	0	0	0	0	0	0	12288	0	0
19260	812	48098	1	48099	194	9	2	0	0	0	0	0	0	0	0	0	0	0	0	0	32768	0	0
19260	813	48102	2	48104	192	12	2	0	0	0	0	0	0	0	0	0	0	0	0	0	12288	0	0
19260	814	48103	1	48104	190	13	0	0	0	0	0	0	0	0	0	0	0	0	0	0	12288	0	0
19260	815	48098	1	48099	194	6	2	0	0	0	0	0	0	0	0	0	0	0	0	3	12288	0	0
19260	816	48104	1	48105	192	12	0	0	0	0	0	0	0	0	0	0	0	0	0	0	12288	0	0
19260	817	48098	3	48101	194	10	6	0	0	0	0	0	0	0	0	0	0	0	0	0	12288	0	0
19260	818	48102	2	48104	196	8	6	0	0	0	0	0	0	0	0	0	0	0	0	0	12288	0	0
19260	819	48105	0	48105	196	8	2	0	0	0	0	0	0	0	0	0	0	0	0	0	12288	0	0
19260	820	48100	0	48100	198	5	2	0	0	0	0	0	0	0	0	0	0	0	0	0	12288	0	0
19260	821	48103	1	48104	194	10	2	0	0	0	0	0	0	0	0	0	0	0	0	3	12288	0	0
19260	822	48095	3	48098	194	9	2	0	0	0	0	0	0	0	0	0	0	0	0	0	12288	0	0
19260	823	48102	3	48105	194	10	0	0	0	0	0	0	0	0	0	0	0	0	0	0	12288	0	0
19260	824	48095	4	48099	194	8	2	0	0	0	0	0	0	0	0	0	0	0	0	0	12288	0	0
19260	825	48105	0	48105	194	10	0	0	0	0	0	0	0	0	0	0	0	0	0	0	12288	0	0
19260	826	48104	1	48105	198	6	6	0	0	0	0	0	0	0	0	0	0	0	0	0	12288	0	0
19260	827	48097	2	48099	192	10	6	0	0	0	0	0	0	0	0	0	0	0	0	3	12288	0	0
19260	828	48099	4	48103	195	9	2	0	0	0	0	0	0	0	0	0	0	0	0	0	12288	0	0
19260	829	48096	1	48097	188	13	2	0	0	0	0	0	0	0	0	0	0	0	0	0	12288	0	0
19260	830	48103	2	48105	194	10	2	0	0	0	0	0	0	0	0	0	0	0	0	0	12288	0	0
19260	831	48097	2	48099	192	10	2	0	0	0	0	0	0	0	0	0	0	0	0	0	12288	0	0
19260	832	48103	2	48105	190	12	0	0	0	0	0	0	0	0	0	0	0	0	0	0	12288	0	0
19260	833	48102	3	48105	192	9	2	0	0	0	0	0	0	0	0	0	0	0	0	3	12288	0	0
19260	834	48101	1	48102	192	10	0	0	0	0	0	0	0	0	0	0	0	0	0	0	12288	0	0
19260	835	48105	0	48105	196	4	6	0	0	0	0	0	0	0	0	0	0	0	0	0	12288	0	0
19260	836	48096	4	48100	194	7	6	0	0	0	0	0	0	0	0	0	0	0	0	0	12288	0	0
19260	837	48105	0	48105	190	12	2	0	0	0	0	0	0	0	0	0	0	0	0	0	12288	0	0
19260	838	48095	3	48098	192	12	2	0	0	0	0	0	0	0	0	0	0	0	0	0	12288	0	0
19260	839	48104	0	48104	195	9	2	0	0	0	0	0	0	0	0	0	0	0	0	3	12288	0	0
19260	840	48099	1	48100	192	9	2	0	0	0	0	0	0	0	0	0	0	0	0	0	12288	0	0
19260	841	48101	4	48105	190	14	0	0	0	0	0	0	0	0	0	0	0	0	0	0	12288	0	0
19260	842	48100	1	48101	192	9	2	0	0	0	0	0	0	0	0	0	0	0	0	0	12288	0	0
19260	843	48102	0	48102	194	11	0	0	0	0	0	0	0	0	0	0	0	0	0	0	12288	0	0
19260	844	48105	1	48106	196	5	6	0	0	0	0	0	0	0	0	0	0	0	0	0	12288	0	0
19260	845	48100	0	48100	194	9	6	0	0	0	0	0	0	0	0	0	0	0	0	0	12288	0	0
19260	846	48103	2	48105	192	10	2	0	0	0	0	0	0	0	0	0	0	0	0	3	12288	0	0
19260	847	48099	1	48100	196	6	2	0	0	0	0	0	0	0	0	0	0	0	0	0	12288	0	0
19260	848	48103	2	48105	188	12	2	0	0	0	0	0	0	0	0	0	0	0	0	0	12288	0	0
19260	849	48097	3	48100	192	11	2	0	0	0	0	0	0	0	0	0	0	0	0	0	12288	0	0
19260	850	48102	4	48106	194	7	0	0	0	0	0	0	0	0	0	0	0	0	0	0	12288	0	0
19260	851	48099	0	48099	190	14	2	0	0	0	0	0	0	0	0	0	0	0	0	0	12288	0	0
19260	852	48105	1	48106	192	9	0	0	0	0	0	0	0	0	0	0	0	0	0	3	12288	0	0
19260	853	48101	2	48103	194	9	6	0	0	0	0	0	0	0	0	0	0	0	0	0	12288	0	0
19260	854	48101	2	48103	190	13	6	0	0	0	0	0	0	0	0	0	0	0	0	0	12288	0	0
19260	855	48102	4	48106	196	4	2	0	0	0	0	0	0	0	0	0	0	0	0	0	12288	0	0
19260	856	48099	0	48099	192	10	2	0	0	0	0	0	0	0	0	0	0	0	0	0	12288	0	0
19260	857	48103	2	48105	196	6	2	0	0	0	0	0	0	0	0	0	0	0	0	0	12288	0	0
19260	858	48099	1	48100	192	10	2	0	0	0	0	0	0	0	0	0	0	0	0	3	12288	0	0
19260	859	48104	1	48105	196	8	0	0	0	0	0	0	0	0	0	0	0	0	0	0	12288	0	0
19260	860	48097	1	48098	194	10	2	0	0	0	0	0	0	0	0	0	0	0	0	0	12288	0	0
19260	861	48105	0	48105	192	8	0	0	0	0	0	0	0	0	0	0	0	0	0	0	12288	0	0
19260	862	48096	2	48098	190	11	6	0	0	0	0	0	0	0	0	0	0	0	0	0	12288	0	0
19260	863	48106	0	48106	196	7	6	0	0	0	0	0	0	0	0	0	0	0	0	0	12288	0	0
19260	864	48104	1	48105	190	12	2	0	0	0	0	0	0	0	0	0	0	0	0	3	12288	0	0
19260	865	48096	3	48099	194	8	2	0	0	0	0	0	0	0	0	0	0	0	0	0	12288	0	0
19260	866	48106	0	48106	196	5	2	0	0	0	0	0	0	0	0	0	0	0	0	0	12288	0	0
19260	867	48099	1	48100	194	8	2	0	0	0	0	0	0	0	0	0	0	0	0	0	12288	0	0
19260	868	48104	0	48104	196	6	0	0	0	0	0	0	0	0	0	0	0	0	0	0	12288	0	0
19260	869	48098	1	48099	188	16	2	0	0	0	0	0	0	0	0	0	0	0	0	0	12288	0	0
19260	870	48108	1	48109	194	9	1	0	0	0	0	0	0	0	0	0	0	0	0	3	49152	7	0
19260	871	48098	2	48100	194	9	6	0	0	0	0	0	0	0	0	0	0	0	0	0	12288	0	0
19260	872	48103	2	48105	192	10	6	0	0	0	0	0	0	0	0	0	0	0	0	0	12288	0	0
19260	873	48105	1	48106	192	7	2	0	0	0	0	0	0	0	0	0	0	0	0	0	12288	0	0
19260	874	48098	3	48101	194	9	2	0	0	0	0	0	0	0	0	0	0	0	0	0	12288	0	0
19260	875	48103	0	48103	196	8	2	0	0	0	0	0	0	0	0	0	0	0	0	0	12288	0	0
19260	876	48098	1	48099	196	7	2	0	0	0	0	0	0	0	0	0	0	0	0	0	32768	0	0
19260	877	48103	3	48106	198	5	0	0	0	0	0	0	0	0	0	0	0	0	0	3	12288	0	0
19260	878	48097	1	48098	190	12	2	0	0	0	0	0	0	0	0	0	0	0	0	0	12288	0	0
19260	879	48103	2	48105	192	10	0	0	0	0	0	0	0	0	0	0	0	0	0	0	12288	0	0
19260	880	48098	2	48100	192	13	6	0	0	0	0	0	0	0	0	0	0	0	0	0	12288	0	0
19260	881	48104	0	48104	195	7	6	0	0	0	0	0	0	0	0	0	0	0	0	0	12288	0	0
19260	882	48099	1	48100	190	15	2	0	0	0	0	0	0	0	0	0	0	0	0	0	12288	0	0
19260	883	48103	2	48105	194	10	2	0	0	0	0	0	0	0	0	0	0	0	0	3	12288	0	0
19260	884	48097	3	48100	194	10	2	0	0	0	0	0	0	0	0	0	0	0	0	0	12288	0	0
19260	885	48105	1	48106	196	6	2	0	0	0	0	0	0	0	0	0	0	0	0	0	12288	0	0
19260	886	48098	1	48099	196	8	0	0	0	0	0	0	0	0	0	0	0	0	0	0	12288	0	0
19260	887	48105	1	48106	194	9	2	0	0	0	0	0	0	0	0	0	0	0	0	0	12288	0	0
19260	888	48099	1	48100	194	8	0	0	0	0	0	0	0	0	0	0	0	0	0	0	12288	0	0
19260	889	48098	1	48099	194	8	6	0	0	0	0	0	0	0	0	0	0	0	0	3	12288	0	0
19260	890	48105	2	48107	188	13	6	0	0	0	0	0	0	0	0	0	0	0	0	0	12288	0	0
19260	891	48100	1	48101	196	7	2	0	0	0	0	0	0	0	0	0	0	0	0	0	12288	0	0
19260	892	48104	1	48105	188	17	2	0	0	0	0	0	0	0	0	0	0	0	0	0	12288	0	0
19260	893	48099	1	48100	194	8	2	0	0	0	0	0	0	0	0	0	0	0	0	0	12288	0	0
19260	894	48101	4	48105	196	9	2	0	0	0	0	0	0	0	0	0	0	0	0	0	12288	0	0
19260	895	48096	2	48098	196	7	0	0	0	0	0	0	0	0	0	0	0	0	0	3	12288	0	0
19260	896	48103	3	48106	192	10	2	0	0	0	0	0	0	0	0	0	0	0	0	0	12288	0	0
19260	897	48099	1	48100	196	6	0	0	0	0	0	0	0	0	0	0	0	0	0	0	12288	0	0
19260	898	48104	2	48106	192	10	6	0	0	0	0	0	0	0	0	0	0	0	0	0	12288	0	0
19260	899	48096	3	48099	190	14	6	0	0	0	0	0	0	0	0	0	0	0	0	0	12288	0	0
19260	900	48104	0	48104	196	9	2	0	0	0	0	0	0	0	0	0	0	0	0	0	12288	0	0
19260	901	48101	1	48102	196	7	2	0	0	0	0	0	0	0	0	0	0	0	0	3	12288	0	0
19260	902	48098	1	48099	194	9	2	0	0	0	0	0	0	0	0	0	0	0	0	0	12288	0	0
19260	903	48104	1	48105	194	10	2	0	0	0	0	0	0	0	0	0	0	0	0	0	12288	0	0
19260	904	48099	2	48101	190	11	0	0	0	0	0	0	0	0	0	0	0	0	0	0	12288	0	0
19260	905	48105	0	48105	192	12	2	0	0	0	0	0	0	0	0	0	0	0	0	0	12288	0	0
19260	906	48096	1	48097	194	12	0	0	0	0	0	0	0	0	0	0	0	0	0	0	12288	0	0
19260	907	48102	4	48106	194	9	6	0	0	0	0	0	0	0	0	0	0	0	0	3	12288	0	0
19260	908	48097	2	48099	192	9	6	0	0	0	0	0	0	0	0	0	0	0	0	0	12288	0	0
19260	909	48096	1	48097	190	13	2	0	0	0	0	0	0	0	0	0	0	0	0	0	12288	0	0
19260	910	48101	3	48104	192	13	2	0	0	0	0	0	0	0	0	0	0	0	0	0	12288	0	0
19260	911	48098	3	48101	190	11	2	0	0	0	0	0	0	0	0	0	0	0	0	0	12288	0	0
19260	912	48105	0	48105	194	10	2	0	0	0	0	0	0	0	0	0	0	0	0	0	12288	0	0
19260	913	48096	3	48099	196	8	0	0	0	0	0	0	0	0	0	0	0	0	0	0	12288	0	0
19260	914	48104	2	48106	192	12	2	0	0	0	0	0	0	0	0	0	0	0	0	3	12288	0	0
19260	915	48098	1	48099	192	10	0	0	0	0	0	0	0	0	0	0	0	0	0	0	12288	0	0
19260	916	48105	0	48105	194	9	6	0	0	0	0	0	0	0	0	0	0	0	0	0	12288	0	0
19260	917	48098	3	48101	194	10	6	0	0	0	0	0	0	0	0	0	0	0	0	0	12288	0	0
19260	918	48099	1	48100	192	11	2	0	0	0	0	0	0	0	0	0	0	0	0	0	12288	0	0
19260	919	48104	2	48106	194	9	2	0	0	0	0	0	0	0	0	0	0	0	0	0	12288	0	0
19260	920	48104	0	48104	196	5	2	0	0	0	0	0	0	0	0	0	0	0	0	3	28672	0	0
19260	921	48104	2	48106	192	10	2	0	0	0	0	0	0	0	0	0	0	0	0	0	12288	0	0
19260	922	48097	2	48099	190	12	0	0	0	0	0	0	0	0	0	0	0	0	0	0	12288	0	0
19260	923	48103	2	48105	192	12	2	0	0	0	0	0	0	0	0	0	0	0	0	0	12288	0	0
19260	924	48098	1	48099	192	12	0	0	0	0	0	0	0	0	0	0	0	0	0	0	12288	0	0
19260	925	48105	1	48106	196	7	6	0	0	0	0	0	0	0	0	0	0	0	0	0	12288	0	0
19260	926	48098	3	48101	194	10	6	0	0	0	0	0	0	0	0	0	0	0	0	3	12288	0	0
19260	927	48095	5	48100	196	7	2	0	0	0	0	0	0	0	0	0	0	0	0	0	12288	0	0
19260	928	48103	3	48106	194	9	2	0	0	0	0	0	0	0	0	0	0	0	0	0	12288	0	0
19260	929	48095	2	48097	193	10	2	0	0	0	0	0	0	0	0	0	0	0	0	0	12288	0	0
19260	930	48104	1	48105	192	11	2	0	0	0	0	0	0	0	0	0	0	0	0	0	12288	0	0
19260	931	48099	1	48100	192	10	0	0	0	0	0	0	0	0	0	0	0	0	0	0	12288	0	0
19260	932	48103	2	48105	196	8	2	0	0	0	0	0	0	0	0	0	0	0	0	3	12288	0	0
19260	933	48100	0	48100	196	5	0	0	0	0	0	0	0	0	0	0	0	0	0	0	12288	0	0
19260	934	48104	1	48105	190	12	6	0	0	0	0	0	0	0	0	0	0	0	0	0	12288	0	0
19260	935	48099	0	48099	196	8	6	0	0	0	0	0	0	0	0	0	0	0	0	0	12288	0	0
19260	936	48102	2	48104	196	7	2	0	0	0	0	0	0	0	0	0	0	0	0	0	12288	0	0
19260	937	48099	2	48101	194	8	2	0	0	0	0	0	0	0	0	0	0	0	0	0	12288	0	0
19260	938	48100	2	48102	194	11	2	0	0	0	0	0	0	0	0	0	0	0	0	3	28672	0	0
19260	939	48106	1	48107	190	11	2	0	0	0	0	0	0	0	0	0	0	0	0	0	12288	0	0
19260	940	48099	1	48100	194	8	0	0	0	0	0	0	0	0	0	0	0	0	0	0	32768	0	0
19260	941	48104	2	48106	194	7	2	0	0	0	0	0	0	0	0	0	0	0	0	0	12288	0	0
19260	942	48100	1	48101	192	9	0	0	0	0	0	0	0	0	0	0	0	0	0	0	12288	0	0
19260	943	48104	1	48105	196	6	6	0	0	0	0	0	0	0	0	0	0	0	0	0	12288	0	0
19260	944	48096	2	48098	194	12	6	0	0	0	0	0	0	0	0	0	0	0	0	0	12288	0	0
19260	945	48102	4	48106	190	12	3	0	0	0	0	0	0	0	0	0	0	0	0	3	49152	7	0
19260	946	48099	3	48102	194	11	2	0	0	0	0	0	0	0	0	0	0	0	0	0	12288	0	0
19260	947	48097	2	48099	192	12	2	0	0	0	0	0	0	0	0	0	0	0	0	0	12288	0	0
19260	948	48105	1	48106	194	9	2	0	0	0	0	0	0	0	0	0	0	0	0	0	12288	0	0
19260	949	48095	5	48100	194	6	0	0	0	0	0	0	0	0	0	0	0	0	0	0	12288	0	0
19260	950	48098	2	48100	192	8	2	0	0	0	0	0	0	0	0	0	0	0	0	0	12288	0	0
19260	951	48104	2	48106	192	9	0	0	0	0	0	0	0	0	0	0	0	0	0	3	12288	0	0
19260	952	48097	3	48100	196	6	6	0	0	0	0	0	0	0	0	0	0	0	0	0	12288	0	0
19260	953	48099	1	48100	194	10	6	0	0	0	0	0	0	0	0	0	0	0	0	0	12288	0	0
19260	954	48104	1	48105	192	12	2	0	0	0	0	0	0	0	0	0	0	0	0	0	12288	0	0
19260	955	48098	1	48099	192	11	2	0	0	0	0	0	0	0	0	0	0	0	0	0	12288	0	0
19260	956	48103	1	48104	194	9	2	0	0	0	0	0	0	0	0	0	0	0	0	0	12288	0	0
19260	957	48102	1	48103	192	9	2	0	0	0	0	0	0	0	0	0	0	0	0	3	12288	0	0
19260	958	48098	2	48100	192	10	2	0	0	0	0	0	0	0	0	0	0	0	0	0	12288	0	0
19260	959	48104	2	48106	192	9	2	0	0	0	0	0	0	0	0	0	0	0	0	0	12288	0	0
19260	960	48099	2	48101	192	9	0	0	0	0	0	0	0	0	0	0	0	0	0	0	12288	0	0
19260	961	48100	0	48100	194	9	6	0	0	0	0	0	0	0	0	0	0	0	0	0	12288	0	0
19260	962	48105	0	48105	188	16	4	0	0	0	0	0	0	0	0	0	0	0	0	0	12288	0	0
19260	963	48098	2	48100	192	8	2	0	0	0	0	0	0	0	0	0	0	0	0	3	12288	0	0
19260	964	48105	1	48106	192	9	2	0	0	0	0	0	0	0	0	0	0	0	0	0	12288	0	0
19260	965	48100	0	48100	196	8	2	0	0	0	0	0	0	0	0	0	0	0	0	0	12288	0	0
19260	966	48098	2	48100	196	8	2	0	0	0	0	0	0	0	0	0	0	0	0	0	12288	0	0
19260	967	48105	1	48106	190	13	0	0	0	0	0	0	0	0	0	0	0	0	0	0	12288	0	0
19260	968	48099	1	48100	194	8	2	0	0	0	0	0	0	0	0	0	0	0	0	0	12288	0	0
19260	969	48097	2	48099	192	9	0	0	0	0	0	0	0	0	0	0	0	0	0	3	12288	0	0
19260	970	48105	0	48105	192	8	6	0	0	0	0	0	0	0	0	0	0	0	0	0	12288	0	0
19260	971	48099	2	48101	192	9	4	0	0	0	0	0	0	0	0	0	0	0	0	0	12288	0	0
19260	972	48100	3	48103	192	10	4	0	0	0	0	0	0	0	0	0	0	0	0	0	12288	0	0
19260	973	48100	3	48103	190	14	2	0	0	0	0	0	0	0	0	0	0	0	0	0	12288	0	0
19260	974	48098	2	48100	190	13	2	0	0	0	0	0	0	0	0	0	0	0	0	0	12288	0	0
19260	975	48105	1	48106	192	9	2	0	0	0	0	0	0	0	0	0	0	0	0	3	12288	0	0
19260	976	48099	0	48099	198	5	0	0	0	0	0	0	0	0	0	0	0	0	0	0	12288	0	0
19260	977	48097	3	48100	188	14	2	0	0	0	0	0	0	0	0	0	0	0	0	0	12288	0	0
19260	978	48103	2	48105	196	7	0	0	0	0	0	0	0	0	0	0	0	0	0	0	12288	0	0
19260	979	48099	1	48100	198	6	6	0	0	0	0	0	0	0	0	0	0	0	0	0	12288	0	0
19260	980	48105	1	48106	192	10	6	0	0	0	0	0	0	0	0	0	0	0	0	0	12288	0	0
19260	981	48102	1	48103	192	9	2	0	0	0	0	0	0	0	0	0	0	0	0	0	12288	0	0
19260	982	48097	3	48100	196	7	2	0	0	0	0	0	0	0	0	0	0	0	0	3	12288	0	0
19260	983	48105	1	48106	192	11	2	0	0	0	0	0	0	0	0	0	0	0	0	0	12288	0	0
19260	984	48095	4	48099	192	8	2	0	0	0	0	0	0	0	0	0	0	0	0	0	12288	0	0
19260	985	48099	2	48101	188	13	0	0	0	0	0	0	0	0	0	0	0	0	0	0	12288	0	0
19260	986	48104	2	48106	196	7	2	0	0	0	0	0	0	0	0	0	0	0	0	0	12288	0	0
19260	987	48097	2	48099	194	10	0	0	0	0	0	0	0	0	0	0	0	0	0	0	12288	0	0
19260	988	48105	1	48106	194	9	6	0	0	0	0	0	0	0	0	0	0	0	0	3	12288	0	0
19260	989	48099	1	48100	190	12	6	0	0	0	0	0	0	0	0	0	0	0	0	0	12288	0	0
19260	990	48097	1	48098	194	9	2	0	0	0	0	0	0	0	0	0	0	0	0	0	12288	0	0
19260	991	48105	2	48107	192	9	2	0	0	0	0	0	0	0	0	0	0	0	0	0	12288	0	0
19260	992	48098	2	48100	192	12	2	0	0	0	0	0	0	0	0	0	0	0	0	0	12288	0	0
19260	993	48106	1	48107	192	9	2	0	0	0	0	0	0	0	0	0	0	0	0	0	12288	0	0
19260	994	48096	4	48100	190	11	0	0	0	0	0	0	0	0	0	0	0	0	0	3	12288	0	0
19260	995	48099	1	48100	196	7	2	0	0	0	0	0	0	0	0	0	0	0	0	0	12288	0	0
19260	996	48105	1	48106	194	12	0	0	0	0	0	0	0	0	0	0	0	0	0	0	12288	0	0
19260	997	48099	2	48101	188	17	6	0	0	0	0	0	0	0	0	0	0	0	0	0	12288	0	0
19260	998	48104	1	48105	192	10	6	0	0	0	0	0	0	0	0	0	0	0	0	0	12288	0	0
19260	999	48098	2	48100	190	12	2	0	0	0	0	0	0	0	0	0	0	0	0	0	12288	0	0
19260	1000	48100	0	48100	196	8	2	0	0	0	0	0	0	0	0	0	0	0	0	3	12288	0	0
