RUNID	ITERNUM	METIME	PRTIME	TPRTIME	DIFF	TDIFF	NRPROCS	NPROCS
26141	1	56127	56121	56325	6	204	5	93
26141	2	56123	56114	56320	9	206	5	93
26141	3	56123	56117	56321	6	204	4	93
26141	4	56121	56115	56318	6	203	4	93
26141	5	56124	56117	56322	7	205	5	93
26141	6	56123	56116	56322	7	206	4	93
26141	7	56125	56121	56322	4	201	4	93
26141	8	56125	56118	56323	7	205	5	93
26141	9	56123	56115	56320	8	205	5	93
26141	10	56120	56114	56317	6	203	5	93
26141	11	56123	56114	56319	9	205	5	93
26141	12	56123	56117	56319	6	202	4	93
26141	13	56121	56113	56319	8	206	5	93
26141	14	56129	56123	56325	6	202	4	93
26141	15	56122	56117	56319	5	202	4	93
26141	16	56121	56115	56318	6	203	4	93
26141	17	56123	56116	56318	7	202	4	93
26141	18	56120	56115	56319	5	204	5	93
26141	19	56123	56118	56319	5	201	4	93
26141	20	56127	56120	56323	7	203	5	93
26141	21	56121	56115	56318	6	203	4	93
26141	22	56123	56115	56321	8	206	5	93
26141	23	56122	56117	56319	5	202	4	93
26141	24	56121	56115	56318	6	203	4	93
26141	25	56128	56120	56325	8	205	5	93
26141	26	56125	56118	56321	7	203	5	93
26141	27	56120	56114	56317	6	203	5	93
26141	28	56122	56117	56319	5	202	4	93
26141	29	56122	56117	56319	5	202	4	93
26141	30	56121	56114	56318	7	204	5	93
26141	31	56193	56140	56388	53	248	13	111
26141	32	56124	56117	56320	7	203	5	93
26141	33	56120	56114	56317	6	203	5	93
26141	34	56122	56115	56320	7	205	5	93
26141	35	56123	56117	56319	6	202	4	93
26141	36	56120	56116	56317	4	201	4	93
26141	37	56129	56122	56325	7	203	5	93
26141	38	56124	56115	56321	9	206	5	93
26141	39	56121	56114	56320	7	206	5	93
26141	40	56122	56116	56319	6	203	5	93
26141	41	56121	56115	56321	6	206	4	93
26141	42	56121	56115	56318	6	203	4	93
26141	43	56129	56122	56327	7	205	5	93
26141	44	56120	56116	56317	4	201	4	93
26141	45	56123	56115	56320	8	205	5	93
26141	46	56123	56115	56320	8	205	5	93
26141	47	56120	56114	56318	6	204	5	93
26141	48	56123	56115	56320	8	205	5	93
26141	49	56128	56122	56325	6	203	5	93
26141	50	56120	56114	56316	6	202	5	93
26141	51	56123	56115	56320	8	205	5	93
26141	52	56123	56116	56320	7	204	4	93
26141	53	56120	56114	56318	6	204	5	93
26141	54	56129	56122	56326	7	204	4	93
26141	55	56122	56116	56320	6	204	4	93
26141	56	56120	56114	56318	6	204	5	93
26141	57	56123	56117	56319	6	202	4	93
26141	58	56122	56116	56319	6	203	5	93
26141	59	56127	56121	56324	6	203	4	93
26141	60	56122	56115	56319	7	204	5	93
26141	61	56122	56115	56318	7	203	5	93
26141	62	56121	56115	56317	6	202	5	93
26141	63	56125	56118	56320	7	202	4	93
26141	64	56126	56121	56324	5	203	4	93
26141	65	56120	56115	56318	5	203	4	93
26141	66	56122	56116	56319	6	203	5	93
26141	67	56120	56115	56318	5	203	4	93
26141	68	56128	56120	56323	8	203	5	93
26141	69	56126	56119	56325	7	206	4	93
26141	70	56120	56115	56316	5	201	4	93
26141	71	56122	56116	56319	6	203	5	93
26141	72	56123	56115	56318	8	203	5	93
26141	73	56127	56123	56324	4	201	4	93
26141	74	56122	56117	56319	5	202	4	93
26141	75	56123	56115	56319	8	204	5	93
26141	76	56121	56115	56318	6	203	4	93
26141	77	56122	56115	56320	7	205	5	93
26141	78	56128	56123	56325	5	202	4	93
26141	79	56120	56115	56317	5	202	5	93
26141	80	56126	56119	56324	7	205	5	93
26141	81	56122	56116	56320	6	204	4	93
26141	82	56121	56114	56318	7	204	5	93
26141	83	56129	56122	56325	7	203	5	93
26141	84	56122	56116	56319	6	203	5	93
26141	85	56121	56116	56319	5	203	4	93
26141	86	56122	56116	56319	6	203	5	93
26141	87	56120	56114	56319	6	205	4	93
26141	88	56127	56122	56325	5	203	4	93
26141	89	56123	56115	56321	8	206	4	93
26141	90	56122	56115	56319	7	204	5	93
26141	91	56122	56115	56320	7	205	5	93
26141	92	56123	56117	56321	6	204	4	93
26141	93	56126	56121	56323	5	202	5	93
26141	94	56123	56113	56319	10	206	6	93
26141	95	56241	56120	56437	121	317	6	94
26141	96	56237	56117	56433	120	316	7	94
26141	97	56123	56117	56320	6	203	5	93
26141	98	56128	56123	56325	5	202	4	93
26141	99	56120	56113	56318	7	205	5	93
26141	100	56122	56115	56320	7	205	5	93
26141	101	56123	56116	56319	7	203	5	93
26141	102	56123	56119	56320	4	201	4	93
26141	103	56128	56122	56326	6	204	4	93
26141	104	56122	56117	56319	5	202	4	93
26141	105	56122	56114	56317	8	203	5	93
26141	106	56122	56116	56319	6	203	5	93
26141	107	56125	56119	56322	6	203	5	93
26141	108	56126	56119	56321	7	202	5	93
26141	109	56122	56117	56319	5	202	4	93
26141	110	56120	56115	56317	5	202	5	93
26141	111	56120	56114	56318	6	204	5	93
26141	112	56125	56118	56322	7	204	5	93
26141	113	56126	56119	56323	7	204	5	93
26141	114	56123	56115	56320	8	205	5	93
26141	115	56123	56116	56320	7	204	4	93
26141	116	56121	56114	56318	7	204	5	93
26141	117	56123	56118	56320	5	202	4	93
26141	118	56128	56121	56326	7	205	5	93
26141	119	56120	56115	56318	5	203	4	93
26141	120	56125	56118	56322	7	204	5	93
26141	121	56124	56117	56322	7	205	5	93
26141	122	56123	56116	56320	7	204	5	93
26141	123	56129	56121	56326	8	205	5	93
26141	124	56122	56116	56319	6	203	5	93
26141	125	56121	56115	56316	6	201	4	93
26141	126	56122	56115	56319	7	204	5	93
26141	127	56125	56119	56323	6	204	4	93
26141	128	56125	56120	56322	5	202	5	93
26141	129	56122	56114	56319	8	205	5	93
26141	130	56120	56115	56321	5	206	4	93
26141	131	56120	56115	56317	5	202	5	93
26141	132	56126	56120	56322	6	202	4	93
26141	133	56125	56119	56322	6	203	4	93
26141	134	56122	56114	56320	8	206	5	93
26141	135	56122	56115	56320	7	205	5	93
26141	136	56120	56113	56316	7	203	5	93
26141	137	56124	56118	56321	6	203	5	93
26141	138	56128	56121	56326	7	205	5	93
26141	139	56120	56115	56318	5	203	4	93
26141	140	56122	56115	56319	7	204	5	93
26141	141	56123	56117	56321	6	204	4	93
26141	142	56124	56118	56322	6	204	5	93
26141	143	56127	56118	56326	9	208	6	93
26141	144	56125	56119	56321	6	202	4	93
26141	145	56120	56114	56318	6	204	5	93
26141	146	56122	56115	56318	7	203	5	93
26141	147	56127	56120	56325	7	205	5	93
26141	148	56123	56118	56320	5	202	5	93
26141	149	56123	56116	56319	7	203	4	93
26141	150	56122	56116	56320	6	204	4	93
26141	151	56120	56115	56318	5	203	4	93
26141	152	56129	56122	56326	7	204	4	93
26141	153	56122	56117	56320	5	203	4	93
26141	154	56122	56114	56320	8	206	6	93
26141	155	56122	56115	56320	7	205	5	93
26141	156	56121	56114	56318	7	204	5	93
26141	157	56126	56119	56322	7	203	5	93
26141	158	56126	56119	56325	7	206	4	93
26141	159	56120	56115	56317	5	202	5	93
26141	160	56123	56115	56319	8	204	6	93
26141	161	56122	56114	56319	8	205	5	93
26141	162	56124	56118	56322	6	204	5	93
26141	163	56127	56121	56323	6	202	4	93
26141	164	56122	56115	56318	7	203	5	93
26141	165	56121	56113	56316	8	203	6	93
26141	166	56122	56116	56320	6	204	4	93
26141	167	56124	56117	56320	7	203	5	93
26141	168	56128	56121	56327	7	206	5	93
26141	169	56122	56116	56319	6	203	5	93
26141	170	56122	56115	56318	7	203	5	93
26141	171	56120	56116	56317	4	201	4	93
26141	172	56123	56116	56322	7	206	4	93
26141	173	56128	56121	56326	7	205	5	93
26141	174	56120	56115	56316	5	201	4	93
26141	175	56122	56117	56319	5	202	4	93
26141	176	56121	56116	56317	5	201	4	93
26141	177	56124	56116	56319	8	203	5	93
26141	178	56128	56123	56325	5	202	4	93
26141	179	56121	56115	56316	6	201	4	93
26141	180	56122	56116	56318	6	202	4	93
26141	181	56123	56114	56320	9	206	5	93
26141	182	56126	56121	56323	5	202	5	93
26141	183	56122	56116	56320	6	204	4	93
26141	184	56124	56116	56319	8	203	5	93
26141	185	56120	56114	56318	6	204	5	93
26141	186	56122	56115	56318	7	203	5	93
26141	187	56129	56121	56326	8	205	5	93
26141	188	56120	56115	56316	5	201	4	93
26141	189	56122	56115	56320	7	205	5	93
26141	190	56122	56116	56318	6	202	4	93
26141	191	56125	56118	56321	7	203	5	93
26141	192	56125	56117	56323	8	206	6	93
26141	193	56123	56117	56319	6	202	4	93
26141	194	56120	56112	56318	8	206	6	93
26141	195	56122	56116	56319	6	203	4	93
26141	196	56127	56121	56324	6	203	4	93
26141	197	56120	56115	56318	5	203	4	93
26141	198	56122	56115	56351	7	236	7	94
26141	199	56120	56114	56317	6	203	5	93
26141	200	56128	56122	56324	6	202	4	93
26141	201	56122	56114	56319	8	205	5	93
26141	202	56121	56114	56317	7	203	6	93
26141	203	56122	56116	56320	6	204	4	93
26141	204	56127	56121	56325	6	204	4	93
26141	205	56125	56119	56322	6	203	4	93
26141	206	56122	56116	56320	6	204	4	93
26141	207	56125	56117	56321	8	204	5	93
26141	208	56120	56114	56316	6	202	5	93
26141	209	56129	56121	56324	8	203	5	93
26141	210	56123	56115	56322	8	207	5	93
26141	211	56120	56116	56317	4	201	4	93
26141	212	56122	56115	56320	7	205	5	93
26141	213	56129	56121	56326	8	205	5	93
26141	214	56120	56115	56318	5	203	4	93
26141	215	56121	56113	56319	8	206	5	93
26141	216	56122	56116	56318	6	202	4	93
26141	217	56122	56116	56319	6	203	4	93
26141	218	56129	56123	56325	6	202	4	93
26141	219	56120	56115	56317	5	202	4	93
26141	220	56120	56114	56318	6	204	5	93
26141	221	56122	56116	56320	6	204	4	93
26141	222	56127	56120	56324	7	204	5	93
26141	223	56124	56116	56321	8	205	5	93
26141	224	56122	56116	56320	6	204	4	93
26141	225	56121	56115	56319	6	204	5	93
26141	226	56122	56116	56320	6	204	4	93
26141	227	56129	56122	56324	7	202	4	93
26141	228	56120	56115	56316	5	201	4	93
26141	229	56122	56114	56320	8	206	5	93
26141	230	56122	56114	56319	8	205	5	93
26141	231	56126	56120	56326	6	206	7	94
26141	232	56123	56116	56319	7	203	5	93
26141	233	56122	56116	56320	6	204	4	93
26141	234	56120	56114	56317	6	203	4	93
26141	235	56128	56122	56326	6	204	4	93
26141	236	56122	56115	56321	7	206	4	93
26141	237	56120	56114	56319	6	205	4	93
26141	238	56122	56116	56318	6	202	4	93
26141	239	56129	56120	56326	9	206	5	93
26141	240	56120	56113	56319	7	206	5	93
26141	241	56121	56115	56318	6	203	5	93
26141	242	56120	56113	56315	7	202	5	93
26141	243	56126	56122	56324	4	202	4	93
26141	244	56122	56115	56318	7	203	5	93
26141	245	56119	56115	56316	4	201	4	93
26141	246	56121	56115	56318	6	203	5	93
26141	247	56128	56121	56323	7	202	4	93
26141	248	56122	56117	56320	5	203	4	93
26141	249	56121	56116	56318	5	202	4	93
26141	250	56122	56114	56319	8	205	5	93
26141	251	56122	56117	56319	5	202	4	93
26141	252	56128	56121	56324	7	203	5	93
26141	253	56122	56115	56318	7	203	5	93
26141	254	56120	56115	56316	5	201	4	93
26141	255	56122	56115	56320	7	205	5	93
26141	256	56128	56120	56326	8	206	5	93
26141	257	56121	56115	56316	6	201	4	93
26141	258	56122	56115	56320	7	205	5	93
26141	259	56121	56116	56318	5	202	4	93
26141	260	56126	56121	56323	5	202	5	93
26141	261	56122	56116	56318	6	202	4	93
26141	262	56122	56114	56319	8	205	5	93
26141	263	56120	56116	56317	4	201	4	93
26141	264	56127	56121	56323	6	202	4	93
26141	265	56124	56116	56323	8	207	6	93
26141	266	56120	56116	56317	4	201	4	93
26141	267	56121	56113	56317	8	204	5	93
26141	268	56126	56120	56324	6	204	5	93
26141	269	56122	56115	56320	7	205	4	93
26141	270	56121	56115	56318	6	203	5	93
26141	271	56120	56115	56318	5	203	4	93
26141	272	56128	56122	56326	6	204	4	93
26141	273	56121	56115	56318	6	203	5	93
26141	274	56119	56114	56317	5	203	4	93
26141	275	56124	56117	56321	7	204	5	93
26141	276	56127	56121	56325	6	204	4	93
26141	277	56119	56115	56316	4	201	4	93
26141	278	56122	56115	56318	7	203	5	93
26141	279	56128	56122	56326	6	204	4	93
26141	280	56120	56113	56316	7	203	5	93
26141	281	56122	56113	56320	9	207	5	93
26141	282	56122	56115	56318	7	203	5	93
26141	283	56126	56120	56322	6	202	5	93
26141	284	56122	56115	56320	7	205	5	93
26141	285	56120	56112	56317	8	205	5	93
26141	286	56120	56115	56318	5	203	4	93
26141	287	56129	56122	56324	7	202	4	93
26141	288	56120	56114	56317	6	203	4	93
26141	289	56122	56116	56318	6	202	4	93
26141	290	56126	56119	56322	7	203	5	93
26141	291	56123	56117	56321	6	204	5	93
26141	292	56122	56114	56319	8	205	5	93
26141	293	56122	56116	56318	6	202	4	93
26141	294	56126	56120	56324	6	204	5	93
26141	295	56121	56116	56318	5	202	4	93
26141	296	56122	56116	56319	6	203	5	93
26141	297	56120	56113	56318	7	205	5	93
26141	298	56128	56122	56331	6	209	7	94
26141	299	56121	56115	56318	6	203	5	93
26141	300	56120	56114	56317	6	203	4	93
26141	301	56121	56115	56317	6	202	4	93
26141	302	56128	56122	56325	6	203	5	93
26141	303	56120	56114	56316	6	202	5	93
26141	304	56122	56115	56320	7	205	5	93
26141	305	56121	56115	56318	6	203	5	93
26141	306	56126	56121	56323	5	202	5	93
26141	307	56121	56115	56319	6	204	4	93
26141	308	56120	56114	56318	6	204	5	93
26141	309	56120	56114	56316	6	202	5	93
26141	310	56128	56123	56325	5	202	4	93
26141	311	56119	56114	56316	5	202	5	93
26141	312	56123	56115	56322	8	207	5	93
26141	313	56122	56115	56319	7	204	5	93
26141	314	56126	56120	56322	6	202	5	93
26141	315	56122	56115	56319	7	204	4	93
26141	316	56122	56116	56320	6	204	4	93
26141	317	56120	56115	56318	5	203	4	93
26141	318	56128	56122	56326	6	204	4	93
26141	319	56122	56115	56320	7	205	5	93
26141	320	56119	56114	56316	5	202	5	93
26141	321	56122	56114	56320	8	206	5	93
26141	322	56129	56121	56326	8	205	5	93
26141	323	56120	56115	56316	5	201	4	93
26141	324	56122	56115	56320	7	205	5	93
26141	325	56122	56115	56320	7	205	5	93
26141	326	56125	56118	56322	7	204	5	93
26141	327	56126	56119	56322	7	203	5	93
26141	328	56122	56116	56318	6	202	4	93
26141	329	56120	56113	56316	7	203	5	93
26141	330	56122	56115	56320	7	205	5	93
26141	331	56126	56121	56332	5	211	6	94
26141	332	56120	56114	56316	6	202	5	93
26141	333	56123	56115	56318	8	203	5	93
26141	334	56120	56115	56318	5	203	4	93
26141	335	56132	56125	56329	7	204	5	93
26141	336	56122	56116	56320	6	204	4	93
26141	337	56120	56114	56316	6	202	5	93
26141	338	56122	56116	56320	6	204	4	93
26141	339	56128	56122	56324	6	202	4	93
26141	340	56122	56117	56320	5	203	4	93
26141	341	56121	56116	56318	5	202	4	93
26141	342	56123	56116	56320	7	204	4	93
26141	343	56120	56115	56316	5	201	4	93
26141	344	56128	56120	56324	8	204	5	93
26141	345	56122	56115	56320	7	205	5	93
26141	346	56120	56114	56318	6	204	5	93
26141	347	56122	56116	56320	6	204	4	93
26141	348	56128	56122	56325	6	203	5	93
26141	349	56120	56115	56318	5	203	4	93
26141	350	56122	56116	56320	6	204	4	93
26141	351	56250	56127	56447	123	320	6	94
26141	352	56124	56117	56321	7	204	5	93
26141	353	56126	56120	56323	6	203	5	93
26141	354	56120	56114	56318	6	204	5	93
26141	355	56120	56115	56316	5	201	4	93
26141	356	56122	56116	56320	6	204	4	93
26141	357	56127	56121	56324	6	203	4	93
26141	358	56122	56115	56318	7	203	5	93
26141	359	56123	56116	56318	7	202	4	93
26141	360	56120	56114	56318	6	204	5	93
26141	361	56123	56115	56321	8	206	5	93
26141	362	56129	56122	56326	7	204	4	93
26141	363	56120	56114	56318	6	204	5	93
26141	364	56122	56115	56326	7	211	7	94
26141	365	56122	56116	56319	6	203	5	93
26141	366	56121	56115	56319	6	204	5	93
26141	367	56128	56121	56326	7	205	5	93
26141	368	56122	56115	56319	7	204	5	93
26141	369	56120	56114	56318	6	204	5	93
26141	370	56121	56115	56318	6	203	5	93
26141	371	56123	56118	56320	5	202	4	93
26141	372	56126	56121	56323	5	202	5	93
26141	373	56122	56116	56320	6	204	4	93
26141	374	56122	56115	56319	7	204	5	93
26141	375	56121	56114	56318	7	204	6	93
26141	376	56123	56117	56321	6	204	4	93
26141	377	56127	56119	56324	8	205	5	93
26141	378	56120	56114	56318	6	204	4	93
26141	379	56123	56117	56321	6	204	4	93
26141	380	56122	56115	56320	7	205	5	93
26141	381	56122	56116	56318	6	202	4	93
26141	382	56128	56122	56325	6	203	5	93
26141	383	56121	56116	56319	5	203	4	93
26141	384	56122	56115	56320	7	205	5	93
26141	385	56123	56116	56321	7	205	4	93
26141	386	56121	56114	56318	7	204	5	93
26141	387	56126	56119	56324	7	205	5	93
26141	388	56126	56118	56324	8	206	5	93
26141	389	56120	56115	56317	5	202	5	93
26141	390	56122	56117	56319	5	202	4	93
26141	391	56123	56115	56320	8	205	5	93
26141	392	56121	56116	56319	5	203	4	93
26141	393	56129	56123	56327	6	204	4	93
26141	394	56123	56116	56321	7	205	5	93
26141	395	56120	56113	56318	7	205	6	93
26141	396	56122	56114	56320	8	206	6	93
26141	397	56120	56114	56324	6	210	7	94
26141	398	56129	56123	56327	6	204	5	93
26141	399	56122	56117	56319	5	202	4	93
26141	400	56120	56115	56318	5	203	4	93
26141	401	56122	56116	56318	6	202	4	93
26141	402	56123	56116	56321	7	205	5	93
26141	403	56127	56120	56324	7	204	5	93
26141	404	56122	56114	56318	8	204	5	93
26141	405	56123	56116	56321	7	205	5	93
26141	406	56120	56114	56317	6	203	4	93
26141	407	56123	56115	56318	8	203	5	93
26141	408	56129	56122	56324	7	202	4	93
26141	409	56121	56115	56316	6	201	4	93
26141	410	56122	56115	56320	7	205	5	93
26141	411	56122	56116	56320	6	204	4	93
26141	412	56120	56114	56318	6	204	5	93
26141	413	56122	56117	56319	5	202	4	93
26141	414	56129	56123	56327	6	204	4	93
26141	415	56120	56112	56317	8	205	6	93
26141	416	56123	56116	56320	7	204	4	93
26141	417	56122	56117	56319	5	202	4	93
26141	418	56121	56114	56318	7	204	5	93
26141	419	56123	56116	56322	7	206	4	93
26141	420	56121	56117	56318	4	201	4	93
26141	421	56126	56121	56324	5	203	5	93
26141	422	56122	56116	56319	6	203	5	93
26141	423	56121	56116	56317	5	201	4	93
26141	424	56122	56116	56319	6	203	5	93
26141	425	56123	56116	56319	7	203	5	93
26141	426	56121	56114	56318	7	204	5	93
26141	427	56129	56122	56327	7	205	5	93
26141	428	56122	56116	56320	6	204	4	93
26141	429	56121	56115	56318	6	203	4	93
26141	430	56123	56115	56320	8	205	5	93
26141	431	56123	56116	56322	7	206	4	93
26141	432	56120	56114	56318	6	204	5	93
26141	433	56128	56121	56326	7	205	5	93
26141	434	56124	56118	56321	6	203	5	93
26141	435	56121	56114	56318	7	204	5	93
26141	436	56123	56117	56321	6	204	4	93
26141	437	56123	56115	56321	8	206	5	93
26141	438	56121	56115	56317	6	202	5	93
26141	439	56126	56119	56323	7	204	4	93
26141	440	56125	56119	56326	6	207	5	93
26141	441	56121	56115	56318	6	203	4	93
26141	442	56123	56115	56320	8	205	5	93
26141	443	56120	56115	56317	5	202	5	93
26141	444	56122	56116	56320	6	204	4	93
26141	445	56127	56121	56324	6	203	5	93
26141	446	56124	56118	56321	6	203	4	93
26141	447	56123	56115	56322	8	207	5	93
26141	448	56123	56116	56319	7	203	5	93
26141	449	56121	56116	56317	5	201	4	93
26141	450	56123	56116	56321	7	205	5	93
26141	451	56123	56117	56321	6	204	4	93
26141	452	56121	56116	56319	5	203	4	93
26141	453	56124	56115	56322	9	207	6	93
26141	454	56124	56116	56322	8	206	5	93
26141	455	56126	56120	56324	6	204	5	93
26141	456	56123	56115	56320	8	205	5	93
26141	457	56123	56115	56322	8	207	5	93
26141	458	56121	56115	56317	6	202	5	93
26141	459	56123	56115	56319	8	204	5	93
26141	460	56123	56116	56322	7	206	4	93
26141	461	56121	56116	56319	5	203	4	93
26141	462	56124	56118	56322	6	204	4	93
26141	463	56121	56116	56319	5	203	4	93
26141	464	56122	56115	56332	7	217	7	94
26141	465	56129	56123	56327	6	204	4	93
26141	466	56121	56116	56318	5	202	4	93
26141	467	56122	56116	56319	6	203	5	93
26141	468	56123	56116	56319	7	203	5	93
26141	469	56121	56115	56319	6	204	5	93
26141	470	56122	56115	56319	7	204	5	93
26141	471	56122	56115	56320	7	205	5	93
26141	472	56121	56115	56320	6	205	4	93
26141	473	56124	56117	56321	7	204	4	93
26141	474	56127	56119	56323	8	204	5	93
26141	475	56125	56118	56322	7	204	5	93
26141	476	56123	56117	56319	6	202	4	93
26141	477	56123	56117	56321	6	204	4	93
26141	478	56120	56115	56317	5	202	5	93
26141	479	56122	56116	56319	6	203	5	93
26141	480	56122	56116	56319	6	203	5	93
26141	481	56120	56116	56317	4	201	4	93
26141	482	56122	56116	56319	6	203	5	93
26141	483	56129	56121	56324	8	203	5	93
26141	484	56122	56118	56319	4	201	4	93
26141	485	56122	56116	56318	6	202	4	93
26141	486	56121	56115	56318	6	203	4	93
26141	487	56120	56115	56318	5	203	4	93
26141	488	56123	56115	56320	8	205	5	93
26141	489	56120	56116	56317	4	201	4	93
26141	490	56122	56116	56320	6	204	4	93
26141	491	56129	56122	56326	7	204	4	93
26141	492	56121	56115	56318	6	203	4	93
26141	493	56122	56116	56320	6	204	4	93
26141	494	56123	56116	56321	7	205	5	93
26141	495	56120	56114	56318	6	204	5	93
26141	496	56122	56116	56318	6	202	4	93
26141	497	56122	56116	56319	6	203	5	93
26141	498	56127	56120	56324	7	204	5	93
26141	499	56122	56117	56319	5	202	4	93
26141	500	56123	56117	56319	6	202	4	93
26141	501	56120	56116	56317	4	201	4	93
26141	502	56123	56117	56319	6	202	4	93
26141	503	56123	56116	56321	7	205	5	93
26141	504	56120	56115	56317	5	202	5	93
26141	505	56130	56122	56325	8	203	5	93
26141	506	56120	56114	56317	6	203	5	93
26141	507	56120	56115	56317	5	202	5	93
26141	508	56122	56116	56320	6	204	4	93
26141	509	56120	56115	56318	5	203	4	93
26141	510	56122	56117	56319	5	202	4	93
26141	511	56127	56121	56324	6	203	5	93
26141	512	56123	56118	56320	5	202	5	93
26141	513	56123	56114	56318	9	204	5	93
26141	514	56122	56116	56319	6	203	5	93
26141	515	56121	56115	56318	6	203	4	93
26141	516	56123	56115	56320	8	205	5	93
26141	517	56122	56117	56319	5	202	4	93
26141	518	56126	56122	56323	4	201	4	93
26141	519	56123	56116	56320	7	204	4	93
26141	520	56123	56117	56321	6	204	4	93
26141	521	56121	56114	56318	7	204	5	93
26141	522	56123	56115	56320	8	205	5	93
26141	523	56122	56116	56320	6	204	4	93
26141	524	56126	56121	56323	5	202	5	93
26141	525	56124	56118	56321	6	203	5	93
26141	526	56126	56119	56324	7	205	5	93
26141	527	56121	56114	56318	7	204	5	93
26141	528	56123	56115	56320	8	205	5	93
26141	529	56120	56114	56317	6	203	5	93
26141	530	56123	56117	56321	6	204	4	93
26141	531	56128	56122	56334	6	212	7	94
26141	532	56120	56115	56316	5	201	4	93
26141	533	56122	56115	56319	7	204	5	93
26141	534	56123	56116	56321	7	205	5	93
26141	535	56120	56114	56317	6	203	5	93
26141	536	56122	56116	56320	6	204	4	93
26141	537	56129	56121	56328	8	207	5	93
26141	538	56121	56114	56318	7	204	5	93
26141	539	56122	56116	56320	6	204	4	93
26141	540	56122	56113	56319	9	206	6	93
26141	541	56121	56116	56319	5	203	4	93
26141	542	56128	56123	56325	5	202	4	93
26141	543	56122	56116	56320	6	204	4	93
26141	544	56120	56115	56316	5	201	4	93
26141	545	56122	56115	56320	7	205	5	93
26141	546	56122	56115	56319	7	204	4	93
26141	547	56127	56121	56326	6	205	4	93
26141	548	56122	56116	56320	6	204	4	93
26141	549	56120	56114	56318	6	204	5	93
26141	550	56122	56115	56318	7	203	5	93
26141	551	56125	56119	56322	6	203	5	93
26141	552	56125	56120	56323	5	203	4	93
26141	553	56122	56116	56320	6	204	4	93
26141	554	56122	56114	56318	8	204	5	93
26141	555	56119	56115	56316	4	201	4	93
26141	556	56128	56121	56325	7	204	5	93
26141	557	56124	56118	56320	6	202	4	93
26141	558	56121	56115	56319	6	204	5	93
26141	559	56122	56116	56320	6	204	4	93
26141	560	56124	56119	56321	5	202	4	93
26141	561	56125	56119	56322	6	203	5	93
26141	562	56122	56116	56318	6	202	4	93
26141	563	56122	56116	56320	6	204	4	93
26141	564	56120	56114	56317	6	203	4	93
26141	565	56128	56122	56324	6	202	4	93
26141	566	56123	56115	56320	8	205	5	93
26141	567	56120	56114	56318	6	204	5	93
26141	568	56122	56116	56320	6	204	4	93
26141	569	56127	56121	56322	6	201	4	93
26141	570	56120	56113	56317	7	204	5	93
26141	571	56122	56115	56320	7	205	5	93
26141	572	56120	56114	56318	6	204	5	93
26141	573	56126	56118	56321	8	203	5	93
26141	574	56127	56121	56325	6	204	4	93
26141	575	56120	56115	56316	5	201	4	93
26141	576	56122	56115	56319	7	204	4	93
26141	577	56126	56119	56324	7	205	5	93
26141	578	56123	56118	56321	5	203	4	93
26141	579	56122	56115	56319	7	204	5	93
26141	580	56122	56116	56320	6	204	4	93
26141	581	56125	56120	56322	5	202	5	93
26141	582	56122	56114	56318	8	204	5	93
26141	583	56122	56116	56320	6	204	4	93
26141	584	56120	56115	56318	5	203	4	93
26141	585	56128	56120	56326	8	206	5	93
26141	586	56123	56116	56320	7	204	4	93
26141	587	56120	56115	56316	5	201	4	93
26141	588	56122	56115	56320	7	205	5	93
26141	589	56130	56122	56327	8	205	5	93
26141	590	56120	56116	56317	4	201	4	93
26141	591	56122	56115	56320	7	205	5	93
26141	592	56120	56115	56318	5	203	4	93
26141	593	56126	56120	56323	6	203	4	93
26141	594	56124	56117	56322	7	205	5	93
26141	595	56120	56115	56316	5	201	4	93
26141	596	56122	56116	56319	6	203	5	93
26141	597	56125	56118	56323	7	205	5	93
26141	598	56126	56119	56323	7	204	5	93
26141	599	56122	56116	56320	6	204	4	93
26141	600	56122	56116	56318	6	202	4	93
26141	601	56120	56114	56316	6	202	5	93
26141	602	56129	56122	56327	7	205	5	93
26141	603	56122	56114	56318	8	204	5	93
26141	604	56121	56114	56318	7	204	5	93
26141	605	56122	56115	56318	7	203	5	93
26141	606	56247	56125	56443	122	318	6	94
26141	607	56120	56115	56316	5	201	4	93
26141	608	56122	56115	56319	7	204	5	93
26141	609	56122	56115	56320	7	205	5	93
26141	610	56124	56119	56320	5	201	4	93
26141	611	56125	56118	56321	7	203	5	93
26141	612	56122	56113	56319	9	206	5	93
26141	613	56119	56114	56317	5	203	4	93
26141	614	56128	56121	56326	7	205	5	93
26141	615	56119	56114	56317	5	203	4	93
26141	616	56122	56115	56318	7	203	5	93
26141	617	56125	56119	56323	6	204	4	93
26141	618	56124	56118	56322	6	204	5	93
26141	619	56122	56114	56319	8	205	5	93
26141	620	56122	56116	56320	6	204	4	93
26141	621	56126	56120	56323	6	203	5	93
26141	622	56121	56113	56319	8	206	5	93
26141	623	56122	56115	56319	7	204	5	93
26141	624	56119	56114	56316	5	202	5	93
26141	625	56129	56121	56324	8	203	5	93
26141	626	56122	56114	56319	8	205	5	93
26141	627	56120	56115	56316	5	201	4	93
26141	628	56126	56118	56323	8	205	5	93
26141	629	56126	56118	56321	8	203	5	93
26141	630	56120	56114	56315	6	201	4	93
26141	631	56121	56113	56319	8	206	5	93
26141	632	56127	56122	56324	5	202	4	93
26141	633	56119	56113	56315	6	202	5	93
26141	634	56121	56114	56319	7	205	5	93
26141	635	56128	56122	56325	6	203	4	93
26141	636	56120	56114	56317	6	203	4	93
26141	637	56122	56114	56320	8	206	5	93
26141	638	56123	56117	56321	6	204	5	93
26141	639	56124	56118	56325	6	207	5	93
26141	640	56121	56115	56319	6	204	4	93
26141	641	56120	56114	56317	6	203	4	93
26141	642	56128	56122	56326	6	204	4	93
26141	643	56122	56115	56320	7	205	5	93
26141	644	56120	56113	56315	7	202	5	93
26141	645	56126	56120	56322	6	202	4	93
26141	646	56125	56115	56321	10	206	6	93
26141	647	56119	56115	56316	4	201	4	93
26141	648	56121	56114	56318	7	204	5	93
26141	649	56127	56121	56325	6	204	4	93
26141	650	56119	56115	56316	4	201	4	93
26141	651	56121	56114	56317	7	203	5	93
26141	652	56127	56121	56324	6	203	5	93
26141	653	56122	56116	56320	6	204	5	93
26141	654	56121	56115	56318	6	203	5	93
26141	655	56123	56116	56321	7	205	5	93
26141	656	56126	56121	56323	5	202	5	93
26141	657	56121	56114	56317	7	203	5	93
26141	658	56120	56114	56318	6	204	5	93
26141	659	56126	56120	56322	6	202	5	93
26141	660	56122	56115	56317	7	202	4	93
26141	661	56120	56113	56316	7	203	5	93
26141	662	56124	56118	56320	6	202	4	93
26141	663	56127	56120	56325	7	205	5	93
26141	664	56119	56115	56316	4	201	4	93
26141	665	56122	56115	56320	7	205	5	93
26141	666	56127	56120	56324	7	204	5	93
26141	667	56120	56115	56316	5	201	4	93
26141	668	56123	56114	56318	9	204	5	93
26141	669	56127	56122	56324	5	202	4	93
26141	670	56123	56118	56321	5	203	4	93
26141	671	56122	56116	56320	6	204	4	93
26141	672	56121	56115	56319	6	204	4	93
26141	673	56126	56120	56324	6	204	5	93
26141	674	56122	56115	56320	7	205	5	93
26141	675	56122	56116	56318	6	202	4	93
26141	676	56124	56117	56320	7	203	5	93
26141	677	56127	56119	56322	8	203	5	93
26141	678	56119	56114	56319	5	205	5	93
26141	679	56120	56115	56316	5	201	4	93
26141	680	56128	56121	56326	7	205	5	93
26141	681	56120	56114	56318	6	204	5	93
26141	682	56121	56114	56318	7	204	5	93
26141	683	56121	56115	56318	6	203	5	93
26141	684	56126	56121	56322	5	201	4	93
26141	685	56123	56116	56321	7	205	5	93
26141	686	56122	56116	56318	6	202	4	93
26141	687	56124	56119	56321	5	202	5	93
26141	688	56125	56119	56323	6	204	4	93
26141	689	56121	56114	56318	7	204	5	93
26141	690	56120	56115	56316	5	201	4	93
26141	691	56128	56122	56326	6	204	4	93
26141	692	56121	56115	56318	6	203	5	93
26141	693	56118	56114	56315	4	201	4	93
26141	694	56127	56119	56325	8	206	5	93
26141	695	56120	56115	56317	5	202	4	93
26141	696	56119	56112	56315	7	203	5	93
26141	697	56128	56121	56325	7	204	4	93
26141	698	56120	56114	56316	6	202	4	93
26141	699	56119	56114	56317	5	203	4	93
26141	700	56128	56119	56325	9	206	5	93
26141	701	56119	56113	56319	6	206	5	93
26141	702	56119	56113	56317	6	204	5	93
26141	703	56128	56121	56324	7	203	5	93
26141	704	56120	56112	56317	8	205	5	93
26141	705	56120	56114	56317	6	203	5	93
26141	706	56125	56118	56323	7	205	4	93
26141	707	56124	56118	56322	6	204	5	93
26141	708	56122	56115	56317	7	202	4	93
26141	709	56122	56114	56321	8	207	5	93
26141	710	56126	56120	56324	6	204	5	93
26141	711	56121	56114	56317	7	203	5	93
26141	712	56121	56114	56319	7	205	5	93
26141	713	56126	56120	56325	6	205	4	93
26141	714	56121	56114	56317	7	203	5	93
26141	715	56121	56114	56319	7	205	5	93
26141	716	56125	56121	56322	4	201	4	93
26141	717	56125	56118	56321	7	203	5	93
26141	718	56121	56114	56319	7	205	5	93
26141	719	56122	56116	56318	6	202	4	93
26141	720	56127	56121	56324	6	203	5	93
26141	721	56122	56115	56319	7	204	4	93
26141	722	56119	56113	56317	6	204	5	93
26141	723	56128	56119	56325	9	206	5	93
26141	724	56119	56114	56316	5	202	5	93
26141	725	56120	56115	56316	5	201	4	93
26141	726	56123	56116	56319	7	203	5	93
26141	727	56126	56118	56323	8	205	5	93
26141	728	56121	56114	56318	7	204	5	93
26141	729	56122	56114	56319	8	205	5	93
26141	730	56126	56121	56324	5	203	4	93
26141	731	56122	56115	56320	7	205	5	93
26141	732	56122	56114	56319	8	205	5	93
26141	733	56119	56114	56316	5	202	5	93
26141	734	56128	56120	56325	8	205	5	93
26141	735	56122	56116	56320	6	204	4	93
26141	736	56120	56112	56317	8	205	5	93
26141	737	56122	56115	56317	7	202	4	93
26141	738	56129	56122	56325	7	203	5	93
26141	739	56120	56112	56319	8	207	5	93
26141	740	56121	56116	56318	5	202	4	93
26141	741	56122	56115	56320	7	205	5	93
26141	742	56126	56121	56324	5	203	4	93
26141	743	56122	56114	56320	8	206	5	93
26141	744	56122	56115	56318	7	203	5	93
26141	745	56120	56112	56317	8	205	6	93
26141	746	56128	56122	56326	6	204	4	93
26141	747	56120	56115	56316	5	201	4	93
26141	748	56121	56114	56318	7	204	5	93
26141	749	56122	56116	56318	6	202	4	93
26141	750	56124	56120	56321	4	201	4	93
26141	751	56126	56118	56325	8	207	5	93
26141	752	56122	56116	56320	6	204	4	93
26141	753	56120	56115	56316	5	201	4	93
26141	754	56123	56116	56320	7	204	4	93
26141	755	56128	56122	56325	6	203	5	93
26141	756	56122	56116	56320	6	204	5	93
26141	757	56123	56115	56321	8	206	5	93
26141	758	56122	56115	56320	7	205	5	93
26141	759	56121	56114	56318	7	204	5	93
26141	760	56128	56122	56325	6	203	5	93
26141	761	56122	56116	56320	6	204	4	93
26141	762	56120	56114	56318	6	204	5	93
26141	763	56122	56116	56320	6	204	4	93
26141	764	56122	56115	56320	7	205	5	93
26141	765	56126	56121	56323	5	202	5	93
26141	766	56123	56116	56319	7	203	4	93
26141	767	56120	56115	56318	5	203	4	93
26141	768	56121	56114	56316	7	202	5	93
26141	769	56122	56116	56320	6	204	4	93
26141	770	56127	56120	56323	7	203	5	93
26141	771	56122	56116	56319	6	203	5	93
26141	772	56121	56115	56318	6	203	5	93
26141	773	56120	56115	56317	5	202	5	93
26141	774	56123	56115	56320	8	205	5	93
26141	775	56129	56122	56326	7	204	4	93
26141	776	56120	56113	56318	7	205	5	93
26141	777	56123	56115	56319	8	204	5	93
26141	778	56122	56115	56320	7	205	5	93
26141	779	56120	56114	56317	6	203	5	93
26141	780	56127	56120	56323	7	203	5	93
26141	781	56128	56120	56323	8	203	5	93
26141	782	56120	56115	56318	5	203	4	93
26141	783	56122	56114	56319	8	205	5	93
26141	784	56122	56116	56320	6	204	4	93
26141	785	56120	56114	56318	6	204	5	93
26141	786	56129	56122	56327	7	205	5	93
26141	787	56122	56115	56320	7	205	5	93
26141	788	56120	56115	56317	5	202	5	93
26141	789	56122	56117	56319	5	202	4	93
26141	790	56121	56114	56318	7	204	5	93
26141	791	56127	56122	56325	5	203	4	93
26141	792	56122	56116	56319	6	203	5	93
26141	793	56120	56116	56317	4	201	4	93
26141	794	56122	56117	56319	5	202	4	93
26141	795	56123	56116	56320	7	204	4	93
26141	796	56121	56116	56317	5	201	4	93
26141	797	56129	56121	56324	8	203	5	93
26141	798	56124	56116	56321	8	205	5	93
26141	799	56121	56115	56317	6	202	5	93
26141	800	56122	56115	56320	7	205	5	93
26141	801	56122	56116	56319	6	203	5	93
26141	802	56121	56115	56318	6	203	4	93
26141	803	56127	56121	56325	6	204	4	93
26141	804	56126	56118	56323	8	205	5	93
26141	805	56120	56114	56318	6	204	5	93
26141	806	56122	56115	56320	7	205	5	93
26141	807	56122	56115	56319	7	204	5	93
26141	808	56120	56115	56318	5	203	4	93
26141	809	56125	56119	56323	6	204	4	93
26141	810	56128	56122	56324	6	202	4	93
26141	811	56120	56115	56317	5	202	5	93
26141	812	56124	56117	56321	7	204	5	93
26141	813	56121	56114	56318	7	204	5	93
26141	814	56120	56115	56319	5	204	4	93
26141	815	56125	56118	56321	7	203	5	93
26141	816	56126	56120	56323	6	203	4	93
26141	817	56122	56116	56318	6	202	4	93
26141	818	56123	56116	56320	7	204	4	93
26141	819	56120	56115	56318	5	203	4	93
26141	820	56123	56116	56321	7	205	5	93
26141	821	56127	56121	56325	6	204	4	93
26141	822	56123	56117	56321	6	204	5	93
26141	823	56122	56116	56320	6	204	4	93
26141	824	56122	56116	56319	6	203	5	93
26141	825	56121	56113	56318	8	205	5	93
26141	826	56123	56116	56321	7	205	4	93
26141	827	56128	56122	56325	6	203	5	93
26141	828	56122	56117	56320	5	203	4	93
26141	829	56123	56116	56321	7	205	5	93
26141	830	56124	56116	56322	8	206	5	93
26141	831	56120	56115	56317	5	202	5	93
26141	832	56123	56117	56321	6	204	4	93
26141	833	56121	56116	56319	5	203	4	93
26141	834	56121	56115	56319	6	204	5	93
26141	835	56123	56116	56320	7	204	5	93
26141	836	56121	56114	56317	7	203	5	93
26141	837	56128	56120	56325	8	205	5	93
26141	838	56126	56120	56323	6	203	5	93
26141	839	56121	56115	56317	6	202	5	93
26141	840	56124	56117	56319	7	202	4	93
26141	841	56123	56116	56320	7	204	4	93
26141	842	56121	56115	56316	6	201	4	93
26141	843	56123	56116	56319	7	203	5	93
26141	844	56125	56118	56322	7	204	5	93
26141	845	56120	56115	56317	5	202	5	93
26141	846	56123	56115	56321	8	206	5	93
26141	847	56127	56122	56324	5	202	4	93
26141	848	56124	56117	56320	7	203	6	93
26141	849	56123	56117	56319	6	202	4	93
26141	850	56124	56118	56322	6	204	4	93
26141	851	56121	56115	56319	6	204	5	93
26141	852	56123	56115	56320	8	205	5	93
26141	853	56123	56115	56320	8	205	5	93
26141	854	56120	56114	56317	6	203	5	93
26141	855	56123	56116	56319	7	203	5	93
26141	856	56122	56116	56318	6	202	5	93
26141	857	56128	56120	56327	8	207	5	93
26141	858	56123	56117	56319	6	202	4	93
26141	859	56121	56115	56316	6	201	4	93
26141	860	56239	56119	56435	120	316	6	94
26141	861	56123	56115	56320	8	205	5	93
26141	862	56121	56115	56319	6	204	5	93
26141	863	56123	56116	56321	7	205	5	93
26141	864	56123	56115	56319	8	204	6	93
26141	865	56121	56117	56318	4	201	4	93
26141	866	56123	56115	56321	8	206	5	93
26141	867	56123	56117	56319	6	202	4	93
26141	868	56121	56115	56319	6	204	5	93
26141	869	56123	56118	56320	5	202	4	93
26141	870	56124	56117	56322	7	205	5	93
26141	871	56124	56118	56322	6	204	5	93
26141	872	56127	56120	56322	7	202	4	93
26141	873	56126	56120	56322	6	202	4	93
26141	874	56122	56117	56318	5	201	4	93
26141	875	56123	56115	56320	8	205	5	93
26141	876	56124	56117	56321	7	204	4	93
26141	877	56121	56114	56317	7	203	5	93
26141	878	56123	56116	56320	7	204	4	93
26141	879	56121	56115	56318	6	203	5	93
26141	880	56122	56116	56317	6	201	4	93
26141	881	56123	56116	56321	7	205	5	93
26141	882	56121	56115	56319	6	204	5	93
26141	883	56123	56117	56321	6	204	4	93
26141	884	56124	56116	56319	8	203	5	93
26141	885	56121	56116	56318	5	202	5	93
26141	886	56123	56117	56321	6	204	4	93
26141	887	56123	56117	56319	6	202	4	93
26141	888	56121	56117	56318	4	201	4	93
26141	889	56123	56115	56320	8	205	5	93
26141	890	56123	56117	56320	6	203	5	93
26141	891	56122	56115	56318	7	203	5	93
26141	892	56123	56118	56320	5	202	4	93
26141	893	56123	56116	56321	7	205	5	93
26141	894	56121	56115	56318	6	203	4	93
26141	895	56123	56117	56321	6	204	4	93
26141	896	56123	56117	56321	6	204	4	93
26141	897	56121	56114	56319	7	205	5	93
26141	898	56125	56118	56323	7	205	5	93
26141	899	56128	56122	56325	6	203	5	93
26141	900	56123	56118	56321	5	203	4	93
26141	901	56123	56117	56321	6	204	4	93
26141	902	56121	56115	56319	6	204	5	93
26141	903	56121	56116	56318	5	202	5	93
26141	904	56124	56116	56319	8	203	5	93
26141	905	56121	56115	56317	6	202	5	93
26141	906	56123	56116	56321	7	205	5	93
26141	907	56123	56116	56321	7	205	5	93
26141	908	56124	56119	56322	5	203	4	93
26141	909	56123	56116	56321	7	205	5	93
26141	910	56123	56116	56321	7	205	5	93
26141	911	56121	56116	56319	5	203	4	93
26141	912	56123	56118	56320	5	202	4	93
26141	913	56123	56116	56318	7	202	4	93
26141	914	56121	56114	56319	7	205	5	93
26141	915	56123	56116	56321	7	205	5	93
26141	916	56123	56115	56319	8	204	5	93
26141	917	56122	56115	56319	7	204	5	93
26141	918	56123	56116	56321	7	205	5	93
26141	919	56123	56117	56321	6	204	4	93
26141	920	56121	56116	56319	5	203	4	93
26141	921	56123	56115	56321	8	206	6	93
26141	922	56121	56115	56317	6	202	5	93
26141	923	56121	56115	56319	6	204	5	93
26141	924	56123	56116	56321	7	205	5	93
26141	925	56122	56115	56318	7	203	5	93
26141	926	56123	56118	56320	5	202	4	93
26141	927	56123	56117	56321	6	204	4	93
26141	928	56122	56116	56319	6	203	4	93
26141	929	56123	56115	56321	8	206	5	93
26141	930	56124	56117	56321	7	204	4	93
26141	931	56121	56116	56319	5	203	4	93
26141	932	56123	56117	56321	6	204	4	93
26141	933	56123	56115	56321	8	206	5	93
26141	934	56121	56115	56319	6	204	5	93
26141	935	56123	56116	56319	7	203	5	93
26141	936	56123	56116	56319	7	203	5	93
26141	937	56121	56116	56318	5	202	5	93
26141	938	56124	56116	56319	8	203	5	93
26141	939	56124	56117	56319	7	202	4	93
26141	940	56125	56120	56323	5	203	4	93
26141	941	56128	56121	56324	7	203	5	93
26141	942	56125	56119	56323	6	204	4	93
26141	943	56121	56115	56319	6	204	5	93
26141	944	56124	56116	56321	8	205	5	93
26141	945	56121	56116	56319	5	203	4	93
26141	946	56123	56116	56320	7	204	5	93
26141	947	56123	56116	56321	7	205	5	93
26141	948	56121	56116	56318	5	202	5	93
26141	949	56123	56116	56319	7	203	5	93
26141	950	56123	56115	56321	8	206	5	93
26141	951	56121	56115	56319	6	204	5	93
26141	952	56123	56117	56320	6	203	5	93
26141	953	56123	56117	56319	6	202	4	93
26141	954	56121	56115	56319	6	204	5	93
26141	955	56123	56117	56319	6	202	4	93
26141	956	56122	56115	56320	7	205	5	93
26141	957	56121	56115	56316	6	201	4	93
26141	958	56128	56120	56325	8	205	5	93
26141	959	56123	56117	56319	6	202	4	93
26141	960	56120	56115	56318	5	203	4	93
26141	961	56122	56116	56319	6	203	5	93
26141	962	56122	56116	56320	6	204	4	93
26141	963	56121	56115	56317	6	202	5	93
26141	964	56123	56116	56318	7	202	4	93
26141	965	56124	56118	56322	6	204	5	93
26141	966	56126	56121	56322	5	201	4	93
26141	967	56123	56115	56320	8	205	5	93
26141	968	56121	56114	56318	7	204	5	93
26141	969	56123	56117	56319	6	202	4	93
26141	970	56122	56116	56319	6	203	5	93
26141	971	56120	56115	56316	5	201	4	93
26141	972	56126	56120	56324	6	204	4	93
26141	973	56128	56122	56325	6	203	5	93
26141	974	56121	56116	56318	5	202	5	93
26141	975	56122	56115	56319	7	204	5	93
26141	976	56122	56115	56319	7	204	5	93
26141	977	56121	56115	56317	6	202	5	93
26141	978	56123	56116	56318	7	202	4	93
26141	979	56123	56116	56319	7	203	5	93
26141	980	56120	56114	56316	6	202	5	93
26141	981	56129	56123	56325	6	202	4	93
26141	982	56123	56116	56320	7	204	5	93
26141	983	56121	56115	56317	6	202	5	93
26141	984	56122	56116	56320	6	204	4	93
26141	985	56123	56115	56319	8	204	5	93
26141	986	56121	56115	56317	6	202	5	93
26141	987	56123	56117	56319	6	202	4	93
26141	988	56120	56114	56317	6	203	5	93
26141	989	56129	56122	56326	7	204	4	93
26141	990	56123	56117	56319	6	202	4	93
26141	991	56122	56113	56316	9	203	5	93
26141	992	56122	56116	56320	6	204	4	93
26141	993	56122	56116	56319	6	203	5	93
26141	994	56120	56115	56318	5	203	4	93
26141	995	56128	56123	56325	5	202	4	93
26141	996	56125	56116	56323	9	207	5	93
26141	997	56121	56115	56318	6	203	4	93
26141	998	56122	56116	56320	6	204	4	93
26141	999	56125	56119	56322	6	203	5	93
26141	1000	56126	56120	56322	6	202	5	93
