RUNID	ITERNUM	METIME	PRTIME	TPRTIME	DIFF	TDIFF	NRPROCS	NPROCS
26121	1	54116	54110	54314	6	204	5	93
26121	2	54124	54118	54322	6	204	4	93
26121	3	54116	54111	54313	5	202	5	93
26121	4	54118	54111	54316	7	205	5	93
26121	5	54119	54114	54315	5	201	4	93
26121	6	54123	54118	54320	5	202	4	93
26121	7	54116	54112	54313	4	201	4	93
26121	8	54116	54110	54314	6	204	5	93
26121	9	54125	54117	54321	8	204	5	93
26121	10	54116	54110	54314	6	204	5	93
26121	11	54118	54112	54316	6	204	4	93
26121	12	54117	54111	54313	6	202	5	93
26121	13	54124	54118	54321	6	203	5	93
26121	14	54116	54110	54312	6	202	5	93
26121	15	54118	54110	54314	8	204	5	93
26121	16	54122	54116	54320	6	204	5	93
26121	17	54119	54111	54314	8	203	5	93
26121	18	54116	54109	54312	7	203	5	93
26121	19	54117	54111	54314	6	203	4	93
26121	20	54125	54116	54321	9	205	6	93
26121	21	54117	54111	54312	6	201	4	93
26121	22	54118	54111	54317	7	206	4	93
26121	23	54122	54116	54320	6	204	5	93
26121	24	54118	54111	54316	7	205	5	93
26121	25	54116	54109	54314	7	205	6	93
26121	26	54125	54118	54322	7	204	4	93
26121	27	54117	54110	54314	7	204	5	93
26121	28	54116	54111	54317	5	206	4	93
26121	29	54120	54113	54317	7	204	5	93
26121	30	54120	54114	54317	6	203	5	93
26121	31	54119	54112	54314	7	202	4	93
26121	32	54116	54111	54312	5	201	4	93
26121	33	54125	54119	54323	6	204	4	93
26121	34	54115	54111	54312	4	201	4	93
26121	35	54118	54111	54314	7	203	5	93
26121	36	54123	54117	54320	6	203	4	93
26121	37	54119	54113	54316	6	203	5	93
26121	38	54116	54109	54312	7	203	5	93
26121	39	54122	54118	54319	4	201	4	93
26121	40	54117	54110	54312	7	202	5	93
26121	41	54116	54111	54314	5	203	4	93
26121	42	54123	54116	54321	7	205	4	93
26121	43	54119	54115	54316	4	201	4	93
26121	44	54237	54114	54431	123	317	5	94
26121	45	54117	54110	54314	7	204	5	93
26121	46	54125	54117	54322	8	205	5	93
26121	47	54115	54111	54312	4	201	4	93
26121	48	54119	54112	54315	7	203	5	93
26121	49	54122	54118	54319	4	201	4	93
26121	50	54116	54111	54314	5	203	4	93
26121	51	54119	54111	54314	8	203	5	93
26121	52	54122	54117	54319	5	202	5	93
26121	53	54118	54110	54315	8	205	5	93
26121	54	54116	54111	54314	5	203	4	93
26121	55	54124	54117	54321	7	204	5	93
26121	56	54116	54111	54314	5	203	4	93
26121	57	54118	54112	54316	6	204	4	93
26121	58	54123	54118	54319	5	201	4	93
26121	59	54118	54112	54314	6	202	4	93
26121	60	54117	54111	54313	6	202	5	93
26121	61	54123	54115	54320	8	205	5	93
26121	62	54118	54110	54315	8	205	5	93
26121	63	54116	54111	54314	5	203	4	93
26121	64	54125	54117	54320	8	203	5	93
26121	65	54117	54112	54313	5	201	4	93
26121	66	54118	54111	54314	7	203	5	93
26121	67	54122	54116	54320	6	204	5	93
26121	68	54119	54111	54316	8	205	5	93
26121	69	54116	54111	54313	5	202	5	93
26121	70	54122	54117	54319	5	202	5	93
26121	71	54116	54112	54313	4	201	4	93
26121	72	54116	54111	54314	5	203	4	93
26121	73	54125	54119	54321	6	202	4	93
26121	74	54116	54112	54313	4	201	4	93
26121	75	54118	54111	54316	7	205	5	93
26121	76	54123	54115	54318	8	203	5	93
26121	77	54122	54115	54320	7	205	5	93
26121	78	54118	54112	54315	6	203	6	93
26121	79	54123	54117	54320	6	203	4	93
26121	80	54119	54113	54316	6	203	4	93
26121	81	54116	54111	54314	5	203	4	93
26121	82	54122	54115	54320	7	205	5	93
26121	83	54120	54113	54319	7	206	5	93
26121	84	54118	54111	54314	7	203	5	93
26121	85	54122	54117	54320	5	203	4	93
26121	86	54119	54111	54317	8	206	5	93
26121	87	54116	54109	54314	7	205	5	93
26121	88	54124	54117	54322	7	205	5	93
26121	89	54115	54109	54313	6	204	5	93
26121	90	54116	54111	54315	5	204	4	93
26121	91	54122	54116	54320	6	204	5	93
26121	92	54115	54109	54313	6	204	5	93
26121	93	54117	54112	54314	5	202	4	93
26121	94	54125	54120	54321	5	201	4	93
26121	95	54117	54111	54313	6	202	4	93
26121	96	54116	54110	54313	6	203	4	93
26121	97	54124	54117	54322	7	205	5	93
26121	98	54115	54110	54313	5	203	4	93
26121	99	54118	54110	54315	8	205	5	93
26121	100	54122	54117	54318	5	201	4	93
26121	101	54116	54109	54313	7	204	5	93
26121	102	54118	54111	54316	7	205	5	93
26121	103	54122	54117	54320	5	203	4	93
26121	104	54117	54110	54315	7	205	5	93
26121	105	54121	54117	54318	4	201	4	93
26121	106	54120	54112	54317	8	205	5	93
26121	107	54115	54109	54313	6	204	5	93
26121	108	54124	54118	54321	6	203	5	93
26121	109	54116	54110	54313	6	203	4	93
26121	110	54118	54111	54315	7	204	4	93
26121	111	54122	54117	54318	5	201	4	93
26121	112	54115	54109	54313	6	204	5	93
26121	113	54117	54111	54315	6	204	4	93
26121	114	54123	54117	54318	6	201	4	93
26121	115	54117	54110	54314	7	204	5	93
26121	116	54116	54109	54313	7	204	5	93
26121	117	54123	54117	54320	6	203	5	93
26121	118	54115	54109	54311	6	202	5	93
26121	119	54117	54111	54315	6	204	4	93
26121	120	54122	54117	54319	5	202	5	93
26121	121	54115	54110	54315	5	205	5	93
26121	122	54116	54110	54313	6	203	4	93
26121	123	54122	54116	54320	6	204	5	93
26121	124	54117	54112	54314	5	202	4	93
26121	125	54115	54111	54312	4	201	4	93
26121	126	54124	54118	54322	6	204	4	93
26121	127	54116	54110	54314	6	204	5	93
26121	128	54117	54110	54315	7	205	5	93
26121	129	54122	54117	54319	5	202	5	93
26121	130	54117	54112	54314	5	202	4	93
26121	131	54116	54109	54312	7	203	5	93
26121	132	54122	54118	54319	4	201	4	93
26121	133	54116	54110	54313	6	203	4	93
26121	134	54116	54111	54314	5	203	4	93
26121	135	54124	54118	54320	6	202	4	93
26121	136	54115	54110	54313	5	203	4	93
26121	137	54118	54112	54316	6	204	4	93
26121	138	54123	54117	54320	6	203	4	93
26121	139	54118	54110	54313	8	203	5	93
26121	140	54116	54111	54312	5	201	4	93
26121	141	54124	54118	54321	6	203	4	93
26121	142	54115	54109	54313	6	204	5	93
26121	143	54120	54114	54316	6	202	5	93
26121	144	54121	54114	54317	7	203	5	93
26121	145	54115	54111	54312	4	201	4	93
26121	146	54124	54118	54321	6	203	4	93
26121	147	54116	54109	54312	7	203	5	93
26121	148	54118	54110	54313	8	203	5	93
26121	149	54122	54117	54318	5	201	4	93
26121	150	54118	54110	54314	8	204	5	93
26121	151	54115	54109	54311	6	202	5	93
26121	152	54122	54117	54322	5	205	5	93
26121	153	54116	54108	54313	8	205	5	93
26121	154	54116	54109	54311	7	202	5	93
26121	155	54124	54117	54320	7	203	5	93
26121	156	54115	54110	54312	5	202	5	93
26121	157	54117	54112	54314	5	202	4	93
26121	158	54122	54116	54320	6	204	5	93
26121	159	54118	54111	54316	7	205	5	93
26121	160	54118	54112	54314	6	202	5	93
26121	161	54124	54116	54321	8	205	5	93
26121	162	54116	54109	54312	7	203	6	93
26121	163	54115	54108	54312	7	204	5	93
26121	164	54122	54117	54319	5	202	5	93
26121	165	54115	54111	54312	4	201	4	93
26121	166	54118	54111	54343	7	232	7	94
26121	167	54122	54118	54319	4	201	4	93
26121	168	54118	54111	54315	7	204	4	93
26121	169	54116	54111	54314	5	203	4	93
26121	170	54124	54117	54322	7	205	5	93
26121	171	54116	54110	54314	6	204	5	93
26121	172	54119	54112	54315	7	203	5	93
26121	173	54122	54118	54319	4	201	4	93
26121	174	54116	54109	54313	7	204	5	93
26121	175	54118	54111	54316	7	205	5	93
26121	176	54122	54117	54319	5	202	5	93
26121	177	54118	54112	54314	6	202	4	93
26121	178	54116	54111	54312	5	201	4	93
26121	179	54124	54117	54320	7	203	5	93
26121	180	54116	54108	54313	8	205	5	93
26121	181	54118	54111	54315	7	204	4	93
26121	182	54122	54117	54318	5	201	4	93
26121	183	54116	54109	54313	7	204	5	93
26121	184	54116	54110	54315	6	205	4	93
26121	185	54122	54117	54319	5	202	5	93
26121	186	54118	54112	54314	6	202	4	93
26121	187	54116	54111	54312	5	201	4	93
26121	188	54124	54116	54321	8	205	5	93
26121	189	54117	54111	54315	6	204	5	93
26121	190	54117	54112	54314	5	202	4	93
26121	191	54119	54115	54316	4	201	4	93
26121	192	54122	54114	54317	8	203	5	93
26121	193	54116	54111	54314	5	203	4	93
26121	194	54116	54110	54314	6	204	5	93
26121	195	54124	54117	54322	7	205	5	93
26121	196	54116	54110	54312	6	202	5	93
26121	197	54117	54111	54314	6	203	5	93
26121	198	54122	54117	54319	5	202	5	93
26121	199	54117	54111	54314	6	203	5	93
26121	200	54115	54110	54312	5	202	5	93
26121	201	54124	54116	54322	8	206	5	93
26121	202	54116	54110	54314	6	204	5	93
26121	203	54117	54112	54314	5	202	4	93
26121	204	54123	54115	54322	8	207	5	93
26121	205	54115	54109	54312	6	203	6	93
26121	206	54117	54111	54314	6	203	5	93
26121	207	54122	54115	54320	7	205	5	93
26121	208	54117	54112	54314	5	202	4	93
26121	209	54116	54109	54313	7	204	5	93
26121	210	54125	54118	54322	7	204	4	93
26121	211	54116	54110	54313	6	203	4	93
26121	212	54118	54111	54314	7	203	5	93
26121	213	54123	54117	54320	6	203	4	93
26121	214	54116	54110	54317	6	207	5	93
26121	215	54116	54109	54312	7	203	6	93
26121	216	54122	54117	54320	5	203	4	93
26121	217	54118	54111	54316	7	205	5	93
26121	218	54116	54110	54312	6	202	5	93
26121	219	54125	54117	54320	8	203	5	93
26121	220	54117	54109	54312	8	203	6	93
26121	221	54118	54111	54316	7	205	5	93
26121	222	54123	54116	54318	7	202	5	93
26121	223	54117	54111	54315	6	204	4	93
26121	224	54116	54109	54315	7	206	5	93
26121	225	54123	54116	54320	7	204	5	93
26121	226	54120	54115	54317	5	202	4	93
26121	227	54116	54109	54313	7	204	5	93
26121	228	54124	54118	54321	6	203	5	93
26121	229	54116	54108	54315	8	207	5	93
26121	230	54118	54111	54313	7	202	4	93
26121	231	54122	54117	54319	5	202	5	93
26121	232	54118	54110	54316	8	206	6	93
26121	233	54115	54110	54313	5	203	4	93
26121	234	54123	54116	54319	7	203	5	93
26121	235	54119	54114	54315	5	201	4	93
26121	236	54116	54111	54312	5	201	4	93
26121	237	54120	54113	54318	7	205	5	93
26121	238	54122	54116	54318	6	202	5	93
26121	239	54118	54111	54316	7	205	5	93
26121	240	54115	54110	54312	5	202	5	93
26121	241	54125	54118	54320	7	202	4	93
26121	242	54116	54111	54314	5	203	4	93
26121	243	54118	54112	54316	6	204	4	93
26121	244	54123	54117	54321	6	204	5	93
26121	245	54118	54112	54316	6	204	4	93
26121	246	54116	54110	54314	6	204	5	93
26121	247	54122	54117	54320	5	203	4	93
26121	248	54118	54111	54316	7	205	4	93
26121	249	54117	54110	54315	7	205	6	93
26121	250	54125	54118	54321	7	203	5	93
26121	251	54116	54110	54314	6	204	5	93
26121	252	54118	54111	54314	7	203	5	93
26121	253	54123	54117	54321	6	204	5	93
26121	254	54118	54112	54316	6	204	4	93
26121	255	54115	54110	54312	5	202	5	93
26121	256	54122	54116	54319	6	203	4	93
26121	257	54117	54111	54315	6	204	5	93
26121	258	54116	54110	54314	6	204	5	93
26121	259	54120	54113	54316	7	203	5	93
26121	260	54121	54114	54316	7	202	5	93
26121	261	54118	54112	54316	6	204	4	93
26121	262	54116	54111	54312	5	201	4	93
26121	263	54125	54117	54321	8	204	5	93
26121	264	54116	54110	54314	6	204	5	93
26121	265	54118	54111	54314	7	203	5	93
26121	266	54122	54117	54318	5	201	4	93
26121	267	54116	54111	54312	5	201	4	93
26121	268	54118	54111	54315	7	204	4	93
26121	269	54122	54116	54320	6	204	5	93
26121	270	54118	54111	54316	7	205	5	93
26121	271	54115	54111	54312	4	201	4	93
26121	272	54124	54118	54322	6	204	4	93
26121	273	54116	54111	54313	5	202	5	93
26121	274	54118	54112	54316	6	204	4	93
26121	275	54118	54112	54316	6	204	5	93
26121	276	54124	54118	54322	6	204	4	93
26121	277	54116	54110	54312	6	202	5	93
26121	278	54116	54110	54312	6	202	5	93
26121	279	54124	54118	54322	6	204	4	93
26121	280	54116	54110	54314	6	204	5	93
26121	281	54118	54112	54316	6	204	4	93
26121	282	54122	54116	54320	6	204	5	93
26121	283	54118	54109	54317	9	208	5	93
26121	284	54117	54111	54312	6	201	4	93
26121	285	54118	54111	54314	7	203	5	93
26121	286	54122	54117	54320	5	203	4	93
26121	287	54115	54111	54312	4	201	4	93
26121	288	54117	54111	54314	6	203	4	93
26121	289	54122	54117	54320	5	203	4	93
26121	290	54118	54111	54314	7	203	5	93
26121	291	54117	54111	54315	6	204	5	93
26121	292	54126	54118	54323	8	205	5	93
26121	293	54120	54115	54318	5	203	4	93
26121	294	54118	54113	54315	5	202	4	93
26121	295	54116	54110	54314	6	204	5	93
26121	296	54124	54118	54322	6	204	4	93
26121	297	54116	54112	54313	4	201	4	93
26121	298	54116	54111	54313	5	202	5	93
26121	299	54122	54116	54318	6	202	4	93
26121	300	54120	54114	54333	6	219	7	94
26121	301	54119	54111	54314	8	203	5	93
26121	302	54116	54110	54314	6	204	5	93
26121	303	54125	54118	54321	7	203	5	93
26121	304	54116	54111	54312	5	201	4	93
26121	305	54118	54110	54317	8	207	5	93
26121	306	54122	54114	54319	8	205	5	93
26121	307	54120	54114	54318	6	204	4	93
26121	308	54233	54113	54430	120	317	5	94
26121	309	54117	54110	54313	7	203	5	93
26121	310	54125	54118	54320	7	202	4	93
26121	311	54116	54110	54312	6	202	5	93
26121	312	54118	54112	54314	6	202	4	93
26121	313	54122	54118	54319	4	201	4	93
26121	314	54119	54113	54316	6	203	5	93
26121	315	54115	54111	54312	4	201	4	93
26121	316	54118	54110	54315	8	205	5	93
26121	317	54123	54117	54321	6	204	5	93
26121	318	54118	54112	54316	6	204	4	93
26121	319	54115	54110	54312	5	202	5	93
26121	320	54123	54116	54320	7	204	5	93
26121	321	54118	54112	54314	6	202	4	93
26121	322	54116	54109	54311	7	202	5	93
26121	323	54119	54112	54315	7	203	4	93
26121	324	54123	54117	54320	6	203	4	93
26121	325	54118	54111	54316	7	205	4	93
26121	326	54116	54111	54312	5	201	4	93
26121	327	54125	54117	54322	8	205	5	93
26121	328	54116	54109	54313	7	204	5	93
26121	329	54117	54110	54314	7	204	5	93
26121	330	54121	54116	54317	5	201	4	93
26121	331	54119	54114	54315	5	201	4	93
26121	332	54118	54113	54315	5	202	4	93
26121	333	54116	54110	54320	6	210	7	94
26121	334	54124	54117	54320	7	203	5	93
26121	335	54116	54111	54313	5	202	5	93
26121	336	54119	54113	54315	6	202	4	93
26121	337	54122	54116	54318	6	202	5	93
26121	338	54119	54112	54316	7	204	4	93
26121	339	54116	54111	54312	5	201	4	93
26121	340	54117	54110	54312	7	202	5	93
26121	341	54124	54118	54322	6	204	4	93
26121	342	54116	54110	54312	6	202	5	93
26121	343	54119	54111	54314	8	203	5	93
26121	344	54122	54117	54320	5	203	4	93
26121	345	54117	54111	54314	6	203	5	93
26121	346	54116	54111	54312	5	201	4	93
26121	347	54125	54118	54322	7	204	4	93
26121	348	54117	54111	54315	6	204	5	93
26121	349	54118	54112	54316	6	204	4	93
26121	350	54116	54109	54314	7	205	6	93
26121	351	54122	54117	54320	5	203	4	93
26121	352	54118	54111	54314	7	203	5	93
26121	353	54116	54109	54314	7	205	5	93
26121	354	54124	54116	54321	8	205	5	93
26121	355	54117	54110	54312	7	202	5	93
26121	356	54118	54111	54316	7	205	5	93
26121	357	54123	54117	54320	6	203	4	93
26121	358	54122	54114	54318	8	204	5	93
26121	359	54116	54109	54312	7	203	5	93
26121	360	54116	54111	54313	5	202	4	93
26121	361	54123	54116	54321	7	205	5	93
26121	362	54116	54111	54312	5	201	4	93
26121	363	54118	54112	54316	6	204	4	93
26121	364	54123	54116	54320	7	204	5	93
26121	365	54118	54111	54314	7	203	5	93
26121	366	54116	54110	54318	6	208	7	94
26121	367	54124	54119	54321	5	202	4	93
26121	368	54116	54111	54314	5	203	4	93
26121	369	54117	54111	54314	6	203	5	93
26121	370	54116	54109	54315	7	206	5	93
26121	371	54122	54118	54319	4	201	4	93
26121	372	54118	54111	54314	7	203	5	93
26121	373	54116	54109	54312	7	203	5	93
26121	374	54124	54118	54321	6	203	5	93
26121	375	54117	54111	54312	6	201	4	93
26121	376	54118	54109	54316	9	207	5	93
26121	377	54121	54116	54319	5	203	4	93
26121	378	54120	54112	54316	8	204	5	93
26121	379	54116	54110	54314	6	204	5	93
26121	380	54117	54111	54314	6	203	5	93
26121	381	54122	54116	54320	6	204	5	93
26121	382	54116	54111	54312	5	201	4	93
26121	383	54118	54111	54314	7	203	5	93
26121	384	54123	54116	54318	7	202	5	93
26121	385	54118	54111	54316	7	205	5	93
26121	386	54116	54109	54314	7	205	5	93
26121	387	54123	54116	54319	7	203	5	93
26121	388	54119	54114	54317	5	203	4	93
26121	389	54118	54112	54316	6	204	4	93
26121	390	54116	54111	54312	5	201	4	93
26121	391	54123	54116	54319	7	203	5	93
26121	392	54116	54110	54313	6	203	4	93
26121	393	54116	54110	54312	6	202	5	93
26121	394	54124	54119	54321	5	202	4	93
26121	395	54115	54110	54312	5	202	5	93
26121	396	54118	54112	54316	6	204	4	93
26121	397	54120	54115	54317	5	202	5	93
26121	398	54122	54114	54319	8	205	5	93
26121	399	54116	54111	54314	5	203	4	93
26121	400	54118	54111	54316	7	205	5	93
26121	401	54123	54116	54320	7	204	5	93
26121	402	54115	54110	54312	5	202	5	93
26121	403	54119	54111	54316	8	205	5	93
26121	404	54122	54117	54319	5	202	5	93
26121	405	54118	54111	54314	7	203	5	93
26121	406	54116	54110	54312	6	202	5	93
26121	407	54119	54112	54314	7	202	4	93
26121	408	54122	54116	54318	6	202	5	93
26121	409	54118	54111	54316	7	205	5	93
26121	410	54116	54111	54313	5	202	5	93
26121	411	54124	54118	54320	6	202	4	93
26121	412	54117	54112	54314	5	202	5	93
26121	413	54116	54111	54314	5	203	4	93
26121	414	54118	54111	54314	7	203	5	93
26121	415	54122	54117	54319	5	202	5	93
26121	416	54118	54112	54316	6	204	4	93
26121	417	54116	54111	54314	5	203	4	93
26121	418	54122	54115	54320	7	205	5	93
26121	419	54120	54115	54316	5	201	4	93
26121	420	54117	54112	54314	5	202	4	93
26121	421	54117	54111	54314	6	203	4	93
26121	422	54125	54117	54320	8	203	5	93
26121	423	54116	54110	54312	6	202	5	93
26121	424	54120	54114	54317	6	203	4	93
26121	425	54121	54115	54319	6	204	4	93
26121	426	54121	54115	54320	6	205	4	93
26121	427	54118	54111	54316	7	205	5	93
26121	428	54116	54112	54313	4	201	4	93
26121	429	54124	54119	54321	5	202	4	93
26121	430	54116	54109	54314	7	205	5	93
26121	431	54118	54111	54316	7	205	5	93
26121	432	54119	54113	54317	6	204	5	93
26121	433	54122	54116	54320	6	204	5	93
26121	434	54116	54110	54312	6	202	5	93
26121	435	54116	54111	54314	5	203	4	93
26121	436	54125	54117	54322	8	205	5	93
26121	437	54117	54112	54315	5	203	4	93
26121	438	54118	54111	54316	7	205	5	93
26121	439	54119	54113	54315	6	202	5	93
26121	440	54123	54117	54321	6	204	4	93
26121	441	54118	54110	54313	8	203	5	93
26121	442	54118	54112	54315	6	203	4	93
26121	443	54122	54117	54320	5	203	4	93
26121	444	54117	54112	54314	5	202	5	93
26121	445	54118	54111	54314	7	203	5	93
26121	446	54116	54110	54311	6	201	4	93
26121	447	54125	54119	54323	6	204	4	93
26121	448	54116	54110	54312	6	202	5	93
26121	449	54119	54112	54317	7	205	5	93
26121	450	54117	54111	54314	6	203	4	93
26121	451	54124	54119	54321	5	202	4	93
26121	452	54116	54110	54314	6	204	5	93
26121	453	54118	54112	54314	6	202	4	93
26121	454	54116	54111	54314	5	203	4	93
26121	455	54123	54117	54318	6	201	4	93
26121	456	54118	54111	54316	7	205	5	93
26121	457	54116	54108	54314	8	206	5	93
26121	458	54119	54112	54316	7	204	4	93
26121	459	54123	54116	54320	7	204	5	93
26121	460	54118	54111	54314	7	203	5	93
26121	461	54116	54112	54313	4	201	4	93
26121	462	54120	54112	54317	8	205	5	93
26121	463	54123	54117	54320	6	203	4	93
26121	464	54116	54110	54314	6	204	5	93
26121	465	54116	54112	54313	4	201	4	93
26121	466	54125	54119	54323	6	204	5	93
26121	467	54120	54112	54318	8	206	5	93
26121	468	54116	54110	54314	6	204	5	93
26121	469	54118	54112	54316	6	204	4	93
26121	470	54123	54117	54320	6	203	4	93
26121	471	54118	54112	54314	6	202	4	93
26121	472	54116	54110	54313	6	203	5	93
26121	473	54118	54112	54315	6	203	4	93
26121	474	54123	54117	54320	6	203	4	93
26121	475	54116	54110	54312	6	202	5	93
26121	476	54118	54112	54316	6	204	4	93
26121	477	54118	54112	54314	6	202	5	93
26121	478	54125	54117	54322	8	205	5	93
26121	479	54117	54112	54313	5	201	4	93
26121	480	54119	54112	54315	7	203	5	93
26121	481	54117	54111	54314	6	203	5	93
26121	482	54125	54118	54324	7	206	4	93
26121	483	54116	54112	54313	4	201	4	93
26121	484	54118	54112	54316	6	204	4	93
26121	485	54117	54111	54313	6	202	5	93
26121	486	54116	54111	54314	5	203	4	93
26121	487	54124	54118	54322	6	204	4	93
26121	488	54116	54111	54313	5	202	5	93
26121	489	54118	54112	54315	6	203	5	93
26121	490	54120	54113	54316	7	203	5	93
26121	491	54124	54117	54321	7	204	4	93
26121	492	54120	54114	54317	6	203	4	93
26121	493	54118	54111	54315	7	204	5	93
26121	494	54117	54111	54314	6	203	4	93
26121	495	54117	54110	54314	7	204	5	93
26121	496	54127	54123	54324	4	201	4	93
26121	497	54117	54111	54315	6	204	5	93
26121	498	54118	54111	54314	7	203	5	93
26121	499	54116	54112	54313	4	201	4	93
26121	500	54119	54112	54332	7	220	7	94
26121	501	54122	54116	54319	6	203	6	93
26121	502	54119	54111	54316	8	205	5	93
26121	503	54116	54110	54313	6	203	6	93
26121	504	54118	54113	54315	5	202	4	93
26121	505	54122	54117	54320	5	203	4	93
26121	506	54119	54113	54316	6	203	4	93
26121	507	54119	54112	54314	7	202	4	93
26121	508	54117	54112	54313	5	201	4	93
26121	509	54118	54113	54315	5	202	4	93
26121	510	54123	54117	54319	6	202	5	93
26121	511	54119	54112	54316	7	204	4	93
26121	512	54117	54111	54316	6	205	4	93
26121	513	54119	54111	54316	8	205	5	93
26121	514	54117	54109	54316	8	207	5	93
26121	515	54124	54118	54322	6	204	4	93
26121	516	54116	54111	54313	5	202	5	93
26121	517	54117	54110	54315	7	205	5	93
26121	518	54119	54112	54316	7	204	4	93
26121	519	54121	54115	54318	6	203	4	93
26121	520	54122	54117	54319	5	202	4	93
26121	521	54116	54112	54313	4	201	4	93
26121	522	54119	54111	54316	8	205	5	93
26121	523	54116	54111	54314	5	203	4	93
26121	524	54125	54118	54323	7	205	5	93
26121	525	54116	54112	54313	4	201	4	93
26121	526	54116	54110	54315	6	205	5	93
26121	527	54117	54111	54314	6	203	4	93
26121	528	54117	54111	54313	6	202	5	93
26121	529	54125	54118	54321	7	203	5	93
26121	530	54117	54112	54315	5	203	4	93
26121	531	54118	54113	54315	5	202	4	93
26121	532	54117	54110	54314	7	204	5	93
26121	533	54125	54118	54322	7	204	4	93
26121	534	54117	54111	54316	6	205	4	93
26121	535	54119	54112	54318	7	206	4	93
26121	536	54117	54111	54315	6	204	5	93
26121	537	54116	54111	54313	5	202	5	93
26121	538	54122	54117	54319	5	202	5	93
26121	539	54117	54112	54315	5	203	4	93
26121	540	54120	54111	54317	9	206	5	93
26121	541	54117	54111	54315	6	204	5	93
26121	542	54125	54118	54323	7	205	5	93
26121	543	54116	54110	54314	6	204	5	93
26121	544	54118	54111	54316	7	205	5	93
26121	545	54117	54110	54314	7	204	5	93
26121	546	54119	54112	54315	7	203	4	93
26121	547	54123	54116	54320	7	204	5	93
26121	548	54118	54112	54313	6	201	4	93
26121	549	54118	54112	54316	6	204	4	93
26121	550	54117	54111	54312	6	201	4	93
26121	551	54125	54118	54322	7	204	4	93
26121	552	54116	54111	54314	5	203	4	93
26121	553	54119	54112	54316	7	204	4	93
26121	554	54116	54111	54313	5	202	5	93
26121	555	54124	54117	54322	7	205	5	93
26121	556	54119	54114	54316	5	202	5	93
26121	557	54118	54111	54316	7	205	5	93
26121	558	54117	54111	54314	6	203	4	93
26121	559	54120	54113	54317	7	204	5	93
26121	560	54122	54116	54319	6	203	5	93
26121	561	54116	54111	54314	5	203	4	93
26121	562	54118	54111	54316	7	205	5	93
26121	563	54116	54110	54314	6	204	5	93
26121	564	54124	54116	54322	8	206	5	93
26121	565	54116	54110	54314	6	204	5	93
26121	566	54118	54113	54315	5	202	4	93
26121	567	54122	54117	54320	5	203	4	93
26121	568	54118	54112	54317	6	205	4	93
26121	569	54116	54109	54314	7	205	5	93
26121	570	54116	54110	54314	6	204	5	93
26121	571	54125	54116	54322	9	206	5	93
26121	572	54116	54111	54314	5	203	4	93
26121	573	54236	54114	54432	122	318	5	94
26121	574	54116	54111	54314	5	203	4	93
26121	575	54125	54116	54322	9	206	5	93
26121	576	54116	54111	54314	5	203	4	93
26121	577	54118	54111	54314	7	203	5	93
26121	578	54121	54114	54316	7	202	5	93
26121	579	54120	54115	54318	5	203	4	93
26121	580	54118	54111	54315	7	204	5	93
26121	581	54116	54111	54314	5	203	4	93
26121	582	54124	54118	54322	6	204	4	93
26121	583	54116	54112	54313	4	201	4	93
26121	584	54118	54112	54316	6	204	4	93
26121	585	54116	54110	54314	6	204	5	93
26121	586	54125	54118	54322	7	204	4	93
26121	587	54116	54111	54314	5	203	4	93
26121	588	54118	54110	54317	8	207	5	93
26121	589	54123	54117	54321	6	204	5	93
26121	590	54118	54111	54314	7	203	5	93
26121	591	54118	54112	54314	6	202	4	93
26121	592	54116	54111	54312	5	201	4	93
26121	593	54125	54118	54323	7	205	4	93
26121	594	54116	54110	54313	6	203	5	93
26121	595	54118	54112	54315	6	203	5	93
26121	596	54119	54113	54315	6	202	5	93
26121	597	54122	54117	54319	5	202	4	93
26121	598	54116	54111	54314	5	203	4	93
26121	599	54117	54110	54312	7	202	5	93
26121	600	54124	54117	54322	7	205	5	93
26121	601	54116	54112	54313	4	201	4	93
26121	602	54118	54111	54314	7	203	5	93
26121	603	54117	54110	54312	7	202	5	93
26121	604	54124	54118	54321	6	203	5	93
26121	605	54116	54109	54314	7	205	5	93
26121	606	54118	54112	54316	6	204	4	93
26121	607	54121	54115	54318	6	203	4	93
26121	608	54122	54116	54318	6	202	4	93
26121	609	54116	54109	54312	7	203	5	93
26121	610	54116	54110	54314	6	204	5	93
26121	611	54124	54117	54322	7	205	5	93
26121	612	54116	54111	54314	5	203	4	93
26121	613	54118	54111	54316	7	205	5	93
26121	614	54116	54111	54314	5	203	4	93
26121	615	54125	54117	54322	8	205	5	93
26121	616	54116	54110	54314	6	204	5	93
26121	617	54118	54110	54314	8	204	5	93
26121	618	54122	54116	54320	6	204	5	93
26121	619	54118	54113	54315	5	202	4	93
26121	620	54116	54111	54314	5	203	4	93
26121	621	54121	54116	54319	5	203	4	93
26121	622	54124	54115	54323	9	208	5	93
26121	623	54115	54109	54313	6	204	5	93
26121	624	54124	54117	54322	7	205	5	93
26121	625	54115	54109	54312	6	203	4	93
26121	626	54117	54111	54313	6	202	4	93
26121	627	54122	54116	54320	6	204	5	93
26121	628	54117	54112	54314	5	202	4	93
26121	629	54117	54111	54313	6	202	5	93
26121	630	54121	54116	54318	5	202	5	93
26121	631	54116	54110	54315	6	205	4	93
26121	632	54122	54117	54318	5	201	4	93
26121	633	54118	54110	54313	8	203	5	93
26121	634	54116	54110	54315	6	205	4	93
26121	635	54128	54119	54326	9	207	6	93
26121	636	54116	54111	54314	5	203	4	93
26121	637	54117	54111	54314	6	203	5	93
26121	638	54122	54116	54320	6	204	5	93
26121	639	54117	54110	54315	7	205	5	93
26121	640	54119	54114	54316	5	202	5	93
26121	641	54119	54113	54317	6	204	5	93
26121	642	54117	54110	54315	7	205	5	93
26121	643	54121	54115	54319	6	204	5	93
26121	644	54117	54110	54315	7	205	5	93
26121	645	54115	54110	54312	5	202	5	93
26121	646	54123	54118	54320	5	202	4	93
26121	647	54115	54110	54313	5	203	4	93
26121	648	54124	54117	54322	7	205	5	93
26121	649	54117	54111	54314	6	203	4	93
26121	650	54117	54110	54316	7	206	4	93
26121	651	54122	54115	54319	7	204	5	93
26121	652	54116	54111	54312	5	201	4	93
26121	653	54118	54109	54313	9	204	5	93
26121	654	54122	54117	54320	5	203	4	93
26121	655	54118	54112	54314	6	202	4	93
26121	656	54120	54116	54317	4	201	4	93
26121	657	54120	54114	54318	6	204	4	93
26121	658	54116	54109	54313	7	204	5	93
26121	659	54124	54118	54320	6	202	4	93
26121	660	54115	54109	54313	6	204	5	93
26121	661	54117	54111	54313	6	202	4	93
26121	662	54122	54116	54319	6	203	4	93
26121	663	54116	54108	54313	8	205	5	93
26121	664	54125	54118	54320	7	202	4	93
26121	665	54116	54110	54312	6	202	5	93
26121	666	54117	54110	54315	7	205	5	93
26121	667	54123	54117	54320	6	203	4	93
26121	668	54117	54110	54314	7	204	5	93
26121	669	54116	54110	54313	6	203	4	93
26121	670	54124	54116	54321	8	205	5	93
26121	671	54115	54109	54311	6	202	5	93
26121	672	54121	54115	54317	6	202	5	93
26121	673	54118	54112	54317	6	205	4	93
26121	674	54115	54110	54311	5	201	4	93
26121	675	54124	54117	54320	7	203	5	93
26121	676	54115	54110	54312	5	202	5	93
26121	677	54117	54110	54315	7	205	5	93
26121	678	54122	54115	54320	7	205	5	93
26121	679	54117	54111	54314	6	203	5	93
26121	680	54116	54110	54314	6	204	5	93
26121	681	54124	54117	54322	7	205	5	93
26121	682	54116	54109	54313	7	204	5	93
26121	683	54122	54117	54318	5	201	4	93
26121	684	54119	54112	54316	7	204	4	93
26121	685	54115	54111	54312	4	201	4	93
26121	686	54123	54117	54320	6	203	5	93
26121	687	54115	54109	54311	6	202	5	93
26121	688	54121	54115	54318	6	203	5	93
26121	689	54122	54117	54320	5	203	4	93
26121	690	54118	54110	54315	8	205	5	93
26121	691	54116	54112	54313	4	201	4	93
26121	692	54122	54116	54320	6	204	5	93
26121	693	54116	54110	54315	6	205	4	93
26121	694	54122	54116	54320	6	204	5	93
26121	695	54118	54112	54314	6	202	4	93
26121	696	54115	54110	54313	5	203	4	93
26121	697	54125	54118	54322	7	204	4	93
26121	698	54116	54110	54314	6	204	5	93
26121	699	54117	54111	54314	6	203	5	93
26121	700	54122	54117	54318	5	201	4	93
26121	701	54118	54112	54314	6	202	4	93
26121	702	54116	54109	54313	7	204	5	93
26121	703	54122	54116	54320	6	204	5	93
26121	704	54118	54112	54316	6	204	4	93
26121	705	54115	54110	54312	5	202	5	93
26121	706	54124	54117	54320	7	203	5	93
26121	707	54116	54110	54313	6	203	4	93
26121	708	54120	54114	54318	6	204	4	93
26121	709	54121	54115	54317	6	202	5	93
26121	710	54118	54111	54316	7	205	5	93
26121	711	54122	54116	54319	6	203	5	93
26121	712	54119	54113	54316	6	203	5	93
26121	713	54116	54111	54314	5	203	4	93
26121	714	54122	54116	54320	6	204	5	93
26121	715	54118	54110	54316	8	206	5	93
26121	716	54115	54110	54312	5	202	5	93
26121	717	54124	54118	54322	6	204	4	93
26121	718	54115	54110	54312	5	202	5	93
26121	719	54118	54112	54315	6	203	4	93
26121	720	54121	54117	54318	4	201	4	93
26121	721	54118	54110	54315	8	205	5	93
26121	722	54118	54111	54315	7	204	5	93
26121	723	54122	54115	54319	7	204	5	93
26121	724	54116	54109	54311	7	202	5	93
26121	725	54123	54116	54318	7	202	5	93
26121	726	54117	54110	54314	7	204	5	93
26121	727	54116	54109	54313	7	204	5	93
26121	728	54124	54117	54322	7	205	5	93
26121	729	54116	54110	54313	6	203	4	93
26121	730	54118	54110	54316	8	206	5	93
26121	731	54123	54117	54318	6	201	4	93
26121	732	54118	54110	54315	8	205	5	93
26121	733	54115	54110	54312	5	202	5	93
26121	734	54122	54116	54320	6	204	5	93
26121	735	54115	54111	54315	4	204	4	93
26121	736	54116	54111	54312	5	201	4	93
26121	737	54124	54118	54322	6	204	4	93
26121	738	54115	54109	54313	6	204	5	93
26121	739	54122	54115	54317	7	202	4	93
26121	740	54119	54113	54316	6	203	5	93
26121	741	54118	54111	54315	7	204	4	93
26121	742	54122	54116	54319	6	203	4	93
26121	743	54118	54111	54316	7	205	5	93
26121	744	54115	54110	54313	5	203	4	93
26121	745	54122	54117	54320	5	203	4	93
26121	746	54118	54112	54314	6	202	4	93
26121	747	54116	54109	54315	7	206	5	93
26121	748	54124	54119	54321	5	202	4	93
26121	749	54116	54111	54313	5	202	4	93
26121	750	54118	54111	54316	7	205	5	93
26121	751	54122	54117	54318	5	201	4	93
26121	752	54118	54111	54315	7	204	4	93
26121	753	54115	54111	54312	4	201	4	93
26121	754	54125	54120	54324	5	204	5	93
26121	755	54116	54110	54314	6	204	5	93
26121	756	54116	54109	54313	7	204	5	93
26121	757	54123	54118	54320	5	202	4	93
26121	758	54116	54110	54314	6	204	5	93
26121	759	54117	54111	54313	6	202	4	93
26121	760	54122	54115	54319	7	204	5	93
26121	761	54118	54110	54315	8	205	5	93
26121	762	54116	54110	54313	6	203	4	93
26121	763	54124	54117	54321	7	204	5	93
26121	764	54116	54111	54312	5	201	4	93
26121	765	54116	54110	54313	6	203	4	93
26121	766	54122	54115	54324	7	209	5	93
26121	767	54116	54111	54314	5	203	4	93
26121	768	54117	54112	54314	5	202	4	93
26121	769	54122	54116	54320	6	204	5	93
26121	770	54118	54111	54316	7	205	5	93
26121	771	54116	54108	54313	8	205	5	93
26121	772	54124	54117	54322	7	205	5	93
26121	773	54116	54111	54314	5	203	4	93
26121	774	54118	54110	54315	8	205	5	93
26121	775	54121	54116	54318	5	202	5	93
26121	776	54116	54110	54314	6	204	5	93
26121	777	54117	54111	54314	6	203	5	93
26121	778	54122	54116	54318	6	202	5	93
26121	779	54118	54111	54316	7	205	5	93
26121	780	54116	54110	54312	6	202	5	93
26121	781	54124	54118	54320	6	202	4	93
26121	782	54116	54109	54313	7	204	5	93
26121	783	54117	54111	54314	6	203	5	93
26121	784	54122	54116	54320	6	204	5	93
26121	785	54116	54111	54312	5	201	4	93
26121	786	54116	54109	54313	7	204	5	93
26121	787	54122	54116	54320	6	204	5	93
26121	788	54118	54112	54316	6	204	4	93
26121	789	54116	54109	54313	7	204	5	93
26121	790	54124	54118	54321	6	203	5	93
26121	791	54116	54111	54314	5	203	4	93
26121	792	54118	54112	54314	6	202	4	93
26121	793	54121	54116	54318	5	202	5	93
26121	794	54118	54111	54314	7	203	5	93
26121	795	54116	54110	54312	6	202	5	93
26121	796	54122	54117	54320	5	203	4	93
26121	797	54117	54111	54314	6	203	5	93
26121	798	54116	54109	54313	7	204	5	93
26121	799	54125	54117	54320	8	203	5	93
26121	800	54116	54111	54312	5	201	4	93
26121	801	54117	54110	54314	7	204	6	93
26121	802	54122	54116	54318	6	202	5	93
26121	803	54117	54111	54314	6	203	5	93
26121	804	54116	54109	54314	7	205	5	93
26121	805	54122	54117	54323	5	206	4	93
26121	806	54117	54111	54315	6	204	5	93
26121	807	54116	54110	54314	6	204	5	93
26121	808	54119	54112	54315	7	203	5	93
26121	809	54123	54116	54319	7	203	5	93
26121	810	54118	54109	54316	9	207	5	93
26121	811	54116	54112	54313	4	201	4	93
26121	812	54124	54119	54321	5	202	4	93
26121	813	54116	54110	54314	6	204	5	93
26121	814	54118	54112	54316	6	204	4	93
26121	815	54117	54112	54315	5	203	4	93
26121	816	54123	54117	54318	6	201	4	93
26121	817	54116	54110	54312	6	202	5	93
26121	818	54117	54111	54312	6	201	4	93
26121	819	54124	54117	54320	7	203	5	93
26121	820	54152	54121	54350	31	229	7	104
26121	821	54118	54112	54316	6	204	4	93
26121	822	54118	54112	54316	6	204	4	93
26121	823	54124	54117	54322	7	205	5	93
26121	824	54116	54109	54314	7	205	5	93
26121	825	54118	54111	54314	7	203	5	93
26121	826	54123	54116	54320	7	204	5	93
26121	827	54116	54112	54313	4	201	4	93
26121	828	54118	54112	54314	6	202	4	93
26121	829	54118	54112	54314	6	202	5	93
26121	830	54124	54116	54323	8	207	5	93
26121	831	54116	54110	54312	6	202	5	93
26121	832	54118	54110	54316	8	206	5	93
26121	833	54123	54116	54320	7	204	5	93
26121	834	54119	54113	54315	6	202	4	93
26121	835	54116	54111	54313	5	202	5	93
26121	836	54119	54113	54317	6	204	4	93
26121	837	54243	54121	54439	122	318	6	94
26121	838	54116	54111	54314	5	203	4	93
26121	839	54118	54112	54316	6	204	4	93
26121	840	54122	54116	54320	6	204	5	93
26121	841	54118	54111	54317	7	206	4	93
26121	842	54116	54110	54314	6	204	5	93
26121	843	54118	54111	54314	7	203	5	93
26121	844	54122	54118	54319	4	201	4	93
26121	845	54118	54111	54316	7	205	5	93
26121	846	54116	54110	54314	6	204	5	93
26121	847	54123	54118	54321	5	203	4	93
26121	848	54116	54111	54313	5	202	5	93
26121	849	54115	54111	54312	4	201	4	93
26121	850	54118	54111	54314	7	203	5	93
26121	851	54122	54115	54320	7	205	5	93
26121	852	54118	54111	54314	7	203	5	93
26121	853	54116	54111	54313	5	202	5	93
26121	854	54118	54111	54316	7	205	5	93
26121	855	54122	54117	54320	5	203	4	93
26121	856	54118	54112	54315	6	203	5	93
26121	857	54116	54111	54312	5	201	4	93
26121	858	54122	54116	54320	6	204	5	93
26121	859	54117	54111	54317	6	206	5	93
26121	860	54116	54111	54312	5	201	4	93
26121	861	54118	54113	54315	5	202	4	93
26121	862	54122	54118	54319	4	201	4	93
26121	863	54118	54111	54316	7	205	5	93
26121	864	54116	54109	54314	7	205	5	93
26121	865	54120	54114	54317	6	203	5	93
26121	866	54122	54116	54318	6	202	5	93
26121	867	54118	54112	54316	6	204	4	93
26121	868	54118	54111	54317	7	206	5	93
26121	869	54122	54118	54319	4	201	4	93
26121	870	54118	54112	54316	6	204	4	93
26121	871	54116	54111	54313	5	202	5	93
26121	872	54118	54112	54314	6	202	4	93
26121	873	54122	54116	54320	6	204	5	93
26121	874	54119	54112	54315	7	203	4	93
26121	875	54116	54111	54314	5	203	4	93
26121	876	54124	54118	54321	6	203	5	93
26121	877	54116	54110	54314	6	204	5	93
26121	878	54116	54112	54313	4	201	4	93
26121	879	54116	54110	54314	6	204	5	93
26121	880	54123	54116	54321	7	205	5	93
26121	881	54117	54112	54314	5	202	4	93
26121	882	54117	54112	54315	5	203	4	93
26121	883	54120	54114	54316	6	202	4	93
26121	884	54122	54117	54318	5	201	4	93
26121	885	54118	54111	54316	7	205	5	93
26121	886	54120	54115	54317	5	202	5	93
26121	887	54117	54112	54314	5	202	4	93
26121	888	54123	54117	54319	6	202	4	93
26121	889	54116	54111	54314	5	203	4	93
26121	890	54118	54111	54316	7	205	5	93
26121	891	54117	54110	54314	7	204	5	93
26121	892	54125	54117	54320	8	203	5	93
26121	893	54116	54110	54314	6	204	5	93
26121	894	54118	54112	54315	6	203	5	93
26121	895	54116	54111	54314	5	203	4	93
26121	896	54124	54116	54322	8	206	5	93
26121	897	54117	54112	54315	5	203	4	93
26121	898	54118	54111	54315	7	204	5	93
26121	899	54117	54110	54314	7	204	5	93
26121	900	54123	54117	54320	6	203	4	93
26121	901	54118	54110	54314	8	204	5	93
26121	902	54116	54111	54314	5	203	4	93
26121	903	54119	54112	54315	7	203	4	93
26121	904	54118	54113	54315	5	202	5	93
26121	905	54124	54118	54322	6	204	4	93
26121	906	54116	54110	54314	6	204	5	93
26121	907	54119	54112	54316	7	204	4	93
26121	908	54117	54112	54315	5	203	4	93
26121	909	54123	54117	54320	6	203	4	93
26121	910	54116	54110	54315	6	205	5	93
26121	911	54117	54111	54314	6	203	4	93
26121	912	54119	54111	54316	8	205	5	93
26121	913	54122	54117	54319	5	202	4	93
26121	914	54118	54111	54316	7	205	5	93
26121	915	54116	54110	54312	6	202	5	93
26121	916	54118	54112	54316	6	204	4	93
26121	917	54123	54117	54320	6	203	4	93
26121	918	54119	54111	54316	8	205	5	93
26121	919	54117	54111	54312	6	201	4	93
26121	920	54116	54110	54314	6	204	5	93
26121	921	54122	54117	54319	5	202	4	93
26121	922	54120	54113	54319	7	206	5	93
26121	923	54119	54112	54316	7	204	4	93
26121	924	54116	54111	54314	5	203	4	93
26121	925	54119	54113	54315	6	202	4	93
26121	926	54122	54117	54320	5	203	4	93
26121	927	54119	54111	54316	8	205	5	93
26121	928	54116	54111	54313	5	202	5	93
26121	929	54119	54112	54316	7	204	4	93
26121	930	54123	54118	54319	5	201	4	93
26121	931	54117	54110	54312	7	202	5	93
26121	932	54118	54111	54316	7	205	5	93
26121	933	54116	54111	54314	5	203	4	93
26121	934	54125	54118	54321	7	203	5	93
26121	935	54116	54111	54314	5	203	4	93
26121	936	54118	54112	54316	6	204	4	93
26121	937	54116	54111	54313	5	202	4	93
26121	938	54124	54119	54321	5	202	4	93
26121	939	54116	54110	54314	6	204	5	93
26121	940	54117	54111	54315	6	204	5	93
26121	941	54117	54111	54314	6	203	4	93
26121	942	54123	54117	54320	6	203	4	93
26121	943	54119	54112	54317	7	205	5	93
26121	944	54116	54110	54312	6	202	5	93
26121	945	54118	54110	54316	8	206	5	93
26121	946	54116	54110	54314	6	204	5	93
26121	947	54125	54119	54323	6	204	4	93
26121	948	54116	54110	54314	6	204	5	93
26121	949	54119	54111	54316	8	205	5	93
26121	950	54116	54110	54314	6	204	5	93
26121	951	54122	54117	54319	5	202	5	93
26121	952	54122	54113	54320	9	207	5	93
26121	953	54117	54112	54313	5	201	4	93
26121	954	54118	54112	54315	6	203	5	93
26121	955	54117	54112	54313	5	201	4	93
26121	956	54124	54118	54322	6	204	4	93
26121	957	54117	54110	54312	7	202	5	93
26121	958	54119	54111	54315	8	204	5	93
26121	959	54116	54111	54312	5	201	4	93
26121	960	54124	54118	54321	6	203	5	93
26121	961	54117	54112	54315	5	203	4	93
26121	962	54115	54111	54312	4	201	4	93
26121	963	54118	54111	54316	7	205	5	93
26121	964	54122	54118	54319	4	201	4	93
26121	965	54118	54112	54314	6	202	4	93
26121	966	54116	54110	54314	6	204	5	93
26121	967	54118	54111	54316	7	205	5	93
26121	968	54122	54117	54320	5	203	4	93
26121	969	54119	54113	54317	6	204	4	93
26121	970	54117	54108	54314	9	206	6	93
26121	971	54117	54111	54314	6	203	4	93
26121	972	54121	54116	54317	5	201	4	93
26121	973	54119	54114	54317	5	203	4	93
26121	974	54118	54111	54316	7	205	5	93
26121	975	54116	54111	54313	5	202	5	93
26121	976	54120	54114	54317	6	203	5	93
26121	977	54122	54117	54320	5	203	4	93
26121	978	54118	54111	54316	7	205	5	93
26121	979	54116	54111	54312	5	201	4	93
26121	980	54120	54114	54318	6	204	4	93
26121	981	54122	54115	54319	7	204	5	93
26121	982	54116	54109	54312	7	203	5	93
26121	983	54117	54111	54314	6	203	4	93
26121	984	54119	54112	54315	7	203	5	93
26121	985	54123	54117	54319	6	202	4	93
26121	986	54117	54109	54314	8	205	5	93
26121	987	54119	54111	54314	8	203	5	93
26121	988	54121	54115	54317	6	202	5	93
26121	989	54122	54114	54319	8	205	5	93
26121	990	54116	54111	54314	5	203	4	93
26121	991	54118	54112	54314	6	202	4	93
26121	992	54122	54117	54319	5	202	5	93
26121	993	54118	54111	54314	7	203	5	93
26121	994	54118	54112	54315	6	203	5	93
26121	995	54116	54112	54313	4	201	4	93
26121	996	54124	54118	54320	6	202	4	93
26121	997	54117	54111	54315	6	204	5	93
26121	998	54118	54112	54316	6	204	4	93
26121	999	54116	54110	54312	6	202	5	93
26121	1000	54125	54118	54322	7	204	4	93
