RUNID	ITERNUM	METIME	PRTIME	TPRTIME	DIFF	TDIFF	NRPROCS	NPROCS
26881	1	61634	61626	61834	8	208	6	94
26881	2	61633	61626	61832	7	206	7	94
26881	3	61639	61634	61838	5	204	5	94
26881	4	61633	61627	61832	6	205	6	94
26881	5	61633	61627	61832	6	205	5	94
26881	6	61633	61626	61832	7	206	5	94
26881	7	61635	61628	61835	7	207	6	94
26881	8	61636	61627	61833	9	206	6	94
26881	9	61639	61633	61838	6	205	6	94
26881	10	61636	61629	61836	7	207	5	94
26881	11	61633	61626	61832	7	206	7	94
26881	12	61633	61627	61833	6	206	5	94
26881	13	61634	61627	61831	7	204	5	94
26881	14	61639	61632	61839	7	207	6	94
26881	15	61642	61634	61842	8	208	6	94
26881	16	61633	61625	61833	8	208	7	94
26881	17	61634	61628	61834	6	206	5	94
26881	18	61634	61628	61834	6	206	5	94
26881	19	61633	61626	61833	7	207	6	94
26881	20	61635	61627	61832	8	205	5	94
26881	21	61633	61627	61832	6	205	6	94
26881	22	61757	61636	61956	121	320	6	95
26881	23	61632	61626	61830	6	204	5	94
26881	24	61633	61625	61832	8	207	6	94
26881	25	61642	61635	61842	7	207	5	94
26881	26	61631	61625	61832	6	207	6	94
26881	27	61633	61626	61833	7	207	6	94
26881	28	61639	61633	61839	6	206	5	94
26881	29	61633	61624	61833	9	209	6	95
26881	30	61634	61626	61831	8	205	5	94
26881	31	61641	61634	61840	7	206	5	94
26881	32	61633	61625	61832	8	207	6	94
26881	33	61633	61626	61832	7	206	5	94
26881	34	61639	61633	61839	6	206	5	94
26881	35	61635	61626	61834	9	208	6	94
26881	36	61632	61627	61832	5	205	6	94
26881	37	61640	61631	61839	9	208	6	94
26881	38	61634	61626	61833	8	207	6	94
26881	39	61633	61627	61831	6	204	5	94
26881	40	61641	61632	61841	9	209	6	94
26881	41	61632	61624	61829	8	205	6	94
26881	42	61632	61626	61833	6	207	6	94
26881	43	61640	61633	61840	7	207	6	94
26881	44	61632	61625	61831	7	206	6	94
26881	45	61634	61626	61831	8	205	5	94
26881	46	61639	61631	61839	8	208	6	94
26881	47	61633	61628	61833	5	205	6	94
26881	48	61633	61625	61833	8	208	6	94
26881	49	61641	61631	61839	10	208	6	94
26881	50	61634	61626	61834	8	208	6	94
26881	51	61633	61628	61830	5	202	5	94
26881	52	61641	61634	61838	7	204	5	94
26881	53	61632	61626	61832	6	206	5	94
26881	54	61633	61628	61832	5	204	5	94
26881	55	61637	61629	61835	8	206	6	94
26881	56	61639	61632	61839	7	207	6	94
26881	57	61632	61624	61833	8	209	6	94
26881	58	61633	61627	61831	6	204	5	94
26881	59	61634	61628	61831	6	203	6	94
26881	60	61641	61633	61841	8	208	6	94
26881	61	61633	61628	61832	5	204	5	94
26881	62	61633	61627	61833	6	206	5	94
26881	63	61634	61626	61834	8	208	7	94
26881	64	61642	61633	61838	9	205	6	94
26881	65	61637	61628	61836	9	208	6	94
26881	66	61634	61628	61832	6	204	5	94
26881	67	61633	61625	61830	8	205	7	94
26881	68	61640	61634	61841	6	207	6	94
26881	69	61634	61625	61831	9	206	6	94
26881	70	61635	61626	61834	9	208	6	94
26881	71	61633	61627	61831	6	204	5	94
26881	72	61633	61627	61831	6	204	5	94
26881	73	61640	61632	61838	8	206	7	94
26881	74	61633	61626	61831	7	205	6	94
26881	75	61635	61626	61832	9	206	6	94
26881	76	61634	61626	61833	8	207	6	94
26881	77	61634	61626	61835	8	209	8	94
26881	78	61641	61635	61841	6	206	5	94
26881	79	61633	61626	61829	7	203	6	94
26881	80	61636	61628	61835	8	207	5	94
26881	81	61633	61626	61832	7	206	7	94
26881	82	61634	61627	61834	7	207	6	94
26881	83	61634	61628	61834	6	206	5	94
26881	84	61634	61626	61832	8	206	7	94
26881	85	61643	61634	61843	9	209	6	94
26881	86	61633	61626	61832	7	206	6	94
26881	87	61634	61628	61834	6	206	5	94
26881	88	61634	61627	61833	7	206	5	94
26881	89	61633	61627	61830	6	203	6	94
26881	90	61636	61628	61836	8	208	6	94
26881	91	61634	61629	61833	5	204	5	94
26881	92	61635	61628	61832	7	204	5	94
26881	93	61640	61632	61839	8	207	6	94
26881	94	61633	61627	61833	6	206	5	94
26881	95	61635	61627	61834	8	207	6	94
26881	96	61634	61628	61834	6	206	5	94
26881	97	61633	61627	61831	6	204	5	94
26881	98	61634	61626	61833	8	207	6	94
26881	99	61633	61626	61833	7	207	6	94
26881	100	61634	61627	61833	7	206	6	94
26881	101	61639	61632	61839	7	207	6	94
26881	102	61634	61626	61833	8	207	5	94
26881	103	61633	61626	61833	7	207	6	94
26881	104	61633	61627	61831	6	204	5	94
26881	105	61633	61628	61832	5	204	5	94
26881	106	61633	61627	61831	6	204	5	94
26881	107	61634	61626	61835	8	209	7	94
26881	108	61634	61628	61834	6	206	5	94
26881	109	61641	61635	61842	6	207	5	94
26881	110	61634	61627	61834	7	207	6	94
26881	111	61634	61626	61834	8	208	6	94
26881	112	61633	61627	61833	6	206	5	94
26881	113	61634	61627	61834	7	207	6	94
26881	114	61634	61627	61836	7	209	6	94
26881	115	61634	61627	61832	7	205	6	94
26881	116	61634	61627	61833	7	206	5	94
26881	117	61634	61626	61833	8	207	6	94
26881	118	61633	61627	61832	6	205	6	94
26881	119	61636	61627	61835	9	208	6	94
26881	120	61639	61632	61837	7	205	6	94
26881	121	61637	61628	61833	9	205	7	94
26881	122	61634	61627	61834	7	207	6	94
26881	123	61636	61630	61834	6	204	5	94
26881	124	61636	61627	61835	9	208	6	94
26881	125	61633	61626	61833	7	207	6	94
26881	126	61634	61628	61834	6	206	5	94
26881	127	61634	61627	61834	7	207	6	94
26881	128	61634	61627	61833	7	206	5	94
26881	129	61636	61627	61835	9	208	6	94
26881	130	61634	61626	61834	8	208	6	94
26881	131	61634	61627	61834	7	207	6	94
26881	132	61635	61627	61834	8	207	6	94
26881	133	61635	61629	61833	6	204	5	94
26881	134	61636	61629	61834	7	205	5	94
26881	135	61634	61627	61834	7	207	6	94
26881	136	61634	61627	61834	7	207	6	94
26881	137	61635	61628	61835	7	207	6	94
26881	138	61635	61629	61835	6	206	5	94
26881	139	61636	61628	61835	8	207	6	94
26881	140	61634	61628	61830	6	202	5	94
26881	141	61634	61627	61832	7	205	6	94
26881	142	61635	61628	61835	7	207	6	94
26881	143	61636	61630	61834	6	204	5	94
26881	144	61640	61633	61839	7	206	6	94
26881	145	61638	61633	61837	5	204	5	94
26881	146	61635	61629	61833	6	204	5	94
26881	147	61634	61627	61834	7	207	6	94
26881	148	61634	61629	61834	5	205	6	94
26881	149	61636	61628	61834	8	206	6	94
26881	150	61640	61632	61839	8	207	6	94
26881	151	61635	61627	61834	8	207	6	94
26881	152	61634	61627	61832	7	205	6	94
26881	153	61634	61627	61836	7	209	6	95
26881	154	61636	61629	61835	7	206	6	94
26881	155	61634	61626	61834	8	208	7	94
26881	156	61634	61628	61834	6	206	5	94
26881	157	61634	61627	61833	7	206	5	94
26881	158	61635	61628	61834	7	206	6	94
26881	159	61634	61628	61830	6	202	5	94
26881	160	61634	61627	61833	7	206	5	94
26881	161	61634	61627	61832	7	205	6	94
26881	162	61635	61628	61835	7	207	6	94
26881	163	61636	61629	61833	7	204	6	94
26881	164	61634	61628	61833	6	205	6	94
26881	165	61636	61627	61835	9	208	6	94
26881	166	61635	61628	61831	7	203	6	94
26881	167	61637	61630	61837	7	207	7	94
26881	168	61641	61633	61840	8	207	6	94
26881	169	61636	61629	61836	7	207	6	94
26881	170	61635	61629	61835	6	206	5	94
26881	171	61634	61629	61833	5	204	5	94
26881	172	61637	61631	61836	6	205	5	94
26881	173	61635	61628	61834	7	206	7	94
26881	174	61635	61629	61835	6	206	5	94
26881	175	61635	61628	61833	7	205	6	94
26881	176	61635	61627	61832	8	205	6	94
26881	177	61637	61629	61838	8	209	7	94
26881	178	61635	61628	61833	7	205	6	94
26881	179	61636	61629	61835	7	206	5	94
26881	180	61635	61627	61833	8	206	6	94
26881	181	61639	61630	61836	9	206	6	94
26881	182	61634	61628	61833	6	205	6	94
26881	183	61634	61628	61834	6	206	5	94
26881	184	61636	61627	61837	9	210	6	95
26881	185	61634	61628	61834	6	206	7	94
26881	186	61637	61629	61836	8	207	5	94
26881	187	61635	61628	61833	7	205	6	94
26881	188	61636	61629	61835	7	206	5	94
26881	189	61634	61628	61832	6	204	5	94
26881	190	61635	61628	61833	7	205	6	94
26881	191	61636	61629	61836	7	207	7	94
26881	192	61635	61628	61834	7	206	5	94
26881	193	61634	61628	61833	6	205	6	94
26881	194	61636	61627	61833	9	206	6	94
26881	195	61636	61628	61836	8	208	6	94
26881	196	61635	61629	61833	6	204	5	94
26881	197	61636	61631	61835	5	204	5	94
26881	198	61629	61621	61830	8	209	7	94
26881	199	61635	61629	61835	6	206	5	94
26881	200	61637	61630	61838	7	208	6	94
26881	201	61635	61628	61836	7	208	7	94
26881	202	61636	61628	61835	8	207	6	94
26881	203	61635	61630	61834	5	204	5	94
26881	204	61636	61630	61834	6	204	5	94
26881	205	61630	61621	61830	9	209	6	94
26881	206	61636	61630	61836	6	206	5	94
26881	207	61636	61629	61836	7	207	6	94
26881	208	61635	61627	61834	8	207	6	94
26881	209	61638	61630	61838	8	208	6	94
26881	210	61636	61628	61835	8	207	6	94
26881	211	61636	61631	61833	5	202	5	94
26881	212	61635	61627	61835	8	208	7	94
26881	213	61632	61624	61832	8	208	6	94
26881	214	61638	61630	61837	8	207	5	94
26881	215	61635	61629	61836	6	207	6	95
26881	216	61635	61629	61834	6	205	6	94
26881	217	61636	61630	61835	6	205	6	94
26881	218	61634	61626	61834	8	208	6	94
26881	219	61634	61628	61831	6	203	6	94
26881	220	61636	61627	61834	9	207	7	94
26881	221	61635	61628	61836	7	208	7	94
26881	222	61636	61629	61835	7	206	5	94
26881	223	61637	61630	61837	7	207	5	94
26881	224	61636	61628	61835	8	207	6	94
26881	225	61633	61625	61832	8	207	6	94
26881	226	61636	61628	61835	8	207	7	94
26881	227	61636	61629	61834	7	205	6	94
26881	228	61637	61628	61837	9	209	6	94
26881	229	61636	61629	61832	7	203	6	94
26881	230	61636	61629	61836	7	207	6	94
26881	231	61635	61629	61834	6	205	6	94
26881	232	61632	61623	61831	9	208	6	94
26881	233	61636	61629	61834	7	205	6	94
26881	234	61635	61630	61834	5	204	5	94
26881	235	61670	61640	61865	30	225	11	105
26881	236	61636	61630	61834	6	204	5	94
26881	237	61638	61629	61835	9	206	6	94
26881	238	61636	61629	61835	7	206	5	94
26881	239	61636	61630	61834	6	204	5	94
26881	240	61631	61624	61831	7	207	6	94
26881	241	61635	61628	61833	7	205	6	94
26881	242	61636	61629	61834	7	205	6	94
26881	243	61635	61629	61833	6	204	5	94
26881	244	61635	61628	61833	7	205	6	94
26881	245	61636	61629	61834	7	205	6	94
26881	246	61638	61630	61837	8	207	5	94
26881	247	61630	61623	61831	7	208	7	94
26881	248	61636	61629	61836	7	207	7	94
26881	249	61636	61627	61835	9	208	7	94
26881	250	61637	61629	61836	8	207	6	94
26881	251	61637	61629	61837	8	208	6	94
26881	252	61637	61630	61835	7	205	6	94
26881	253	61630	61624	61830	6	206	5	94
26881	254	61753	61632	61951	121	319	6	95
26881	255	61636	61630	61836	6	206	6	94
26881	256	61635	61628	61835	7	207	6	94
26881	257	61635	61629	61835	6	206	5	94
26881	258	61636	61630	61833	6	203	6	94
26881	259	61630	61624	61831	6	207	6	94
26881	260	61637	61629	61836	8	207	6	94
26881	261	61635	61628	61834	7	206	5	94
26881	262	61635	61628	61834	7	206	6	94
26881	263	61636	61629	61834	7	205	5	94
26881	264	61636	61630	61837	6	207	6	94
26881	265	61629	61623	61828	6	205	6	94
26881	266	61636	61630	61835	6	205	6	94
26881	267	61636	61629	61835	7	206	5	94
26881	268	61636	61629	61835	7	206	5	94
26881	269	61637	61629	61835	8	206	6	94
26881	270	61636	61630	61836	6	206	6	94
26881	271	61633	61625	61832	8	207	6	94
26881	272	61635	61629	61835	6	206	6	94
26881	273	61636	61629	61836	7	207	6	94
26881	274	61637	61629	61837	8	208	6	94
26881	275	61635	61629	61834	6	205	6	94
26881	276	61634	61627	61831	7	204	5	94
26881	277	61634	61627	61832	7	205	6	94
26881	278	61635	61629	61834	6	205	6	94
26881	279	61636	61628	61836	8	208	6	94
26881	280	61637	61630	61837	7	207	6	94
26881	281	61635	61628	61836	7	208	7	94
26881	282	61630	61623	61827	7	204	5	94
26881	283	61637	61630	61836	7	206	6	94
26881	284	61636	61630	61836	6	206	5	94
26881	285	61636	61629	61834	7	205	6	94
26881	286	61636	61630	61834	6	204	5	94
26881	287	61633	61627	61834	6	207	6	94
26881	288	61636	61627	61836	9	209	6	94
26881	289	61635	61629	61833	6	204	5	94
26881	290	61635	61629	61835	6	206	5	94
26881	291	61635	61629	61836	6	207	6	94
26881	292	61636	61627	61836	9	209	7	94
26881	293	61635	61627	61834	8	207	6	94
26881	294	61632	61627	61831	5	204	5	94
26881	295	61636	61628	61833	8	205	6	94
26881	296	61637	61629	61836	8	207	6	94
26881	297	61640	61630	61839	10	209	6	94
26881	298	61636	61630	61836	6	206	5	94
26881	299	61635	61628	61834	7	206	7	94
26881	300	61630	61624	61830	6	206	5	94
26881	301	61636	61628	61836	8	208	7	94
26881	302	61638	61631	61838	7	207	5	94
26881	303	61637	61627	61836	10	209	7	94
26881	304	61638	61630	61839	8	209	8	94
26881	305	61635	61627	61834	8	207	6	94
26881	306	61636	61630	61832	6	202	5	94
26881	307	61632	61623	61830	9	207	6	94
26881	308	61636	61628	61834	8	206	6	94
26881	309	61635	61629	61832	6	203	6	94
26881	310	61636	61628	61834	8	206	6	94
26881	311	61638	61630	61836	8	206	6	94
26881	312	61636	61628	61834	8	206	6	94
26881	313	61635	61629	61834	6	205	6	94
26881	314	61636	61630	61834	6	204	5	94
26881	315	61631	61625	61832	6	207	6	94
26881	316	61637	61631	61836	6	205	5	94
26881	317	61635	61628	61833	7	205	6	94
26881	318	61635	61629	61833	6	204	5	94
26881	319	61638	61631	61838	7	207	6	94
26881	320	61637	61631	61835	6	204	5	94
26881	321	61633	61625	61832	8	207	6	94
26881	322	61636	61629	61836	7	207	6	94
26881	323	61636	61630	61835	6	205	6	94
26881	324	61637	61629	61835	8	206	7	94
26881	325	61634	61627	61835	7	208	6	94
26881	326	61636	61631	61834	5	203	6	94
26881	327	61635	61627	61835	8	208	7	94
26881	328	61637	61630	61835	7	205	6	94
26881	329	61636	61629	61834	7	205	6	94
26881	330	61632	61623	61830	9	207	6	94
26881	331	61636	61629	61834	7	205	6	94
26881	332	61635	61630	61832	5	202	5	94
26881	333	61636	61627	61836	9	209	8	94
26881	334	61630	61621	61829	9	208	6	94
26881	335	61638	61631	61838	7	207	5	94
26881	336	61637	61630	61838	7	208	7	94
26881	337	61636	61629	61834	7	205	6	94
26881	338	61637	61629	61836	8	207	6	94
26881	339	61631	61625	61830	6	205	5	94
26881	340	61635	61630	61837	5	207	6	94
26881	341	61635	61626	61835	9	209	6	94
26881	342	61635	61629	61833	6	204	5	94
26881	343	61635	61629	61832	6	203	6	94
26881	344	61634	61628	61831	6	203	5	94
26881	345	61635	61629	61834	6	205	6	94
26881	346	61636	61630	61835	6	205	6	94
26881	347	61636	61630	61834	6	204	5	94
26881	348	61635	61628	61835	7	207	5	94
26881	349	61634	61627	61832	7	205	6	94
26881	350	61637	61629	61836	8	207	6	94
26881	351	61635	61630	61834	5	204	5	94
26881	352	61635	61629	61837	6	208	6	94
26881	353	61637	61628	61837	9	209	6	94
26881	354	61634	61627	61835	7	208	7	94
26881	355	61640	61632	61839	8	207	6	94
26881	356	61635	61629	61835	6	206	5	94
26881	357	61635	61628	61834	7	206	6	94
26881	358	61633	61627	61833	6	206	6	94
26881	359	61636	61629	61834	7	205	6	94
26881	360	61637	61629	61836	8	207	6	94
26881	361	61635	61629	61835	6	206	7	94
26881	362	61637	61630	61837	7	207	6	94
26881	363	61632	61624	61833	8	209	7	94
26881	364	61635	61630	61834	5	204	5	94
26881	365	61637	61631	61835	6	204	5	94
26881	366	61635	61628	61833	7	205	6	94
26881	367	61637	61630	61838	7	208	6	94
26881	368	61635	61627	61835	8	208	6	94
26881	369	61633	61626	61831	7	205	6	94
26881	370	61635	61630	61834	5	204	5	94
26881	371	61636	61630	61836	6	206	5	94
26881	372	61638	61629	61838	9	209	6	94
26881	373	61636	61628	61835	8	207	6	94
26881	374	61630	61623	61828	7	205	6	94
26881	375	61637	61629	61836	8	207	6	94
26881	376	61636	61629	61835	7	206	6	94
26881	377	61636	61629	61835	7	206	7	94
26881	378	61636	61628	61835	8	207	6	94
26881	379	61634	61625	61833	9	208	8	94
26881	380	61633	61627	61833	6	206	5	94
26881	381	61637	61630	61837	7	207	5	94
26881	382	61636	61629	61835	7	206	7	94
26881	383	61637	61629	61836	8	207	6	94
26881	384	61636	61628	61835	8	207	6	94
26881	385	61634	61627	61832	7	205	6	94
26881	386	61638	61629	61837	9	208	6	94
26881	387	61636	61629	61836	7	207	6	94
26881	388	61637	61631	61835	6	204	5	94
26881	389	61637	61629	61836	8	207	6	94
26881	390	61634	61627	61834	7	207	6	94
26881	391	61634	61626	61836	8	210	6	94
26881	392	61637	61630	61836	7	206	5	94
26881	393	61636	61630	61834	6	204	5	94
26881	394	61637	61629	61836	8	207	6	94
26881	395	61637	61627	61836	10	209	7	94
26881	396	61634	61627	61833	7	206	5	94
26881	397	61637	61628	61835	9	207	6	94
26881	398	61635	61628	61833	7	205	6	94
26881	399	61636	61628	61835	8	207	6	94
26881	400	61638	61631	61838	7	207	5	94
26881	401	61630	61622	61830	8	208	6	95
26881	402	61636	61629	61835	7	206	5	94
26881	403	61635	61628	61835	7	207	6	94
26881	404	61638	61628	61835	10	207	6	94
26881	405	61637	61629	61836	8	207	6	94
26881	406	61636	61630	61837	6	207	6	94
26881	407	61631	61624	61831	7	207	6	94
26881	408	61637	61630	61834	7	204	5	94
26881	409	61637	61629	61837	8	208	6	94
26881	410	61636	61630	61836	6	206	5	94
26881	411	61635	61630	61837	5	207	6	94
26881	412	61635	61629	61835	6	206	7	94
26881	413	61634	61626	61835	8	209	7	94
26881	414	61637	61631	61836	6	205	5	94
26881	415	61636	61628	61835	8	207	6	94
26881	416	61637	61630	61836	7	206	5	94
26881	417	61636	61628	61836	8	208	6	94
26881	418	61637	61631	61836	6	205	5	94
26881	419	61629	61623	61827	6	204	6	94
26881	420	61636	61629	61835	7	206	5	94
26881	421	61635	61629	61834	6	205	6	94
26881	422	61635	61628	61834	7	206	7	94
26881	423	61637	61629	61835	8	206	6	94
26881	424	61636	61629	61836	7	207	6	94
26881	425	61629	61624	61828	5	204	5	94
26881	426	61636	61629	61834	7	205	6	94
26881	427	61704	61649	61903	55	254	13	112
26881	428	61638	61630	61837	8	207	5	94
26881	429	61634	61628	61835	6	207	6	94
26881	430	61636	61629	61834	7	205	6	94
26881	431	61634	61627	61837	7	210	7	95
26881	432	61633	61628	61834	5	206	5	94
26881	433	61637	61629	61836	8	207	6	94
26881	434	61636	61628	61835	8	207	6	94
26881	435	61635	61627	61836	8	209	7	94
26881	436	61635	61629	61835	6	206	5	94
26881	437	61637	61629	61837	8	208	6	94
26881	438	61634	61627	61832	7	205	6	94
26881	439	61632	61625	61831	7	206	6	94
26881	440	61636	61627	61835	9	208	6	94
26881	441	61636	61628	61834	8	206	7	94
26881	442	61639	61628	61838	11	210	6	94
26881	443	61636	61629	61836	7	207	6	94
26881	444	61636	61631	61833	5	202	5	94
26881	445	61635	61630	61833	5	203	5	94
26881	446	61634	61628	61831	6	203	6	94
26881	447	61631	61626	61831	5	205	6	94
26881	448	61636	61626	61834	10	208	7	94
26881	449	61635	61628	61832	7	204	6	94
26881	450	61635	61629	61835	6	206	5	94
26881	451	61638	61631	61838	7	207	5	94
26881	452	61636	61628	61835	8	207	6	94
26881	453	61635	61628	61834	7	206	5	94
26881	454	61636	61629	61833	7	204	5	94
26881	455	61630	61624	61828	6	204	5	94
26881	456	61638	61630	61837	8	207	6	94
26881	457	61636	61629	61833	7	204	5	94
26881	458	61635	61628	61833	7	205	6	94
26881	459	61635	61629	61836	6	207	6	94
26881	460	61635	61628	61832	7	204	5	94
26881	461	61638	61630	61837	8	207	5	94
26881	462	61635	61629	61837	6	208	5	95
26881	463	61635	61628	61833	7	205	6	94
26881	464	61630	61622	61829	8	207	6	94
26881	465	61638	61631	61837	7	206	5	94
26881	466	61635	61629	61836	6	207	6	94
26881	467	61635	61628	61831	7	203	6	94
26881	468	61635	61628	61833	7	205	6	94
26881	469	61636	61628	61836	8	208	7	94
26881	470	61637	61630	61835	7	205	5	94
26881	471	61639	61630	61838	9	208	7	94
26881	472	61633	61625	61831	8	206	6	94
26881	473	61631	61625	61832	6	207	7	94
26881	474	61636	61629	61835	7	206	5	94
26881	475	61637	61628	61836	9	208	6	94
26881	476	61636	61630	61836	6	206	5	94
26881	477	61635	61629	61836	6	207	6	94
26881	478	61635	61629	61835	6	206	6	94
26881	479	61635	61629	61835	6	206	5	94
26881	480	61636	61629	61836	7	207	6	94
26881	481	61633	61626	61832	7	206	5	94
26881	482	61635	61628	61835	7	207	6	94
26881	483	61636	61630	61835	6	205	6	94
26881	484	61757	61632	61955	125	323	8	95
26881	485	61636	61630	61837	6	207	6	94
26881	486	61755	61632	61953	123	321	7	95
26881	487	61635	61627	61834	8	207	6	94
26881	488	61636	61628	61835	8	207	6	94
26881	489	61637	61629	61835	8	206	6	94
26881	490	61636	61628	61836	8	208	7	94
26881	491	61634	61627	61834	7	207	6	94
26881	492	61634	61628	61832	6	204	5	94
26881	493	61635	61630	61834	5	204	5	94
26881	494	61637	61629	61836	8	207	7	94
26881	495	61636	61630	61836	6	206	5	94
26881	496	61636	61628	61835	8	207	6	94
26881	497	61635	61628	61835	7	207	6	94
26881	498	61637	61629	61835	8	206	6	94
26881	499	61635	61628	61835	7	207	6	94
26881	500	61636	61628	61835	8	207	6	94
26881	501	61634	61629	61833	5	204	5	94
26881	502	61630	61622	61830	8	208	6	94
26881	503	61637	61630	61835	7	205	5	94
26881	504	61636	61629	61836	7	207	6	94
26881	505	61636	61629	61835	7	206	5	94
26881	506	61636	61630	61834	6	204	5	94
26881	507	61634	61629	61833	5	204	5	94
26881	508	61636	61629	61837	7	208	6	94
26881	509	61636	61626	61832	10	206	6	94
26881	510	61636	61627	61835	9	208	7	94
26881	511	61635	61629	61834	6	205	6	94
26881	512	61633	61625	61833	8	208	6	94
26881	513	61635	61629	61834	6	205	6	94
26881	514	61635	61629	61833	6	204	5	94
26881	515	61635	61629	61835	6	206	7	94
26881	516	61636	61629	61835	7	206	5	94
26881	517	61637	61630	61834	7	204	6	94
26881	518	61635	61628	61833	7	205	6	94
26881	519	61636	61629	61836	7	207	6	94
26881	520	61635	61627	61834	8	207	6	94
26881	521	61635	61628	61835	7	207	6	94
26881	522	61633	61626	61833	7	207	5	94
26881	523	61636	61630	61836	6	206	5	94
26881	524	61636	61628	61833	8	205	6	94
26881	525	61636	61629	61835	7	206	5	94
26881	526	61635	61629	61833	6	204	5	94
26881	527	61636	61629	61836	7	207	6	94
26881	528	61635	61627	61832	8	205	6	94
26881	529	61639	61630	61838	9	208	6	94
26881	530	61636	61628	61835	8	207	6	94
26881	531	61637	61630	61837	7	207	5	94
26881	532	61635	61628	61833	7	205	6	94
26881	533	61629	61624	61828	5	204	5	94
26881	534	61635	61628	61832	7	204	5	94
26881	535	61635	61627	61834	8	207	6	94
26881	536	61638	61630	61838	8	208	7	94
26881	537	61635	61629	61835	6	206	5	94
26881	538	61635	61628	61835	7	207	6	94
26881	539	61635	61628	61835	7	207	6	94
26881	540	61637	61628	61834	9	206	6	94
26881	541	61635	61630	61833	5	203	5	94
26881	542	61635	61628	61835	7	207	6	94
26881	543	61631	61624	61830	7	206	5	94
26881	544	61636	61629	61836	7	207	6	94
26881	545	61638	61630	61837	8	207	5	94
26881	546	61635	61628	61835	7	207	6	94
26881	547	61634	61629	61835	5	206	5	94
26881	548	61635	61628	61835	7	207	6	94
26881	549	61636	61627	61835	9	208	6	94
26881	550	61634	61628	61833	6	205	6	94
26881	551	61635	61628	61836	7	208	7	94
26881	552	61636	61628	61835	8	207	6	94
26881	553	61630	61623	61830	7	207	7	94
26881	554	61636	61630	61835	6	205	5	94
26881	555	61635	61628	61835	7	207	6	94
26881	556	61635	61629	61835	6	206	5	94
26881	557	61636	61629	61836	7	207	6	94
26881	558	61635	61629	61834	6	205	6	94
26881	559	61637	61628	61835	9	207	7	94
26881	560	61636	61630	61837	6	207	6	94
26881	561	61635	61628	61834	7	206	5	94
26881	562	61635	61628	61833	7	205	6	94
26881	563	61635	61628	61835	7	207	6	94
26881	564	61634	61628	61834	6	206	5	94
26881	565	61631	61625	61830	6	205	6	94
26881	566	61635	61628	61834	7	206	7	94
26881	567	61641	61632	61841	9	209	6	94
26881	568	61637	61629	61837	8	208	6	94
26881	569	61635	61626	61834	9	208	6	94
26881	570	61636	61628	61835	8	207	6	94
26881	571	61635	61629	61833	6	204	5	94
26881	572	61635	61628	61835	7	207	6	94
26881	573	61638	61631	61838	7	207	5	94
26881	574	61635	61629	61834	6	205	6	94
26881	575	61630	61623	61830	7	207	6	94
26881	576	61635	61627	61833	8	206	6	94
26881	577	61635	61629	61835	6	206	5	94
26881	578	61637	61629	61836	8	207	7	94
26881	579	61636	61629	61836	7	207	6	94
26881	580	61635	61628	61833	7	205	6	94
26881	581	61635	61629	61833	6	204	5	94
26881	582	61635	61628	61835	7	207	6	94
26881	583	61635	61628	61835	7	207	6	94
26881	584	61635	61627	61834	8	207	7	94
26881	585	61630	61623	61829	7	206	5	94
26881	586	61635	61628	61831	7	203	6	94
26881	587	61640	61631	61840	9	209	6	94
26881	588	61636	61630	61834	6	204	5	94
26881	589	61636	61630	61837	6	207	6	94
26881	590	61635	61629	61834	6	205	6	94
26881	591	61636	61628	61835	8	207	6	94
26881	592	61638	61630	61837	8	207	5	94
26881	593	61636	61629	61836	7	207	6	94
26881	594	61635	61628	61835	7	207	6	94
26881	595	61632	61623	61831	9	208	6	94
26881	596	61635	61628	61836	7	208	7	94
26881	597	61636	61629	61834	7	205	6	94
26881	598	61635	61627	61830	8	203	6	94
26881	599	61635	61628	61836	7	208	7	94
26881	600	61635	61627	61833	8	206	6	94
26881	601	61637	61629	61835	8	206	6	94
26881	602	61635	61628	61832	7	204	5	94
26881	603	61636	61629	61835	7	206	5	94
26881	604	61630	61624	61830	6	206	5	94
26881	605	61635	61630	61834	5	204	5	94
26881	606	61635	61629	61835	6	206	5	94
26881	607	61636	61628	61836	8	208	7	94
26881	608	61637	61631	61838	6	207	6	94
26881	609	61635	61629	61835	6	206	5	94
26881	610	61638	61629	61836	9	207	5	94
26881	611	61635	61629	61835	6	206	5	94
26881	612	61636	61628	61836	8	208	6	94
26881	613	61635	61627	61834	8	207	6	94
26881	614	61635	61629	61835	6	206	5	94
26881	615	61638	61629	61836	9	207	6	94
26881	616	61631	61624	61827	7	203	6	94
26881	617	61635	61628	61835	7	207	6	94
26881	618	61635	61628	61833	7	205	6	94
26881	619	61635	61627	61832	8	205	6	94
26881	620	61638	61631	61838	7	207	5	94
26881	621	61635	61629	61833	6	204	5	94
26881	622	61635	61626	61835	9	209	6	94
26881	623	61635	61629	61833	6	204	5	94
26881	624	61637	61630	61837	7	207	5	94
26881	625	61635	61628	61835	7	207	6	94
26881	626	61634	61628	61833	6	205	6	94
26881	627	61636	61629	61834	7	205	6	94
26881	628	61635	61629	61835	6	206	5	94
26881	629	61633	61624	61833	9	209	6	94
26881	630	61635	61628	61835	7	207	6	94
26881	631	61635	61629	61835	6	206	5	94
26881	632	61635	61627	61834	8	207	6	94
26881	633	61636	61629	61834	7	205	6	94
26881	634	61638	61630	61837	8	207	5	94
26881	635	61637	61629	61837	8	208	7	94
26881	636	61635	61627	61835	8	208	7	94
26881	637	61636	61629	61836	7	207	6	94
26881	638	61636	61629	61836	7	207	6	94
26881	639	61635	61627	61834	8	207	6	94
26881	640	61634	61628	61834	6	206	5	94
26881	641	61633	61626	61830	7	204	7	94
26881	642	61635	61628	61833	7	205	6	94
26881	643	61637	61629	61836	8	207	6	94
26881	644	61635	61630	61834	5	204	5	94
26881	645	61637	61628	61836	9	208	6	94
26881	646	61636	61630	61834	6	204	5	94
26881	647	61634	61629	61833	5	204	5	94
26881	648	61635	61629	61835	6	206	5	94
26881	649	61635	61629	61835	6	206	5	94
26881	650	61634	61628	61835	6	207	6	94
26881	651	61634	61627	61833	7	206	6	94
26881	652	61636	61629	61837	7	208	6	94
26881	653	61636	61630	61836	6	206	5	94
26881	654	61636	61628	61836	8	208	6	94
26881	655	61636	61628	61835	8	207	6	94
26881	656	61636	61630	61836	6	206	5	94
26881	657	61637	61630	61837	7	207	5	94
26881	658	61635	61626	61834	9	208	6	94
26881	659	61634	61627	61833	7	206	5	94
26881	660	61635	61628	61832	7	204	5	94
26881	661	61636	61628	61837	8	209	6	94
26881	662	61634	61628	61834	6	206	5	94
26881	663	61636	61629	61836	7	207	6	94
26881	664	61635	61629	61834	6	205	6	94
26881	665	61635	61627	61834	8	207	6	94
26881	666	61637	61630	61835	7	205	5	94
26881	667	61635	61628	61835	7	207	6	94
26881	668	61635	61628	61835	7	207	6	94
26881	669	61635	61629	61833	6	204	5	94
26881	670	61635	61629	61834	6	205	6	94
26881	671	61635	61628	61835	7	207	7	94
26881	672	61634	61627	61834	7	207	6	94
26881	673	61635	61629	61835	6	206	5	94
26881	674	61635	61629	61835	6	206	5	94
26881	675	61637	61629	61836	8	207	5	94
26881	676	61635	61628	61835	7	207	6	94
26881	677	61632	61624	61831	8	207	6	94
26881	678	61634	61627	61832	7	205	6	94
26881	679	61636	61630	61836	6	206	5	94
26881	680	61637	61629	61837	8	208	6	94
26881	681	61636	61629	61833	7	204	5	94
26881	682	61635	61628	61834	7	206	5	94
26881	683	61635	61629	61833	6	204	5	94
26881	684	61635	61629	61836	6	207	6	94
26881	685	61637	61629	61836	8	207	6	94
26881	686	61636	61627	61836	9	209	7	94
26881	687	61635	61628	61834	7	206	5	94
26881	688	61634	61629	61835	5	206	5	94
26881	689	61636	61630	61837	6	207	5	94
26881	690	61636	61628	61835	8	207	7	94
26881	691	61634	61627	61834	7	207	6	94
26881	692	61635	61627	61834	8	207	6	94
26881	693	61635	61628	61832	7	204	7	94
26881	694	61636	61630	61834	6	204	5	94
26881	695	61634	61627	61831	7	204	6	94
26881	696	61635	61629	61833	6	204	5	94
26881	697	61635	61627	61834	8	207	6	94
26881	698	61637	61630	61837	7	207	5	94
26881	699	61635	61627	61834	8	207	6	94
26881	700	61634	61628	61834	6	206	5	94
26881	701	61635	61624	61834	11	210	7	94
26881	702	61637	61628	61836	9	208	6	94
26881	703	61637	61629	61836	8	207	5	94
26881	704	61636	61627	61835	9	208	6	94
26881	705	61636	61628	61835	8	207	6	94
26881	706	61635	61627	61834	8	207	6	94
26881	707	61635	61629	61834	6	205	6	94
26881	708	61635	61628	61834	7	206	6	94
26881	709	61634	61627	61835	7	208	7	94
26881	710	61635	61628	61833	7	205	6	94
26881	711	61636	61628	61835	8	207	6	94
26881	712	61637	61630	61834	7	204	6	94
26881	713	61635	61629	61834	6	205	6	94
26881	714	61636	61629	61835	7	206	5	94
26881	715	61635	61627	61834	8	207	6	94
26881	716	61635	61627	61833	8	206	7	94
26881	717	61757	61634	61955	123	321	7	95
26881	718	61636	61629	61835	7	206	5	94
26881	719	61635	61628	61835	7	207	6	94
26881	720	61634	61627	61834	7	207	6	94
26881	721	61636	61628	61837	8	209	6	94
26881	722	61633	61628	61832	5	204	5	94
26881	723	61634	61626	61833	8	207	6	94
26881	724	61635	61629	61835	6	206	5	94
26881	725	61634	61629	61833	5	204	5	94
26881	726	61637	61628	61836	9	208	6	94
26881	727	61634	61626	61834	8	208	7	94
26881	728	61634	61628	61832	6	204	6	94
26881	729	61634	61628	61833	6	205	6	94
26881	730	61639	61630	61838	9	208	6	94
26881	731	61637	61628	61837	9	209	7	94
26881	732	61636	61630	61834	6	204	5	94
26881	733	61635	61629	61835	6	206	5	94
26881	734	61635	61629	61833	6	204	5	94
26881	735	61637	61630	61837	7	207	5	94
26881	736	61634	61628	61835	6	207	6	94
26881	737	61634	61628	61834	6	206	5	94
26881	738	61635	61628	61834	7	206	7	94
26881	739	61634	61629	61834	5	205	5	94
26881	740	61637	61628	61836	9	208	6	94
26881	741	61635	61629	61835	6	206	5	94
26881	742	61635	61628	61833	7	205	7	94
26881	743	61636	61628	61835	8	207	6	94
26881	744	61635	61628	61836	7	208	7	94
26881	745	61641	61633	61841	8	208	6	94
26881	746	61635	61629	61835	6	206	6	94
26881	747	61634	61628	61833	6	205	6	94
26881	748	61635	61627	61834	8	207	6	94
26881	749	61634	61628	61834	6	206	5	94
26881	750	61638	61630	61837	8	207	5	94
26881	751	61635	61627	61833	8	206	6	94
26881	752	61635	61628	61834	7	206	5	94
26881	753	61634	61628	61831	6	203	6	94
26881	754	61636	61628	61835	8	207	6	94
26881	755	61637	61629	61836	8	207	5	94
26881	756	61636	61628	61836	8	208	7	94
26881	757	61635	61626	61833	9	207	7	94
26881	758	61635	61628	61833	7	205	6	94
26881	759	61635	61628	61834	7	206	5	94
26881	760	61639	61632	61836	7	204	5	94
26881	761	61634	61629	61835	5	206	5	94
26881	762	61635	61630	61835	5	205	6	94
26881	763	61634	61628	61833	6	205	6	94
26881	764	61635	61628	61835	7	207	6	94
26881	765	61635	61627	61834	8	207	6	94
26881	766	61634	61629	61833	5	204	5	94
26881	767	61635	61627	61834	8	207	6	94
26881	768	61634	61628	61834	6	206	5	94
26881	769	61634	61627	61834	7	207	6	94
26881	770	61634	61629	61833	5	204	5	94
26881	771	61634	61629	61833	5	204	5	94
26881	772	61634	61627	61834	7	207	6	94
26881	773	61634	61627	61834	7	207	6	94
26881	774	61635	61627	61834	8	207	6	94
26881	775	61635	61628	61833	7	205	6	94
26881	776	61634	61629	61833	5	204	5	94
26881	777	61635	61628	61834	7	206	5	94
26881	778	61640	61633	61840	7	207	6	94
26881	779	61637	61630	61835	7	205	5	94
26881	780	61635	61629	61835	6	206	5	94
26881	781	61635	61630	61834	5	204	5	94
26881	782	61634	61629	61833	5	204	5	94
26881	783	61635	61628	61834	7	206	5	94
26881	784	61638	61629	61837	9	208	6	94
26881	785	61635	61627	61834	8	207	6	94
26881	786	61634	61628	61833	6	205	6	94
26881	787	61635	61628	61835	7	207	6	94
26881	788	61636	61627	61835	9	208	6	94
26881	789	61636	61629	61835	7	206	6	94
26881	790	61634	61629	61833	5	204	5	94
26881	791	61634	61628	61833	6	205	6	94
26881	792	61634	61627	61834	7	207	6	94
26881	793	61636	61628	61835	8	207	6	94
26881	794	61638	61628	61838	10	210	8	94
26881	795	61635	61627	61834	8	207	6	94
26881	796	61635	61628	61835	7	207	6	94
26881	797	61636	61629	61835	7	206	5	94
26881	798	61635	61629	61833	6	204	5	94
26881	799	61637	61630	61837	7	207	5	94
26881	800	61636	61628	61835	8	207	6	94
26881	801	61634	61628	61834	6	206	5	94
26881	802	61635	61626	61832	9	206	7	94
26881	803	61636	61628	61836	8	208	7	94
26881	804	61636	61629	61835	7	206	6	94
26881	805	61635	61628	61833	7	205	6	94
26881	806	61634	61628	61833	6	205	6	94
26881	807	61634	61628	61834	6	206	5	94
26881	808	61634	61627	61834	7	207	6	94
26881	809	61636	61629	61834	7	205	5	94
26881	810	61634	61628	61834	6	206	5	94
26881	811	61635	61628	61835	7	207	6	94
26881	812	61634	61629	61833	5	204	5	94
26881	813	61635	61627	61834	8	207	6	94
26881	814	61636	61628	61835	8	207	6	94
26881	815	61634	61628	61835	6	207	6	94
26881	816	61634	61628	61832	6	204	6	94
26881	817	61635	61627	61834	8	207	6	94
26881	818	61636	61629	61835	7	206	7	94
26881	819	61636	61628	61836	8	208	6	94
26881	820	61635	61628	61835	7	207	6	94
26881	821	61635	61628	61834	7	206	5	94
26881	822	61635	61628	61835	7	207	6	94
26881	823	61634	61629	61833	5	204	5	94
26881	824	61637	61628	61833	9	205	6	94
26881	825	61636	61628	61835	8	207	6	94
26881	826	61634	61628	61834	6	206	5	94
26881	827	61634	61628	61835	6	207	7	94
26881	828	61634	61627	61834	7	207	6	94
26881	829	61636	61629	61835	7	206	6	94
26881	830	61635	61627	61834	8	207	6	94
26881	831	61635	61628	61834	7	206	5	94
26881	832	61636	61628	61835	8	207	6	94
26881	833	61634	61628	61834	6	206	5	94
26881	834	61636	61630	61835	6	205	5	94
26881	835	61635	61628	61834	7	206	5	94
26881	836	61634	61627	61834	7	207	6	94
26881	837	61634	61628	61833	6	205	6	94
26881	838	61636	61630	61834	6	204	5	94
26881	839	61637	61628	61837	9	209	7	94
26881	840	61635	61628	61835	7	207	6	94
26881	841	61635	61627	61833	8	206	6	94
26881	842	61634	61628	61833	6	205	6	94
26881	843	61634	61628	61833	6	205	6	94
26881	844	61636	61627	61836	9	209	6	94
26881	845	61635	61627	61830	8	203	6	94
26881	846	61635	61627	61833	8	206	5	94
26881	847	61634	61629	61833	5	204	5	94
26881	848	61634	61626	61833	8	207	6	94
26881	849	61635	61627	61834	8	207	6	94
26881	850	61635	61627	61834	8	207	6	94
26881	851	61636	61628	61835	8	207	6	94
26881	852	61634	61626	61831	8	205	7	94
26881	853	61635	61627	61836	8	209	6	94
26881	854	61635	61628	61833	7	205	6	94
26881	855	61635	61629	61835	6	206	5	94
26881	856	61635	61628	61835	7	207	6	94
26881	857	61634	61627	61834	7	207	6	94
26881	858	61636	61629	61835	7	206	6	94
26881	859	61635	61629	61835	6	206	5	94
26881	860	61635	61630	61834	5	204	5	94
26881	861	61635	61629	61834	6	205	6	94
26881	862	61634	61627	61834	7	207	6	94
26881	863	61636	61628	61836	8	208	6	94
26881	864	61636	61628	61834	8	206	5	94
26881	865	61636	61629	61835	7	206	5	94
26881	866	61634	61628	61833	6	205	6	94
26881	867	61635	61625	61834	10	209	6	94
26881	868	61636	61630	61835	6	205	5	94
26881	869	61634	61627	61835	7	208	7	94
26881	870	61635	61628	61835	7	207	6	94
26881	871	61634	61629	61833	5	204	5	94
26881	872	61635	61627	61834	8	207	6	94
26881	873	61636	61628	61836	8	208	6	94
26881	874	61634	61627	61834	7	207	6	94
26881	875	61634	61627	61834	7	207	6	94
26881	876	61638	61630	61836	8	206	6	94
26881	877	61635	61629	61835	6	206	5	94
26881	878	61637	61628	61837	9	209	6	94
26881	879	61635	61630	61832	5	202	5	94
26881	880	61635	61629	61835	6	206	5	94
26881	881	61635	61628	61835	7	207	6	94
26881	882	61635	61628	61835	7	207	6	94
26881	883	61637	61628	61836	9	208	6	94
26881	884	61635	61627	61833	8	206	6	94
26881	885	61634	61628	61834	6	206	5	94
26881	886	61634	61627	61834	7	207	6	94
26881	887	61635	61628	61833	7	205	6	94
26881	888	61636	61628	61836	8	208	6	94
26881	889	61634	61627	61834	7	207	6	94
26881	890	61635	61627	61833	8	206	6	94
26881	891	61636	61629	61833	7	204	5	94
26881	892	61635	61628	61835	7	207	6	94
26881	893	61638	61630	61837	8	207	5	94
26881	894	61634	61628	61835	6	207	6	94
26881	895	61634	61628	61831	6	203	6	94
26881	896	61635	61629	61834	6	205	5	94
26881	897	61635	61628	61835	7	207	6	94
26881	898	61637	61628	61837	9	209	6	94
26881	899	61634	61628	61833	6	205	6	94
26881	900	61634	61626	61832	8	206	6	94
26881	901	61634	61628	61834	6	206	5	94
26881	902	61635	61628	61834	7	206	5	94
26881	903	61637	61629	61835	8	206	6	94
26881	904	61636	61627	61834	9	207	6	94
26881	905	61636	61628	61835	8	207	6	94
26881	906	61635	61626	61834	9	208	6	94
26881	907	61634	61629	61835	5	206	5	94
26881	908	61635	61629	61836	6	207	5	94
26881	909	61635	61628	61834	7	206	6	94
26881	910	61635	61627	61834	8	207	6	94
26881	911	61635	61627	61831	8	204	6	94
26881	912	61634	61628	61833	6	205	6	94
26881	913	61634	61628	61837	6	209	6	94
26881	914	61634	61627	61834	7	207	6	94
26881	915	61635	61629	61834	6	205	6	94
26881	916	61635	61627	61835	8	208	6	94
26881	917	61635	61628	61836	7	208	7	94
26881	918	61634	61627	61830	7	203	6	94
26881	919	61635	61628	61834	7	206	5	94
26881	920	61634	61626	61834	8	208	6	94
26881	921	61636	61627	61835	9	208	6	94
26881	922	61635	61629	61835	6	206	5	94
26881	923	61634	61629	61833	5	204	5	94
26881	924	61635	61628	61834	7	206	7	94
26881	925	61634	61627	61833	7	206	7	94
26881	926	61634	61628	61834	6	206	5	94
26881	927	61636	61629	61835	7	206	6	94
26881	928	61635	61629	61834	6	205	6	94
26881	929	61635	61628	61832	7	204	5	94
26881	930	61635	61628	61834	7	206	5	94
26881	931	61635	61627	61832	8	205	6	94
26881	932	61637	61630	61836	7	206	6	94
26881	933	61635	61628	61834	7	206	7	94
26881	934	61635	61629	61836	6	207	6	94
26881	935	61636	61629	61833	7	204	5	94
26881	936	61635	61628	61836	7	208	7	94
26881	937	61637	61628	61836	9	208	7	94
26881	938	61634	61629	61833	5	204	5	94
26881	939	61634	61628	61833	6	205	6	94
26881	940	61635	61628	61834	7	206	7	94
26881	941	61635	61628	61835	7	207	6	94
26881	942	61636	61629	61833	7	204	6	94
26881	943	61635	61627	61833	8	206	5	94
26881	944	61636	61628	61835	8	207	6	94
26881	945	61634	61627	61834	7	207	6	94
26881	946	61635	61629	61834	6	205	6	94
26881	947	61637	61629	61835	8	206	6	94
26881	948	61636	61627	61836	9	209	7	94
26881	949	61752	61630	61949	122	319	6	95
26881	950	61634	61627	61834	7	207	6	94
26881	951	61634	61627	61834	7	207	6	94
26881	952	61637	61628	61837	9	209	7	94
26881	953	61634	61628	61832	6	204	5	94
26881	954	61635	61629	61835	6	206	5	94
26881	955	61636	61629	61835	7	206	5	94
26881	956	61635	61629	61833	6	204	5	94
26881	957	61637	61631	61836	6	205	5	94
26881	958	61635	61627	61832	8	205	6	94
26881	959	61636	61629	61835	7	206	5	94
26881	960	61636	61628	61836	8	208	7	94
26881	961	61635	61628	61834	7	206	5	94
26881	962	61635	61627	61831	8	204	6	94
26881	963	61634	61627	61832	7	205	6	94
26881	964	61634	61628	61833	6	205	6	94
26881	965	61636	61628	61835	8	207	6	94
26881	966	61635	61627	61835	8	208	7	94
26881	967	61638	61630	61837	8	207	5	94
26881	968	61636	61628	61834	8	206	5	94
26881	969	61636	61629	61835	7	206	5	94
26881	970	61636	61628	61835	8	207	6	94
26881	971	61636	61628	61835	8	207	6	94
26881	972	61637	61630	61837	7	207	5	94
26881	973	61636	61627	61835	9	208	6	94
26881	974	61636	61629	61836	7	207	6	94
26881	975	61635	61628	61835	7	207	6	94
26881	976	61635	61626	61834	9	208	6	94
26881	977	61634	61627	61836	7	209	7	94
26881	978	61635	61630	61835	5	205	6	94
26881	979	61634	61626	61835	8	209	7	94
26881	980	61634	61628	61834	6	206	5	94
26881	981	61635	61630	61837	5	207	5	94
26881	982	61635	61629	61835	6	206	5	94
26881	983	61635	61628	61833	7	205	6	94
26881	984	61635	61628	61835	7	207	6	94
26881	985	61636	61629	61835	7	206	5	94
26881	986	61637	61630	61837	7	207	5	94
26881	987	61635	61628	61834	7	206	5	94
26881	988	61635	61629	61834	6	205	6	94
26881	989	61635	61628	61835	7	207	6	94
26881	990	61634	61626	61833	8	207	6	94
26881	991	61637	61631	61834	6	203	5	94
26881	992	61636	61630	61835	6	205	6	94
26881	993	61634	61628	61835	6	207	6	94
26881	994	61636	61629	61835	7	206	5	94
26881	995	61634	61628	61834	6	206	5	94
26881	996	61636	61628	61836	8	208	6	94
26881	997	61635	61628	61835	7	207	6	94
26881	998	61634	61627	61832	7	205	6	94
26881	999	61635	61629	61833	6	204	5	94
26881	1000	61635	61629	61836	6	207	6	94
