RUNID	ITERNUM	METIME	PRTIME	TPRTIME	DIFF	TDIFF	NRPROCS	NPROCS
26261	1	67150	67142	67349	8	207	7	94
26261	2	67150	67143	67351	7	208	6	94
26261	3	67148	67139	67348	9	209	6	94
26261	4	67143	67136	67343	7	207	5	94
26261	5	67150	67142	67348	8	206	6	94
26261	6	67150	67143	67349	7	206	6	94
26261	7	67149	67141	67350	8	209	8	94
26261	8	67144	67138	67343	6	205	5	94
26261	9	67150	67142	67348	8	206	6	94
26261	10	67150	67143	67349	7	206	6	94
26261	11	67149	67142	67350	7	208	7	94
26261	12	67142	67135	67341	7	206	7	94
26261	13	67151	67143	67350	8	207	7	94
26261	14	67151	67142	67349	9	207	6	94
26261	15	67149	67142	67349	7	207	6	94
26261	16	67144	67138	67342	6	204	5	94
26261	17	67150	67142	67350	8	208	6	94
26261	18	67151	67143	67350	8	207	7	94
26261	19	67150	67141	67350	9	209	7	94
26261	20	67143	67136	67342	7	206	5	94
26261	21	67151	67142	67351	9	209	7	94
26261	22	67151	67143	67349	8	206	6	94
26261	23	67144	67136	67345	8	209	7	94
26261	24	67148	67142	67347	6	205	6	94
26261	25	67151	67143	67349	8	206	6	94
26261	26	67151	67143	67349	8	206	6	94
26261	27	67147	67137	67347	10	210	7	94
26261	28	67148	67140	67349	8	209	7	94
26261	29	67151	67143	67352	8	209	7	95
26261	30	67145	67135	67343	10	208	6	94
26261	31	67151	67144	67351	7	207	5	94
26261	32	67148	67142	67347	6	205	6	94
26261	33	67144	67136	67345	8	209	5	94
26261	34	67151	67144	67350	7	206	6	94
26261	35	67151	67142	67349	9	207	6	94
26261	36	67154	67147	67353	7	206	7	94
26261	37	67147	67137	67346	10	209	6	94
26261	38	67151	67144	67349	7	205	5	94
26261	39	67151	67144	67349	7	205	5	94
26261	40	67143	67136	67342	7	206	5	94
26261	41	67152	67143	67352	9	209	7	94
26261	42	67152	67144	67352	8	208	6	94
26261	43	67144	67137	67344	7	207	5	94
26261	44	67149	67141	67348	8	207	6	94
26261	45	67151	67142	67350	9	208	6	94
26261	46	67145	67137	67344	8	207	5	94
26261	47	67151	67141	67350	10	209	6	94
26261	48	67149	67143	67347	6	204	5	94
26261	49	67149	67142	67347	7	205	5	94
26261	50	67147	67138	67344	9	206	6	94
26261	51	67151	67142	67352	9	210	6	94
26261	52	67149	67143	67347	6	204	5	94
26261	53	67145	67134	67346	11	212	7	94
26261	54	67150	67142	67348	8	206	6	94
26261	55	67151	67144	67351	7	207	5	94
26261	56	67143	67137	67342	6	205	6	94
26261	57	67151	67142	67350	9	208	6	94
26261	58	67150	67142	67349	8	207	7	94
26261	59	67145	67134	67345	11	211	7	94
26261	60	67149	67142	67350	7	208	5	95
26261	61	67151	67142	67350	9	208	6	94
26261	62	67150	67143	67349	7	206	6	94
26261	63	67144	67136	67342	8	206	6	94
26261	64	67149	67143	67349	6	206	5	94
26261	65	67152	67142	67351	10	209	7	94
26261	66	67144	67136	67342	8	206	6	94
26261	67	67151	67141	67352	10	211	6	94
26261	68	67149	67142	67348	7	206	5	94
26261	69	67145	67138	67343	7	205	6	94
26261	70	67151	67144	67349	7	205	5	94
26261	71	67151	67142	67353	9	211	7	94
26261	72	67143	67135	67342	8	207	6	94
26261	73	67149	67143	67347	6	204	5	94
26261	74	67150	67142	67349	8	207	6	94
26261	75	67145	67136	67346	9	210	6	94
26261	76	67150	67142	67349	8	207	7	94
26261	77	67148	67142	67346	6	204	5	94
26261	78	67147	67140	67347	7	207	5	94
26261	79	67151	67143	67350	8	207	7	94
26261	80	67149	67140	67350	9	210	7	94
26261	81	67145	67138	67345	7	207	6	94
26261	82	67151	67143	67354	8	211	6	94
26261	83	67149	67140	67347	9	207	6	94
26261	84	67150	67140	67349	10	209	6	94
26261	85	67149	67144	67348	5	204	5	94
26261	86	67148	67139	67346	9	207	6	94
26261	87	67149	67141	67348	8	207	7	94
26261	88	67152	67143	67352	9	209	6	94
26261	89	67148	67142	67346	6	204	5	94
26261	90	67148	67141	67348	7	207	7	94
26261	91	67150	67144	67349	6	205	5	94
26261	92	67150	67144	67349	6	205	5	94
26261	93	67144	67139	67343	5	204	5	94
26261	94	67151	67143	67351	8	208	6	94
26261	95	67150	67143	67350	7	207	5	94
26261	96	67147	67140	67346	7	206	6	94
26261	97	67149	67143	67349	6	206	5	94
26261	98	67145	67137	67343	8	206	6	94
26261	99	67152	67144	67353	8	209	5	94
26261	100	67151	67142	67349	9	207	6	94
26261	101	67143	67137	67341	6	204	5	94
26261	102	67151	67143	67349	8	206	6	94
26261	103	67145	67138	67343	7	205	5	94
26261	104	67152	67143	67351	9	208	6	94
26261	105	67150	67141	67351	9	210	6	94
26261	106	67144	67137	67343	7	206	6	94
26261	107	67150	67143	67348	7	205	5	94
26261	108	67149	67141	67347	8	206	6	94
26261	109	67148	67141	67348	7	207	6	94
26261	110	67155	67146	67355	9	209	7	94
26261	111	67147	67137	67346	10	209	7	94
26261	112	67150	67142	67349	8	207	6	94
26261	113	67149	67143	67349	6	206	5	94
26261	114	67145	67137	67345	8	208	6	94
26261	115	67150	67142	67348	8	206	6	94
26261	116	67145	67137	67343	8	206	6	94
26261	117	67148	67143	67347	5	204	5	94
26261	118	67151	67144	67349	7	205	5	94
26261	119	67144	67137	67342	7	205	5	94
26261	120	67151	67144	67350	7	206	6	94
26261	121	67149	67142	67348	7	206	7	94
26261	122	67146	67138	67346	8	208	6	94
26261	123	67151	67145	67350	6	205	5	94
26261	124	67144	67135	67343	9	208	7	94
26261	125	67149	67142	67349	7	207	6	94
26261	126	67148	67142	67347	6	205	6	94
26261	127	67146	67138	67345	8	207	5	94
26261	128	67151	67143	67349	8	206	6	94
26261	129	67148	67142	67349	6	207	5	94
26261	130	67146	67141	67346	5	205	6	94
26261	131	67151	67142	67352	9	210	6	94
26261	132	67145	67138	67345	7	207	5	94
26261	133	67150	67142	67349	8	207	6	94
26261	134	67149	67143	67348	6	205	6	94
26261	135	67145	67137	67343	8	206	6	94
26261	136	67270	67145	67469	125	324	7	95
26261	137	67145	67137	67343	8	206	6	94
26261	138	67149	67143	67347	6	204	5	94
26261	139	67152	67144	67350	8	206	6	94
26261	140	67146	67137	67345	9	208	6	94
26261	141	67152	67143	67353	9	210	6	94
26261	142	67143	67138	67342	5	204	5	94
26261	143	67151	67144	67349	7	205	5	94
26261	144	67152	67143	67352	9	209	6	94
26261	145	67144	67136	67342	8	206	6	94
26261	146	67149	67140	67349	9	209	7	94
26261	147	67147	67140	67345	7	205	5	94
26261	148	67150	67143	67349	7	206	6	94
26261	149	67151	67144	67351	7	207	5	94
26261	150	67144	67135	67343	9	208	6	94
26261	151	67152	67144	67352	8	208	6	94
26261	152	67150	67143	67349	7	206	6	94
26261	153	67145	67138	67344	7	206	6	94
26261	154	67149	67142	67349	7	207	6	94
26261	155	67145	67135	67343	10	208	6	94
26261	156	67151	67144	67350	7	206	6	94
26261	157	67152	67144	67350	8	206	6	94
26261	158	67143	67136	67342	7	206	6	94
26261	159	67150	67144	67349	6	205	5	94
26261	160	67150	67143	67348	7	205	5	94
26261	161	67148	67140	67350	8	210	6	94
26261	162	67149	67143	67349	6	206	5	94
26261	163	67145	67136	67343	9	207	6	94
26261	164	67151	67143	67351	8	208	6	94
26261	165	67151	67144	67349	7	205	5	94
26261	166	67143	67136	67342	7	206	5	94
26261	167	67151	67142	67353	9	211	7	94
26261	168	67149	67142	67349	7	207	5	94
26261	169	67147	67138	67347	9	209	6	94
26261	170	67148	67143	67347	5	204	5	94
26261	171	67142	67136	67343	6	207	7	94
26261	172	67152	67145	67352	7	207	5	94
26261	173	67151	67143	67349	8	206	5	94
26261	174	67142	67134	67342	8	208	6	94
26261	175	67150	67142	67351	8	209	6	94
26261	176	67151	67142	67351	9	209	7	94
26261	177	67147	67139	67348	8	209	7	94
26261	178	67151	67143	67349	8	206	6	94
26261	179	67142	67136	67342	6	206	5	94
26261	180	67150	67142	67349	8	207	6	94
26261	181	67151	67144	67350	7	206	6	94
26261	182	67144	67136	67344	8	208	6	94
26261	183	67149	67142	67347	7	205	6	94
26261	184	67151	67143	67349	8	206	6	94
26261	185	67147	67137	67344	10	207	6	94
26261	186	67150	67143	67350	7	207	5	95
26261	187	67142	67137	67341	5	204	5	94
26261	188	67151	67140	67348	11	208	6	94
26261	189	67151	67143	67351	8	208	6	94
26261	190	67144	67137	67346	7	209	6	94
26261	191	67149	67143	67349	6	206	7	94
26261	192	67150	67143	67349	7	206	6	94
26261	193	67144	67137	67343	7	206	6	94
26261	194	67150	67143	67351	7	208	6	94
26261	195	67146	67139	67346	7	207	6	94
26261	196	67150	67141	67349	9	208	6	94
26261	197	67150	67144	67349	6	205	5	94
26261	198	67145	67138	67345	7	207	5	94
26261	199	67148	67142	67347	6	205	6	94
26261	200	67152	67143	67352	9	209	6	94
26261	201	67146	67136	67345	10	209	6	94
26261	202	67151	67144	67349	7	205	5	94
26261	203	67150	67142	67351	8	209	6	94
26261	204	67145	67137	67344	8	207	6	94
26261	205	67151	67141	67347	10	206	6	94
26261	206	67149	67140	67346	9	206	6	94
26261	207	67146	67139	67344	7	205	6	94
26261	208	67151	67144	67351	7	207	5	94
26261	209	67145	67137	67345	8	208	6	94
26261	210	67152	67143	67351	9	208	6	94
26261	211	67149	67142	67349	7	207	6	94
26261	212	67145	67138	67345	7	207	5	94
26261	213	67151	67144	67351	7	207	5	94
26261	214	67151	67144	67352	7	208	6	94
26261	215	67143	67136	67343	7	207	6	94
26261	216	67151	67141	67349	10	208	6	94
26261	217	67150	67142	67348	8	206	6	94
26261	218	67147	67141	67346	6	205	5	94
26261	219	67150	67143	67349	7	206	5	94
26261	220	67145	67135	67345	10	210	7	94
26261	221	67151	67143	67352	8	209	7	94
26261	222	67152	67142	67353	10	211	6	94
26261	223	67143	67134	67343	9	209	6	94
26261	224	67151	67144	67351	7	207	5	94
26261	225	67151	67143	67350	8	207	6	94
26261	226	67145	67136	67345	9	209	6	94
26261	227	67150	67143	67351	7	208	5	94
26261	228	67150	67143	67350	7	207	7	94
26261	229	67149	67141	67347	8	206	6	94
26261	230	67150	67141	67349	9	208	7	94
26261	231	67146	67138	67345	8	207	6	94
26261	232	67147	67141	67347	6	206	5	94
26261	233	67151	67143	67352	8	209	7	94
26261	234	67145	67135	67344	10	209	6	94
26261	235	67151	67143	67349	8	206	6	94
26261	236	67150	67143	67348	7	205	6	94
26261	237	67145	67135	67344	10	209	6	94
26261	238	67151	67143	67351	8	208	6	94
26261	239	67145	67138	67343	7	205	5	94
26261	240	67149	67141	67350	8	209	6	94
26261	241	67151	67144	67351	7	207	5	94
26261	242	67144	67137	67343	7	206	6	94
26261	243	67151	67143	67350	8	207	7	94
26261	244	67148	67142	67347	6	205	6	94
26261	245	67145	67136	67344	9	208	6	94
26261	246	67150	67144	67349	6	205	5	94
26261	247	67144	67136	67342	8	206	6	94
26261	248	67149	67143	67350	6	207	6	94
26261	249	67152	67143	67353	9	210	6	95
26261	250	67144	67136	67343	8	207	6	94
26261	251	67151	67144	67350	7	206	6	94
26261	252	67150	67142	67351	8	209	6	94
26261	253	67144	67136	67343	8	207	6	94
26261	254	67151	67141	67351	10	210	7	94
26261	255	67144	67136	67343	8	207	6	94
26261	256	67149	67143	67347	6	204	5	94
26261	257	67151	67143	67349	8	206	6	94
26261	258	67145	67137	67342	8	205	5	94
26261	259	67151	67142	67351	9	209	7	94
26261	260	67149	67142	67347	7	205	6	94
26261	261	67145	67138	67344	7	206	6	94
26261	262	67151	67143	67348	8	205	5	94
26261	263	67146	67138	67344	8	206	6	94
26261	264	67149	67144	67348	5	204	5	94
26261	265	67151	67143	67352	8	209	7	94
26261	266	67144	67136	67344	8	208	6	94
26261	267	67151	67144	67349	7	205	5	94
26261	268	67149	67142	67347	7	205	6	94
26261	269	67145	67136	67344	9	208	6	94
26261	270	67150	67142	67350	8	208	6	94
26261	271	67150	67143	67348	7	205	5	94
26261	272	67147	67139	67346	8	207	6	94
26261	273	67150	67143	67349	7	206	6	94
26261	274	67145	67137	67346	8	209	7	94
26261	275	67151	67144	67349	7	205	5	94
26261	276	67150	67143	67351	7	208	5	94
26261	277	67142	67135	67341	7	206	6	94
26261	278	67151	67143	67351	8	208	6	94
26261	279	67152	67144	67351	8	207	5	94
26261	280	67142	67137	67341	5	204	5	94
26261	281	67149	67144	67349	5	205	5	94
26261	282	67148	67141	67346	7	205	5	94
26261	283	67150	67141	67350	9	209	7	94
26261	284	67153	67144	67352	9	208	7	94
26261	285	67142	67136	67342	6	206	5	94
26261	286	67152	67144	67353	8	209	5	94
26261	287	67152	67142	67353	10	211	7	94
26261	288	67144	67136	67345	8	209	7	94
26261	289	67149	67141	67350	8	209	6	94
26261	290	67151	67144	67350	7	206	5	94
26261	291	67146	67138	67345	8	207	7	94
26261	292	67151	67142	67351	9	209	6	94
26261	293	67144	67136	67343	8	207	6	94
26261	294	67151	67143	67350	8	207	5	94
26261	295	67151	67143	67351	8	208	6	94
26261	296	67144	67136	67343	8	207	6	94
26261	297	67148	67141	67348	7	207	6	94
26261	298	67151	67144	67349	7	205	5	94
26261	299	67145	67136	67343	9	207	6	94
26261	300	67152	67143	67353	9	210	6	94
26261	301	67150	67142	67349	8	207	6	94
26261	302	67144	67135	67343	9	208	6	94
26261	303	67152	67143	67351	9	208	6	94
26261	304	67144	67138	67343	6	205	5	94
26261	305	67148	67141	67347	7	206	6	94
26261	306	67150	67141	67348	9	207	6	94
26261	307	67144	67137	67345	7	208	6	94
26261	308	67150	67143	67349	7	206	6	94
26261	309	67149	67140	67348	9	208	6	94
26261	310	67144	67137	67345	7	208	6	94
26261	311	67151	67141	67350	10	209	6	94
26261	312	67150	67140	67351	10	211	6	95
26261	313	67145	67137	67345	8	208	7	94
26261	314	67151	67144	67350	7	206	6	94
26261	315	67145	67136	67343	9	207	6	94
26261	316	67151	67144	67351	7	207	5	94
26261	317	67149	67143	67349	6	206	5	94
26261	318	67145	67137	67342	8	205	5	94
26261	319	67151	67143	67350	8	207	5	94
26261	320	67151	67143	67349	8	206	6	94
26261	321	67142	67136	67342	6	206	7	94
26261	322	67150	67142	67350	8	208	8	94
26261	323	67145	67138	67343	7	205	5	94
26261	324	67152	67143	67350	9	207	6	94
26261	325	67149	67142	67349	7	207	6	94
26261	326	67144	67136	67344	8	208	6	94
26261	327	67151	67143	67349	8	206	6	94
26261	328	67150	67143	67349	7	206	6	94
26261	329	67142	67136	67341	6	205	6	94
26261	330	67149	67139	67350	10	211	6	94
26261	331	67151	67143	67350	8	207	5	94
26261	332	67147	67139	67345	8	206	6	94
26261	333	67152	67144	67350	8	206	6	94
26261	334	67142	67136	67342	6	206	7	94
26261	335	67153	67145	67352	8	207	5	94
26261	336	67150	67143	67350	7	207	7	94
26261	337	67145	67137	67343	8	206	6	94
26261	338	67149	67143	67349	6	206	5	94
26261	339	67151	67144	67350	7	206	6	94
26261	340	67145	67136	67345	9	209	7	94
26261	341	67151	67142	67350	9	208	6	94
26261	342	67144	67137	67341	7	204	5	94
26261	343	67151	67142	67349	9	207	7	94
26261	344	67151	67143	67349	8	206	6	94
26261	345	67146	67138	67343	8	205	5	94
26261	346	67149	67141	67349	8	208	6	94
26261	347	67151	67142	67352	9	210	6	94
26261	348	67145	67137	67343	8	206	6	94
26261	349	67268	67144	67466	124	322	7	95
26261	350	67143	67136	67340	7	204	5	94
26261	351	67151	67142	67352	9	210	7	94
26261	352	67152	67143	67351	9	208	6	94
26261	353	67144	67137	67345	7	208	6	94
26261	354	67149	67142	67350	7	208	5	94
26261	355	67151	67143	67350	8	207	6	94
26261	356	67146	67139	67346	7	207	5	94
26261	357	67151	67143	67349	8	206	5	94
26261	358	67143	67136	67343	7	207	6	94
26261	359	67150	67143	67349	7	206	6	94
26261	360	67151	67144	67351	7	207	5	94
26261	361	67144	67136	67342	8	206	5	94
26261	362	67149	67142	67347	7	205	6	94
26261	363	67151	67141	67351	10	210	6	94
26261	364	67145	67137	67345	8	208	6	94
26261	365	67152	67143	67352	9	209	7	94
26261	366	67143	67137	67341	6	204	5	94
26261	367	67151	67144	67349	7	205	5	94
26261	368	67150	67143	67350	7	207	7	94
26261	369	67146	67136	67344	10	208	6	94
26261	370	67150	67144	67349	6	205	6	94
26261	371	67151	67144	67352	7	208	6	94
26261	372	67145	67137	67345	8	208	7	94
26261	373	67150	67142	67348	8	206	5	94
26261	374	67143	67135	67341	8	206	6	94
26261	375	67150	67141	67349	9	208	6	94
26261	376	67151	67142	67348	9	206	6	94
26261	377	67145	67136	67344	9	208	6	94
26261	378	67148	67142	67350	6	208	6	94
26261	379	67145	67137	67345	8	208	6	94
26261	380	67150	67143	67350	7	207	5	94
26261	381	67151	67143	67349	8	206	6	94
26261	382	67145	67134	67346	11	212	6	94
26261	383	67149	67143	67349	6	206	5	94
26261	384	67151	67143	67351	8	208	6	94
26261	385	67144	67136	67342	8	206	6	94
26261	386	67150	67144	67350	6	206	6	94
26261	387	67143	67136	67342	7	206	5	94
26261	388	67151	67143	67351	8	208	6	94
26261	389	67154	67144	67354	10	210	6	94
26261	390	67145	67137	67345	8	208	6	94
26261	391	67149	67142	67347	7	205	6	94
26261	392	67149	67142	67350	7	208	6	94
26261	393	67149	67140	67347	9	207	6	94
26261	394	67150	67144	67349	6	205	5	94
26261	395	67142	67136	67341	6	205	6	94
26261	396	67151	67142	67349	9	207	6	94
26261	397	67152	67143	67351	9	208	6	94
26261	398	67145	67137	67343	8	206	6	94
26261	399	67148	67142	67347	6	205	6	94
26261	400	67148	67138	67346	10	208	6	94
26261	401	67149	67140	67347	9	207	7	94
26261	402	67150	67144	67349	6	205	5	94
26261	403	67142	67135	67341	7	206	6	94
26261	404	67156	67147	67354	9	207	7	94
26261	405	67151	67142	67348	9	206	6	94
26261	406	67145	67137	67346	8	209	6	95
26261	407	67150	67143	67351	7	208	5	94
26261	408	67150	67144	67349	6	205	5	94
26261	409	67146	67138	67345	8	207	5	94
26261	410	67150	67142	67349	8	207	6	94
26261	411	67143	67136	67343	7	207	6	94
26261	412	67151	67142	67349	9	207	6	94
26261	413	67151	67142	67351	9	209	7	94
26261	414	67144	67136	67343	8	207	6	94
26261	415	67149	67143	67347	6	204	5	94
26261	416	67150	67143	67349	7	206	6	94
26261	417	67145	67136	67344	9	208	6	94
26261	418	67151	67143	67350	8	207	5	94
26261	419	67150	67142	67352	8	210	7	94
26261	420	67145	67137	67343	8	206	6	94
26261	421	67152	67143	67351	9	208	6	94
26261	422	67151	67143	67352	8	209	5	94
26261	423	67142	67135	67340	7	205	6	94
26261	424	67152	67144	67350	8	206	5	94
26261	425	67150	67141	67351	9	210	8	94
26261	426	67145	67138	67345	7	207	5	94
26261	427	67149	67144	67348	5	204	5	94
26261	428	67151	67142	67350	9	208	6	94
26261	429	67146	67139	67345	7	206	6	94
26261	430	67151	67144	67353	7	209	6	94
26261	431	67146	67140	67344	6	204	5	94
26261	432	67147	67141	67346	6	205	6	94
26261	433	67151	67143	67349	8	206	6	94
26261	434	67145	67137	67346	8	209	5	94
26261	435	67149	67143	67350	6	207	6	94
26261	436	67150	67142	67350	8	208	6	94
26261	437	67145	67136	67343	9	207	6	94
26261	438	67151	67141	67350	10	209	7	94
26261	439	67151	67143	67349	8	206	6	94
26261	440	67143	67136	67344	7	208	7	94
26261	441	67150	67142	67350	8	208	6	94
26261	442	67152	67142	67351	10	209	9	94
26261	443	67145	67138	67343	7	205	5	94
26261	444	67150	67142	67349	8	207	6	94
26261	445	67151	67144	67352	7	208	6	94
26261	446	67145	67137	67343	8	206	6	94
26261	447	67150	67144	67349	6	205	5	94
26261	448	67149	67143	67348	6	205	6	94
26261	449	67145	67138	67345	7	207	5	94
26261	450	67151	67144	67349	7	205	5	94
26261	451	67147	67138	67346	9	208	6	94
26261	452	67149	67142	67349	7	207	6	94
26261	453	67152	67145	67353	7	208	6	94
26261	454	67145	67135	67344	10	209	7	94
26261	455	67150	67143	67349	7	206	6	94
26261	456	67150	67143	67349	7	206	5	94
26261	457	67150	67141	67347	9	206	6	94
26261	458	67147	67139	67345	8	206	6	94
26261	459	67150	67142	67348	8	206	6	94
26261	460	67149	67142	67347	7	205	6	94
26261	461	67144	67138	67343	6	205	5	94
26261	462	67150	67143	67349	7	206	6	94
26261	463	67154	67145	67352	9	207	5	94
26261	464	67143	67136	67341	7	205	6	94
26261	465	67150	67143	67350	7	207	5	94
26261	466	67151	67142	67349	9	207	6	94
26261	467	67144	67137	67344	7	207	5	94
26261	468	67149	67143	67348	6	205	6	94
26261	469	67151	67144	67353	7	209	5	95
26261	470	67144	67135	67344	9	209	7	94
26261	471	67150	67144	67349	6	205	5	94
26261	472	67150	67143	67349	7	206	5	94
26261	473	67144	67137	67343	7	206	6	94
26261	474	67150	67143	67349	7	206	6	94
26261	475	67151	67143	67350	8	207	5	94
26261	476	67145	67136	67344	9	208	6	94
26261	477	67150	67143	67350	7	207	5	94
26261	478	67150	67141	67348	9	207	6	94
26261	479	67144	67138	67343	6	205	5	94
26261	480	67149	67142	67349	7	207	6	94
26261	481	67151	67143	67351	8	208	6	94
26261	482	67144	67136	67344	8	208	6	94
26261	483	67151	67144	67349	7	205	5	94
26261	484	67149	67142	67347	7	205	6	94
26261	485	67143	67137	67343	6	206	6	94
26261	486	67151	67143	67352	8	209	5	94
26261	487	67151	67144	67349	7	205	5	94
26261	488	67142	67136	67340	6	204	5	94
26261	489	67149	67141	67348	8	207	6	94
26261	490	67151	67142	67350	9	208	6	94
26261	491	67145	67138	67344	7	206	6	94
26261	492	67150	67144	67350	6	206	5	94
26261	493	67148	67143	67347	5	204	5	94
26261	494	67144	67136	67344	8	208	7	94
26261	495	67154	67146	67353	8	207	5	94
26261	496	67150	67143	67349	7	206	6	94
26261	497	67143	67135	67342	8	207	6	94
26261	498	67152	67143	67353	9	210	6	94
26261	499	67151	67143	67352	8	209	7	94
26261	500	67144	67137	67343	7	206	6	94
26261	501	67149	67141	67348	8	207	6	94
26261	502	67151	67144	67350	7	206	6	94
26261	503	67145	67137	67343	8	206	6	94
26261	504	67151	67143	67351	8	208	6	94
26261	505	67149	67144	67349	5	205	6	94
26261	506	67144	67137	67343	7	206	6	94
26261	507	67151	67143	67351	8	208	6	94
26261	508	67151	67143	67352	8	209	5	94
26261	509	67143	67135	67341	8	206	6	94
26261	510	67151	67143	67350	8	207	5	94
26261	511	67151	67142	67350	9	208	6	94
26261	512	67144	67136	67343	8	207	7	94
26261	513	67148	67142	67349	6	207	6	94
26261	514	67151	67144	67349	7	205	5	94
26261	515	67145	67136	67344	9	208	6	94
26261	516	67150	67143	67349	7	206	6	94
26261	517	67148	67142	67348	6	206	5	94
26261	518	67148	67139	67347	9	208	6	94
26261	519	67151	67141	67350	10	209	8	94
26261	520	67145	67137	67343	8	206	6	94
26261	521	67148	67142	67348	6	206	5	94
26261	522	67150	67143	67349	7	206	6	94
26261	523	67145	67136	67345	9	209	6	94
26261	524	67151	67144	67349	7	205	5	94
26261	525	67148	67141	67348	7	207	6	94
26261	526	67145	67137	67343	8	206	6	94
26261	527	67150	67144	67350	6	206	6	94
26261	528	67151	67143	67351	8	208	6	94
26261	529	67142	67136	67341	6	205	6	94
26261	530	67150	67143	67350	7	207	5	94
26261	531	67151	67144	67349	7	205	5	94
26261	532	67145	67137	67343	8	206	6	94
26261	533	67150	67143	67349	7	206	5	94
26261	534	67150	67143	67349	7	206	6	94
26261	535	67145	67136	67345	9	209	6	94
26261	536	67150	67143	67350	7	207	5	94
26261	537	67148	67139	67348	9	209	7	94
26261	538	67145	67138	67347	7	209	7	94
26261	539	67150	67144	67349	6	205	5	94
26261	540	67146	67137	67345	9	208	6	94
26261	541	67150	67142	67347	8	205	6	94
26261	542	67148	67142	67347	6	205	6	94
26261	543	67144	67135	67343	9	208	8	94
26261	544	67152	67142	67350	10	208	6	94
26261	545	67150	67143	67351	7	208	6	94
26261	546	67143	67138	67342	5	204	5	94
26261	547	67152	67145	67350	7	205	5	94
26261	548	67152	67144	67350	8	206	6	94
26261	549	67145	67135	67342	10	207	6	94
26261	550	67149	67143	67347	6	204	5	94
26261	551	67151	67143	67349	8	206	6	94
26261	552	67144	67137	67343	7	206	6	94
26261	553	67151	67141	67348	10	207	6	94
26261	554	67149	67142	67347	7	205	6	94
26261	555	67145	67136	67345	9	209	6	94
26261	556	67151	67142	67349	9	207	6	94
26261	557	67147	67140	67345	7	205	5	94
26261	558	67148	67141	67346	7	205	6	94
26261	559	67151	67142	67350	9	208	6	94
26261	560	67145	67136	67345	9	209	7	94
26261	561	67151	67144	67349	7	205	5	94
26261	562	67268	67145	67467	123	322	7	95
26261	563	67144	67135	67344	9	209	6	94
26261	564	67151	67144	67349	7	205	5	94
26261	565	67151	67144	67350	7	206	6	94
26261	566	67143	67136	67344	7	208	5	94
26261	567	67150	67143	67349	7	206	6	94
26261	568	67151	67143	67351	8	208	6	94
26261	569	67145	67136	67346	9	210	6	94
26261	570	67149	67142	67347	7	205	6	94
26261	571	67150	67143	67350	7	207	5	94
26261	572	67144	67138	67343	6	205	5	94
26261	573	67150	67143	67349	7	206	6	94
26261	574	67148	67142	67347	6	205	6	94
26261	575	67144	67134	67345	10	211	7	94
26261	576	67151	67143	67350	8	207	5	94
26261	577	67150	67141	67348	9	207	6	94
26261	578	67145	67138	67344	7	206	5	94
26261	579	67151	67143	67349	8	206	6	94
26261	580	67147	67140	67346	7	206	6	94
26261	581	67150	67141	67348	9	207	7	94
26261	582	67150	67141	67349	9	208	6	94
26261	583	67144	67137	67345	7	208	7	94
26261	584	67151	67142	67351	9	209	6	94
26261	585	67151	67142	67350	9	208	6	94
26261	586	67142	67136	67342	6	206	5	94
26261	587	67149	67143	67348	6	205	6	94
26261	588	67150	67142	67350	8	208	6	94
26261	589	67145	67136	67344	9	208	6	94
26261	590	67150	67142	67350	8	208	6	94
26261	591	67148	67142	67346	6	204	5	94
26261	592	67144	67137	67343	7	206	6	94
26261	593	67151	67144	67349	7	205	5	94
26261	594	67151	67144	67352	7	208	6	94
26261	595	67143	67137	67343	6	206	5	94
26261	596	67152	67144	67350	8	206	6	94
26261	597	67151	67144	67350	7	206	6	94
26261	598	67145	67137	67343	8	206	6	94
26261	599	67149	67142	67348	7	206	5	94
26261	600	67150	67142	67349	8	207	7	94
26261	601	67145	67135	67346	10	211	6	94
26261	602	67154	67145	67354	9	209	6	94
26261	603	67149	67141	67347	8	206	6	94
26261	604	67145	67137	67343	8	206	6	94
26261	605	67150	67144	67349	6	205	5	94
26261	606	67152	67142	67351	10	209	6	94
26261	607	67142	67136	67342	6	206	5	94
26261	608	67150	67141	67350	9	209	6	94
26261	609	67150	67144	67349	6	205	5	94
26261	610	67144	67137	67343	7	206	6	94
26261	611	67149	67142	67348	7	206	5	94
26261	612	67151	67142	67350	9	208	6	94
26261	613	67144	67135	67344	9	209	7	94
26261	614	67150	67140	67350	10	210	6	94
26261	615	67149	67142	67348	7	206	7	94
26261	616	67144	67137	67344	7	207	5	94
26261	617	67150	67141	67350	9	209	6	94
26261	618	67151	67143	67352	8	209	7	94
26261	619	67143	67136	67341	7	205	6	94
26261	620	67152	67143	67352	9	209	7	94
26261	621	67151	67143	67350	8	207	6	94
26261	622	67144	67137	67344	7	207	5	94
26261	623	67149	67143	67347	6	204	5	94
26261	624	67151	67143	67350	8	207	6	94
26261	625	67145	67137	67345	8	208	7	94
26261	626	67150	67141	67351	9	210	7	94
26261	627	67149	67141	67349	8	208	6	94
26261	628	67146	67137	67343	9	206	6	94
26261	629	67151	67141	67350	10	209	6	94
26261	630	67151	67142	67350	9	208	6	94
26261	631	67143	67137	67342	6	205	6	94
26261	632	67149	67141	67350	8	209	7	94
26261	633	67152	67144	67351	8	207	5	94
26261	634	67146	67139	67346	7	207	7	94
26261	635	67148	67142	67349	6	207	5	94
26261	636	67148	67142	67346	6	204	5	94
26261	637	67147	67140	67348	7	208	6	94
26261	638	67150	67142	67348	8	206	6	94
26261	639	67150	67143	67349	7	206	6	94
26261	640	67147	67140	67345	7	205	6	94
26261	641	67148	67140	67348	8	208	7	94
26261	642	67151	67143	67349	8	206	6	94
26261	643	67151	67141	67349	10	208	6	94
26261	644	67142	67136	67341	6	205	6	94
26261	645	67151	67143	67352	8	209	5	94
26261	646	67151	67141	67352	10	211	6	94
26261	647	67145	67136	67346	9	210	6	94
26261	648	67149	67141	67346	8	205	6	94
26261	649	67151	67144	67350	7	206	6	94
26261	650	67145	67138	67343	7	205	5	94
26261	651	67151	67144	67349	7	205	5	94
26261	652	67148	67142	67347	6	205	6	94
26261	653	67151	67142	67352	9	210	6	94
26261	654	67151	67143	67350	8	207	7	94
26261	655	67153	67145	67353	8	208	6	94
26261	656	67149	67142	67347	7	205	6	94
26261	657	67146	67138	67345	8	207	6	94
26261	658	67151	67144	67351	7	207	5	94
26261	659	67151	67144	67350	7	206	6	94
26261	660	67142	67133	67341	9	208	6	94
26261	661	67151	67142	67352	9	210	6	94
26261	662	67151	67142	67350	9	208	6	94
26261	663	67148	67141	67346	7	205	5	94
26261	664	67146	67140	67345	6	205	6	94
26261	665	67150	67143	67349	7	206	6	94
26261	666	67150	67141	67349	9	208	6	94
26261	667	67145	67136	67343	9	207	7	94
26261	668	67149	67142	67348	7	206	6	94
26261	669	67151	67142	67350	9	208	6	94
26261	670	67145	67136	67346	9	210	6	94
26261	671	67150	67144	67349	6	205	5	94
26261	672	67149	67141	67346	8	205	6	94
26261	673	67147	67139	67344	8	205	5	94
26261	674	67150	67142	67348	8	206	6	94
26261	675	67151	67144	67350	7	206	6	94
26261	676	67150	67140	67349	10	209	6	94
26261	677	67144	67137	67343	7	206	6	94
26261	678	67150	67144	67349	6	205	5	94
26261	679	67151	67142	67350	9	208	6	94
26261	680	67143	67134	67343	9	209	6	94
26261	681	67149	67143	67349	6	206	6	94
26261	682	67152	67143	67352	9	209	7	94
26261	683	67144	67135	67345	9	210	7	94
26261	684	67150	67142	67351	8	209	6	94
26261	685	67148	67143	67347	5	204	5	94
26261	686	67148	67141	67346	7	205	5	94
26261	687	67148	67142	67347	6	205	5	94
26261	688	67151	67142	67349	9	207	6	94
26261	689	67150	67139	67346	11	207	6	94
26261	690	67144	67136	67342	8	206	6	94
26261	691	67151	67144	67352	7	208	6	94
26261	692	67151	67144	67351	7	207	5	94
26261	693	67142	67136	67342	6	206	5	94
26261	694	67150	67142	67348	8	206	6	94
26261	695	67152	67143	67351	9	208	6	94
26261	696	67144	67135	67342	9	207	6	94
26261	697	67148	67142	67347	6	205	6	94
26261	698	67150	67143	67349	7	206	5	94
26261	699	67145	67136	67344	9	208	6	94
26261	700	67150	67144	67349	6	205	5	94
26261	701	67149	67141	67347	8	206	6	94
26261	702	67151	67143	67351	8	208	6	94
26261	703	67146	67137	67343	9	206	6	94
26261	704	67151	67143	67351	8	208	6	94
26261	705	67149	67142	67348	7	206	5	94
26261	706	67144	67137	67344	7	207	5	94
26261	707	67150	67143	67349	7	206	6	94
26261	708	67153	67145	67352	8	207	5	94
26261	709	67143	67135	67343	8	208	7	94
26261	710	67151	67144	67350	7	206	6	94
26261	711	67151	67143	67350	8	207	7	94
26261	712	67146	67138	67344	8	206	6	94
26261	713	67149	67144	67348	5	204	5	94
26261	714	67152	67143	67351	9	208	6	94
26261	715	67151	67144	67349	7	205	5	94
26261	716	67145	67137	67344	8	207	5	94
26261	717	67149	67141	67348	8	207	6	94
26261	718	67150	67144	67349	6	205	5	94
26261	719	67144	67137	67342	7	205	5	94
26261	720	67151	67141	67350	10	209	6	94
26261	721	67149	67141	67350	8	209	6	94
26261	722	67144	67136	67344	8	208	6	94
26261	723	67151	67142	67351	9	209	6	94
26261	724	67151	67143	67351	8	208	6	94
26261	725	67143	67137	67341	6	204	5	94
26261	726	67151	67141	67351	10	210	6	94
26261	727	67150	67143	67349	7	206	6	94
26261	728	67147	67140	67346	7	206	6	94
26261	729	67148	67142	67348	6	206	5	94
26261	730	67154	67146	67352	8	206	6	94
26261	731	67151	67143	67349	8	206	6	94
26261	732	67144	67138	67343	6	205	5	94
26261	733	67149	67141	67350	8	209	6	94
26261	734	67148	67142	67347	6	205	6	94
26261	735	67144	67136	67342	8	206	6	94
26261	736	67152	67143	67351	9	208	6	94
26261	737	67151	67144	67352	7	208	7	94
26261	738	67144	67136	67343	8	207	6	94
26261	739	67151	67143	67349	8	206	6	94
26261	740	67150	67143	67350	7	207	5	94
26261	741	67146	67137	67345	9	208	6	94
26261	742	67150	67142	67349	8	207	6	94
26261	743	67151	67142	67351	9	209	6	94
26261	744	67145	67136	67344	9	208	6	94
26261	745	67151	67143	67350	8	207	7	94
26261	746	67149	67143	67349	6	206	7	94
26261	747	67144	67136	67342	8	206	6	94
26261	748	67152	67144	67350	8	206	6	94
26261	749	67151	67143	67349	8	206	6	94
26261	750	67143	67134	67343	9	209	7	94
26261	751	67151	67143	67350	8	207	5	94
26261	752	67150	67143	67349	7	206	6	94
26261	753	67147	67141	67346	6	205	5	94
26261	754	67148	67140	67348	8	208	7	94
26261	755	67151	67143	67350	8	207	7	94
26261	756	67149	67141	67348	8	207	6	94
26261	757	67147	67140	67345	7	205	5	94
26261	758	67149	67141	67346	8	205	6	94
26261	759	67185	67154	67382	31	228	8	105
26261	760	67145	67138	67345	7	207	5	94
26261	761	67150	67144	67349	6	205	5	94
26261	762	67149	67142	67349	7	207	6	94
26261	763	67144	67136	67344	8	208	6	94
26261	764	67150	67144	67350	6	206	6	94
26261	765	67151	67144	67349	7	205	5	94
26261	766	67143	67137	67341	6	204	5	94
26261	767	67151	67144	67349	7	205	5	94
26261	768	67150	67142	67348	8	206	6	94
26261	769	67145	67137	67344	8	207	5	94
26261	770	67149	67142	67347	7	205	6	94
26261	771	67150	67143	67351	7	208	6	94
26261	772	67144	67138	67343	6	205	5	94
26261	773	67152	67144	67351	8	207	5	94
26261	774	67148	67140	67348	8	208	8	94
26261	775	67261	67140	67460	121	320	7	95
26261	776	67151	67142	67351	9	209	6	94
26261	777	67150	67141	67348	9	207	6	94
26261	778	67151	67143	67348	8	205	5	94
26261	779	67151	67144	67350	7	206	7	94
26261	780	67145	67137	67344	8	207	7	94
26261	781	67151	67143	67352	8	209	5	94
26261	782	67154	67143	67353	11	210	6	94
26261	783	67143	67137	67341	6	204	5	94
26261	784	67151	67143	67351	8	208	6	94
26261	785	67151	67144	67350	7	206	6	94
26261	786	67145	67138	67344	7	206	6	94
26261	787	67149	67140	67349	9	209	6	94
26261	788	67151	67143	67351	8	208	6	94
26261	789	67145	67137	67345	8	208	6	94
26261	790	67151	67144	67349	7	205	5	94
26261	791	67149	67142	67347	7	205	6	94
26261	792	67144	67135	67342	9	207	6	94
26261	793	67151	67144	67349	7	205	5	94
26261	794	67150	67142	67349	8	207	7	94
26261	795	67144	67136	67342	8	206	6	94
26261	796	67151	67141	67351	10	210	6	94
26261	797	67148	67138	67347	10	209	6	94
26261	798	67151	67141	67350	10	209	7	94
26261	799	67149	67141	67350	8	209	7	94
26261	800	67145	67135	67344	10	209	6	94
26261	801	67152	67143	67351	9	208	6	94
26261	802	67150	67142	67350	8	208	5	94
26261	803	67143	67135	67343	8	208	6	94
26261	804	67152	67144	67350	8	206	6	94
26261	805	67145	67138	67345	7	207	7	94
26261	806	67151	67144	67351	7	207	5	94
26261	807	67148	67139	67349	9	210	7	94
26261	808	67149	67140	67349	9	209	7	94
26261	809	67153	67140	67354	13	214	7	94
26261	810	67145	67137	67343	8	206	6	94
26261	811	67150	67142	67350	8	208	7	94
26261	812	67145	67138	67344	7	206	6	94
26261	813	67151	67144	67349	7	205	5	94
26261	814	67148	67141	67347	7	206	6	94
26261	815	67150	67143	67350	7	207	6	94
26261	816	67148	67142	67347	6	205	5	94
26261	817	67145	67136	67346	9	210	6	94
26261	818	67151	67144	67351	7	207	5	94
26261	819	67144	67137	67343	7	206	5	94
26261	820	67149	67142	67349	7	207	6	94
26261	821	67145	67137	67343	8	206	6	94
26261	822	67152	67144	67351	8	207	5	94
26261	823	67151	67144	67349	7	205	5	94
26261	824	67145	67138	67343	7	205	6	94
26261	825	67152	67144	67350	8	206	6	94
26261	826	67145	67138	67344	7	206	6	94
26261	827	67151	67141	67351	10	210	7	94
26261	828	67144	67138	67343	6	205	6	94
26261	829	67151	67144	67351	7	207	5	94
26261	830	67147	67138	67346	9	208	6	94
26261	831	67151	67144	67351	7	207	5	94
26261	832	67150	67141	67349	9	208	7	94
26261	833	67146	67137	67345	9	208	6	94
26261	834	67151	67143	67351	8	208	6	94
26261	835	67145	67137	67344	8	207	6	94
26261	836	67149	67143	67348	6	205	6	94
26261	837	67145	67138	67343	7	205	5	94
26261	838	67153	67144	67352	9	208	6	94
26261	839	67150	67142	67348	8	206	6	94
26261	840	67148	67140	67347	8	207	6	94
26261	841	67150	67143	67349	7	206	6	94
26261	842	67145	67137	67346	8	209	7	94
26261	843	67152	67142	67349	10	207	6	94
26261	844	67143	67137	67342	6	205	6	94
26261	845	67152	67145	67350	7	205	5	94
26261	846	67146	67138	67347	8	209	5	94
26261	847	67151	67143	67349	8	206	6	94
26261	848	67149	67144	67348	5	204	5	94
26261	849	67145	67138	67343	7	205	5	94
26261	850	67152	67145	67353	7	208	6	94
26261	851	67145	67137	67345	8	208	6	94
26261	852	67150	67143	67348	7	205	6	94
26261	853	67147	67138	67344	9	206	6	94
26261	854	67150	67143	67350	7	207	5	94
26261	855	67151	67143	67349	8	206	6	94
26261	856	67144	67135	67341	9	206	6	94
26261	857	67150	67142	67351	8	209	6	94
26261	858	67145	67136	67346	9	210	6	94
26261	859	67151	67143	67349	8	206	6	94
26261	860	67152	67144	67350	8	206	6	94
26261	861	67145	67137	67344	8	207	6	94
26261	862	67152	67144	67350	8	206	6	94
26261	863	67146	67137	67347	9	210	7	94
26261	864	67152	67144	67352	8	208	6	94
26261	865	67143	67137	67342	6	205	6	94
26261	866	67151	67142	67352	9	210	7	94
26261	867	67151	67144	67349	7	205	5	94
26261	868	67148	67139	67347	9	208	6	94
26261	869	67149	67143	67349	6	206	5	94
26261	870	67144	67135	67344	9	209	7	94
26261	871	67151	67142	67352	9	210	6	94
26261	872	67145	67137	67343	8	206	6	94
26261	873	67150	67144	67350	6	206	5	94
26261	874	67152	67143	67350	9	207	6	94
26261	875	67145	67138	67345	7	207	5	94
26261	876	67152	67142	67349	10	207	6	94
26261	877	67143	67136	67341	7	205	6	94
26261	878	67151	67144	67350	7	206	6	94
26261	879	67150	67141	67351	9	210	6	94
26261	880	67149	67140	67350	9	210	6	94
26261	881	67148	67141	67347	7	206	6	94
26261	882	67145	67138	67344	7	206	6	94
26261	883	67150	67143	67350	7	207	5	94
26261	884	67148	67140	67346	8	206	6	94
26261	885	67148	67140	67347	8	207	6	94
26261	886	67151	67142	67349	9	207	6	94
26261	887	67145	67137	67343	8	206	6	94
26261	888	67151	67142	67351	9	209	7	94
26261	889	67145	67136	67343	9	207	6	94
26261	890	67151	67144	67349	7	205	5	94
26261	891	67151	67144	67351	7	207	5	94
26261	892	67144	67136	67343	8	207	6	94
26261	893	67149	67142	67350	7	208	5	94
26261	894	67150	67141	67347	9	206	6	94
26261	895	67148	67140	67345	8	205	5	94
26261	896	67151	67143	67352	8	209	5	94
26261	897	67142	67136	67341	6	205	6	94
26261	898	67151	67142	67350	9	208	7	94
26261	899	67151	67144	67350	7	206	6	94
26261	900	67145	67135	67344	10	209	6	94
26261	901	67148	67143	67347	5	204	5	94
26261	902	67148	67141	67347	7	206	6	94
26261	903	67149	67139	67349	10	210	6	94
26261	904	67151	67144	67349	7	205	5	94
26261	905	67142	67136	67345	6	209	5	94
26261	906	67149	67142	67347	7	205	6	94
26261	907	67151	67144	67351	7	207	5	94
26261	908	67145	67138	67343	7	205	5	94
26261	909	67150	67144	67349	6	205	5	94
26261	910	67149	67141	67349	8	208	6	94
26261	911	67145	67138	67344	7	206	6	94
26261	912	67151	67143	67350	8	207	6	94
26261	913	67151	67144	67351	7	207	5	94
26261	914	67142	67134	67342	8	208	7	94
26261	915	67151	67143	67349	8	206	6	94
26261	916	67152	67143	67351	9	208	6	94
26261	917	67144	67137	67342	7	205	5	94
26261	918	67148	67141	67348	7	207	7	94
26261	919	67151	67143	67351	8	208	6	94
26261	920	67145	67138	67343	7	205	5	94
26261	921	67152	67144	67351	8	207	6	94
26261	922	67147	67140	67346	7	206	7	94
26261	923	67149	67141	67347	8	206	6	94
26261	924	67150	67142	67350	8	208	8	94
26261	925	67150	67143	67350	7	207	5	94
26261	926	67143	67136	67342	7	206	6	94
26261	927	67150	67143	67349	7	206	6	94
26261	928	67150	67143	67350	7	207	7	94
26261	929	67144	67136	67343	8	207	6	94
26261	930	67149	67142	67347	7	205	6	94
26261	931	67151	67143	67349	8	206	6	94
26261	932	67144	67137	67344	7	207	5	94
26261	933	67150	67143	67350	7	207	5	94
26261	934	67214	67164	67410	50	246	13	112
26261	935	67146	67137	67346	9	209	7	94
26261	936	67151	67143	67351	8	208	6	94
26261	937	67152	67144	67351	8	207	5	94
26261	938	67142	67134	67342	8	208	6	94
26261	939	67151	67142	67349	9	207	6	94
26261	940	67152	67143	67352	9	209	6	94
26261	941	67144	67135	67343	9	208	6	94
26261	942	67149	67142	67347	7	205	6	94
26261	943	67151	67144	67349	7	205	5	94
26261	944	67146	67138	67345	8	207	6	94
26261	945	67151	67139	67350	12	211	7	94
26261	946	67147	67140	67347	7	207	6	94
26261	947	67146	67139	67346	7	207	6	94
26261	948	67152	67143	67351	9	208	6	94
26261	949	67149	67140	67348	9	208	6	94
26261	950	67147	67141	67345	6	204	5	94
26261	951	67149	67142	67351	7	209	6	94
26261	952	67144	67136	67343	8	207	6	94
26261	953	67151	67143	67352	8	209	6	94
26261	954	67151	67143	67349	8	206	6	94
26261	955	67147	67142	67346	5	204	5	94
26261	956	67147	67139	67346	8	207	5	94
26261	957	67150	67141	67349	9	208	6	94
26261	958	67150	67142	67350	8	208	7	94
26261	959	67142	67134	67342	8	208	6	94
26261	960	67151	67144	67351	7	207	5	94
26261	961	67150	67140	67350	10	210	6	94
26261	962	67145	67137	67345	8	208	6	94
26261	963	67149	67142	67348	7	206	5	94
26261	964	67150	67144	67349	6	205	5	94
26261	965	67151	67143	67351	8	208	6	94
26261	966	67143	67136	67342	7	206	6	94
26261	967	67148	67142	67347	6	205	6	94
26261	968	67150	67143	67349	7	206	6	94
26261	969	67144	67134	67343	10	209	6	94
26261	970	67150	67143	67350	7	207	5	94
26261	971	67149	67142	67349	7	207	6	94
26261	972	67150	67143	67349	7	206	6	94
26261	973	67144	67137	67342	7	205	5	94
26261	974	67150	67143	67348	7	205	5	94
26261	975	67152	67145	67352	7	207	6	94
26261	976	67147	67139	67346	8	207	6	94
26261	977	67148	67140	67347	8	207	7	94
26261	978	67151	67142	67350	9	208	6	94
26261	979	67149	67141	67348	8	207	6	94
26261	980	67144	67136	67346	8	210	6	94
26261	981	67150	67141	67350	9	209	6	94
26261	982	67150	67140	67348	10	208	6	94
26261	983	67148	67142	67346	6	204	5	94
26261	984	67145	67139	67344	6	205	5	94
26261	985	67150	67142	67351	8	209	7	94
26261	986	67150	67143	67349	7	206	6	94
26261	987	67259	67138	67456	121	318	7	95
26261	988	67268	67146	67466	122	320	7	95
26261	989	67150	67142	67348	8	206	6	94
26261	990	67145	67138	67345	7	207	5	94
26261	991	67149	67141	67348	8	207	6	94
26261	992	67150	67142	67350	8	208	6	94
26261	993	67152	67143	67351	9	208	6	94
26261	994	67145	67136	67346	9	210	6	94
26261	995	67150	67140	67348	10	208	6	94
26261	996	67148	67141	67348	7	207	6	94
26261	997	67144	67135	67345	9	210	7	94
26261	998	67150	67143	67349	7	206	6	94
26261	999	67150	67143	67350	7	207	5	94
26261	1000	67147	67142	67346	5	204	5	94
