RUNID	ITERNUM	METIME	PRTIME	TPRTIME	DIFF	TDIFF	NRPROCS	NPROCS
27201	1	63139	63132	63336	7	204	6	93
27201	2	63139	63134	63337	5	203	5	93
27201	3	63138	63133	63336	5	203	5	93
27201	4	63141	63134	63339	7	205	6	93
27201	5	63140	63134	63339	6	205	5	93
27201	6	63139	63131	63339	8	208	6	93
27201	7	63142	63134	63340	8	206	5	93
27201	8	63139	63133	63338	6	205	5	93
27201	9	63139	63133	63338	6	205	5	93
27201	10	63141	63134	63338	7	204	5	93
27201	11	63138	63133	63336	5	203	5	93
27201	12	63140	63131	63338	9	207	6	93
27201	13	63138	63129	63336	9	207	6	93
27201	14	63145	63137	63343	8	206	7	93
27201	15	63140	63133	63338	7	205	5	93
27201	16	63140	63132	63340	8	208	7	93
27201	17	63137	63131	63335	6	204	6	93
27201	18	63138	63132	63336	6	204	6	93
27201	19	63138	63132	63336	6	204	6	93
27201	20	63138	63131	63334	7	203	5	93
27201	21	63139	63132	63339	7	207	6	93
27201	22	63137	63131	63335	6	204	6	93
27201	23	63139	63131	63337	8	206	6	93
27201	24	63140	63132	63339	8	207	6	93
27201	25	63138	63130	63337	8	207	6	93
27201	26	63139	63130	63334	9	204	6	93
27201	27	63140	63132	63335	8	203	5	93
27201	28	63137	63131	63334	6	203	5	93
27201	29	63138	63133	63337	5	204	6	93
27201	30	63140	63133	63340	7	207	6	93
27201	31	63138	63130	63339	8	209	7	94
27201	32	63141	63134	63339	7	205	7	93
27201	33	63144	63136	63342	8	206	6	93
27201	34	63138	63132	63338	6	206	6	93
27201	35	63138	63130	63336	8	206	6	93
27201	36	63138	63131	63337	7	206	5	93
27201	37	63137	63131	63336	6	205	5	93
27201	38	63140	63131	63337	9	206	6	93
27201	39	63137	63131	63334	6	203	5	93
27201	40	63138	63132	63337	6	205	5	93
27201	41	63140	63130	63338	10	208	6	93
27201	42	63139	63131	63338	8	207	6	93
27201	43	63138	63132	63335	6	203	5	93
27201	44	63140	63132	63338	8	206	5	93
27201	45	63138	63132	63337	6	205	5	93
27201	46	63137	63130	63335	7	205	6	93
27201	47	63141	63132	63339	9	207	6	93
27201	48	63139	63132	63337	7	205	5	93
27201	49	63138	63130	63336	8	206	7	93
27201	50	63140	63132	63339	8	207	6	93
27201	51	63139	63132	63339	7	207	7	93
27201	52	63144	63137	63344	7	207	7	93
27201	53	63144	63134	63341	10	207	7	93
27201	54	63138	63131	63333	7	202	5	93
27201	55	63140	63131	63340	9	209	6	93
27201	56	63138	63131	63334	7	203	5	93
27201	57	63137	63132	63335	5	203	5	93
27201	58	63141	63133	63339	8	206	5	93
27201	59	63138	63130	63336	8	206	7	93
27201	60	63138	63130	63335	8	205	7	93
27201	61	63139	63131	63337	8	206	6	93
27201	62	63138	63133	63336	5	203	5	93
27201	63	63138	63132	63337	6	205	5	93
27201	64	63141	63133	63340	8	207	6	93
27201	65	63138	63132	63335	6	203	5	93
27201	66	63138	63131	63336	7	205	5	93
27201	67	63140	63132	63338	8	206	7	93
27201	68	63137	63131	63336	6	205	5	93
27201	69	63138	63131	63336	7	205	7	93
27201	70	63139	63131	63336	8	205	6	93
27201	71	63139	63133	63338	6	205	5	93
27201	72	63141	63132	63339	9	207	6	93
27201	73	63139	63133	63338	6	205	5	93
27201	74	63138	63131	63334	7	203	5	93
27201	75	63141	63132	63339	9	207	6	93
27201	76	63138	63132	63336	6	204	6	93
27201	77	63138	63130	63335	8	205	5	93
27201	78	63141	63134	63340	7	206	5	93
27201	79	63138	63130	63337	8	207	6	93
27201	80	63141	63133	63337	8	204	6	93
27201	81	63141	63132	63338	9	206	6	93
27201	82	63139	63130	63337	9	207	7	93
27201	83	63138	63132	63337	6	205	5	93
27201	84	63140	63132	63338	8	206	5	93
27201	85	63138	63131	63338	7	207	7	93
27201	86	63137	63132	63335	5	203	5	93
27201	87	63138	63130	63337	8	207	6	93
27201	88	63139	63133	63338	6	205	5	93
27201	89	63143	63134	63341	9	207	6	93
27201	90	63141	63136	63339	5	203	5	93
27201	91	63142	63135	63342	7	207	7	93
27201	92	63142	63134	63341	8	207	6	93
27201	93	63139	63133	63338	6	205	5	93
27201	94	63139	63132	63335	7	203	5	93
27201	95	63141	63133	63338	8	205	6	93
27201	96	63138	63130	63336	8	206	6	93
27201	97	63138	63132	63337	6	205	5	93
27201	98	63141	63131	63339	10	208	7	93
27201	99	63138	63132	63338	6	206	6	93
27201	100	63138	63131	63335	7	204	6	93
27201	101	63140	63133	63339	7	206	5	93
27201	102	63139	63132	63336	7	204	6	93
27201	103	63139	63132	63337	7	205	5	93
27201	104	63140	63132	63337	8	205	6	93
27201	105	63139	63132	63340	7	208	7	93
27201	106	63138	63131	63336	7	205	6	93
27201	107	63139	63131	63337	8	206	6	93
27201	108	63140	63133	63339	7	206	6	93
27201	109	63141	63133	63338	8	205	6	93
27201	110	63139	63133	63338	6	205	5	93
27201	111	63138	63132	63336	6	204	6	93
27201	112	63140	63131	63338	9	207	6	93
27201	113	63138	63131	63334	7	203	6	93
27201	114	63137	63131	63335	6	204	6	93
27201	115	63140	63133	63337	7	204	5	93
27201	116	63139	63133	63338	6	205	5	93
27201	117	63138	63132	63335	6	203	5	93
27201	118	63140	63133	63339	7	206	5	93
27201	119	63139	63130	63336	9	206	7	93
27201	120	63139	63132	63339	7	207	7	93
27201	121	63141	63133	63340	8	207	6	93
27201	122	63139	63131	63338	8	207	7	93
27201	123	63140	63133	63338	7	205	5	93
27201	124	63139	63133	63339	6	206	6	93
27201	125	63139	63133	63337	6	204	6	93
27201	126	63141	63134	63338	7	204	5	93
27201	127	63139	63132	63336	7	204	6	93
27201	128	63135	63128	63332	7	204	6	93
27201	129	63142	63135	63339	7	204	5	93
27201	130	63139	63133	63337	6	204	6	93
27201	131	63140	63133	63338	7	205	5	93
27201	132	63141	63133	63340	8	207	6	93
27201	133	63139	63133	63336	6	203	5	93
27201	134	63140	63132	63339	8	207	7	93
27201	135	63141	63133	63339	8	206	5	93
27201	136	63139	63132	63339	7	207	7	93
27201	137	63143	63136	63341	7	205	6	93
27201	138	63140	63132	63338	8	206	5	93
27201	139	63138	63129	63336	9	207	8	93
27201	140	63138	63133	63336	5	203	5	93
27201	141	63140	63134	63340	6	206	6	93
27201	142	63141	63132	63339	9	207	6	93
27201	143	63142	63133	63340	9	207	6	93
27201	144	63140	63134	63339	6	205	5	93
27201	145	63139	63132	63339	7	207	7	93
27201	146	63140	63133	63338	7	205	6	93
27201	147	63139	63132	63338	7	206	6	93
27201	148	63140	63133	63337	7	204	6	93
27201	149	63142	63133	63339	9	206	5	93
27201	150	63136	63127	63335	9	208	7	93
27201	151	63139	63130	63335	9	205	7	93
27201	152	63142	63134	63340	8	206	5	93
27201	153	63140	63133	63337	7	204	6	93
27201	154	63140	63134	63340	6	206	6	93
27201	155	63142	63134	63341	8	207	6	93
27201	156	63140	63132	63337	8	205	6	93
27201	157	63138	63133	63336	5	203	5	93
27201	158	63137	63130	63337	7	207	5	93
27201	159	63141	63133	63337	8	204	6	93
27201	160	63141	63135	63339	6	204	5	93
27201	161	63140	63132	63338	8	206	6	93
27201	162	63140	63132	63338	8	206	7	93
27201	163	63261	63136	63459	125	323	7	94
27201	164	63135	63127	63333	8	206	6	93
27201	165	63140	63133	63340	7	207	7	93
27201	166	63141	63134	63338	7	204	5	93
27201	167	63140	63134	63339	6	205	5	93
27201	168	63140	63133	63340	7	207	7	93
27201	169	63141	63135	63339	6	204	5	93
27201	170	63138	63133	63337	5	204	6	93
27201	171	63136	63128	63334	8	206	6	93
27201	172	63142	63136	63340	6	204	5	93
27201	173	63139	63133	63337	6	204	6	93
27201	174	63142	63133	63341	9	208	6	93
27201	175	63139	63131	63336	8	205	6	93
27201	176	63133	63126	63332	7	206	6	93
27201	177	63142	63135	63341	7	206	7	93
27201	178	63140	63134	63338	6	204	6	93
27201	179	63139	63133	63339	6	206	6	93
27201	180	63143	63135	63341	8	206	5	93
27201	181	63139	63132	63338	7	206	6	93
27201	182	63134	63128	63332	6	204	5	93
27201	183	63143	63133	63341	10	208	6	93
27201	184	63139	63132	63338	7	206	6	93
27201	185	63139	63133	63337	6	204	6	93
27201	186	63141	63134	63341	7	207	6	93
27201	187	63139	63132	63339	7	207	7	93
27201	188	63138	63131	63336	7	205	5	93
27201	189	63140	63130	63338	10	208	6	93
27201	190	63140	63134	63338	6	204	6	93
27201	191	63141	63135	63339	6	204	5	93
27201	192	63140	63132	63336	8	204	6	93
27201	193	63140	63135	63338	5	203	5	93
27201	194	63142	63135	63339	7	204	5	93
27201	195	63136	63130	63336	6	206	5	94
27201	196	63139	63132	63338	7	206	6	93
27201	197	63141	63134	63338	7	204	5	93
27201	198	63140	63133	63338	7	205	5	93
27201	199	63140	63132	63338	8	206	6	93
27201	200	63142	63133	63340	9	207	6	93
27201	201	63141	63133	63339	8	206	6	93
27201	202	63140	63135	63338	5	203	5	93
27201	203	63136	63128	63334	8	206	5	93
27201	204	63140	63132	63338	8	206	6	93
27201	205	63140	63132	63338	8	206	6	93
27201	206	63141	63130	63337	11	207	6	93
27201	207	63140	63133	63339	7	206	6	93
27201	208	63141	63133	63340	8	207	6	93
27201	209	63139	63132	63338	7	206	6	93
27201	210	63140	63133	63338	7	205	7	93
27201	211	63137	63129	63335	8	206	7	93
27201	212	63140	63135	63338	5	203	5	93
27201	213	63139	63134	63338	5	204	6	93
27201	214	63142	63133	63343	9	210	7	93
27201	215	63139	63132	63338	7	206	6	93
27201	216	63140	63133	63337	7	204	6	93
27201	217	63142	63134	63340	8	206	5	93
27201	218	63135	63128	63334	7	206	6	93
27201	219	63140	63133	63337	7	204	6	93
27201	220	63142	63135	63340	7	205	6	93
27201	221	63140	63132	63339	8	207	7	93
27201	222	63134	63127	63332	7	205	7	93
27201	223	63140	63135	63338	5	203	5	93
27201	224	63140	63133	63339	7	206	6	93
27201	225	63143	63135	63341	8	206	5	93
27201	226	63135	63127	63331	8	204	6	93
27201	227	63140	63132	63339	8	207	7	93
27201	228	63142	63135	63341	7	206	5	93
27201	229	63140	63131	63339	9	208	6	93
27201	230	63134	63126	63331	8	205	6	93
27201	231	63143	63135	63342	8	207	6	93
27201	232	63139	63134	63337	5	203	5	93
27201	233	63140	63132	63337	8	205	6	93
27201	234	63135	63128	63333	7	205	6	93
27201	235	63140	63133	63340	7	207	7	93
27201	236	63141	63133	63340	8	207	6	93
27201	237	63143	63134	63341	9	207	6	93
27201	238	63136	63130	63334	6	204	6	93
27201	239	63139	63133	63337	6	204	6	93
27201	240	63141	63134	63341	7	207	7	93
27201	241	63173	63145	63371	28	226	9	104
27201	242	63141	63134	63339	7	205	6	93
27201	243	63134	63125	63330	9	205	7	93
27201	244	63139	63133	63337	6	204	6	93
27201	245	63142	63135	63339	7	204	5	93
27201	246	63140	63131	63338	9	207	6	93
27201	247	63139	63134	63337	5	203	5	93
27201	248	63137	63130	63335	7	205	6	93
27201	249	63140	63133	63337	7	204	6	93
27201	250	63142	63134	63341	8	207	6	93
27201	251	63143	63134	63340	9	206	5	93
27201	252	63134	63128	63331	6	203	5	93
27201	253	63141	63134	63338	7	204	5	93
27201	254	63141	63135	63339	6	204	5	93
27201	255	63141	63133	63338	8	205	6	93
27201	256	63137	63129	63336	8	207	6	93
27201	257	63139	63134	63337	5	203	5	93
27201	258	63140	63133	63336	7	203	5	93
27201	259	63142	63134	63340	8	206	6	93
27201	260	63140	63132	63342	8	210	7	94
27201	261	63133	63127	63332	6	205	7	93
27201	262	63143	63135	63341	8	206	5	93
27201	263	63141	63134	63340	7	206	6	93
27201	264	63139	63133	63337	6	204	6	93
27201	265	63141	63133	63340	8	207	6	93
27201	266	63139	63130	63334	9	204	6	93
27201	267	63141	63134	63339	7	205	5	93
27201	268	63143	63135	63343	8	208	5	93
27201	269	63139	63132	63337	7	205	6	93
27201	270	63135	63128	63334	7	206	6	93
27201	271	63142	63135	63339	7	204	5	93
27201	272	63140	63133	63338	7	205	6	93
27201	273	63142	63135	63339	7	204	5	93
27201	274	63140	63132	63338	8	206	6	93
27201	275	63135	63128	63334	7	206	6	93
27201	276	63141	63133	63341	8	208	7	93
27201	277	63140	63132	63337	8	205	7	93
27201	278	63140	63134	63338	6	204	6	93
27201	279	63143	63135	63341	8	206	5	93
27201	280	63139	63130	63338	9	208	7	93
27201	281	63137	63130	63336	7	206	6	93
27201	282	63143	63134	63341	9	207	6	93
27201	283	63140	63133	63337	7	204	6	93
27201	284	63141	63135	63340	6	205	5	93
27201	285	63137	63130	63334	7	204	5	93
27201	286	63141	63133	63338	8	205	7	93
27201	287	63140	63134	63340	6	206	6	93
27201	288	63141	63134	63339	7	205	6	93
27201	289	63134	63128	63332	6	204	6	93
27201	290	63142	63134	63339	8	205	6	93
27201	291	63140	63133	63339	7	206	6	93
27201	292	63141	63134	63338	7	204	6	93
27201	293	63136	63129	63335	7	206	5	93
27201	294	63140	63134	63337	6	203	5	93
27201	295	63140	63134	63337	6	203	5	93
27201	296	63141	63135	63339	6	204	5	93
27201	297	63134	63128	63333	6	205	5	93
27201	298	63140	63133	63338	7	205	6	93
27201	299	63141	63133	63341	8	208	7	93
27201	300	63141	63134	63340	7	206	6	93
27201	301	63134	63127	63334	7	207	7	93
27201	302	63143	63134	63341	9	207	6	93
27201	303	63140	63131	63339	9	208	7	93
27201	304	63140	63134	63340	6	206	6	93
27201	305	63141	63132	63338	9	206	8	93
27201	306	63133	63127	63332	6	205	5	93
27201	307	63145	63138	63343	7	205	6	93
27201	308	63139	63134	63337	5	203	5	93
27201	309	63139	63134	63337	5	203	5	93
27201	310	63136	63128	63334	8	206	5	93
27201	311	63140	63132	63338	8	206	6	93
27201	312	63140	63134	63339	6	205	5	93
27201	313	63141	63135	63339	6	204	5	93
27201	314	63141	63133	63338	8	205	6	93
27201	315	63134	63126	63333	8	207	7	93
27201	316	63142	63133	63338	9	205	6	93
27201	317	63141	63134	63339	7	205	5	93
27201	318	63139	63132	63337	7	205	7	93
27201	319	63142	63133	63340	9	207	6	93
27201	320	63136	63129	63334	7	205	5	93
27201	321	63141	63134	63338	7	204	6	93
27201	322	63141	63132	63340	9	208	7	93
27201	323	63141	63134	63337	7	203	5	93
27201	324	63137	63129	63334	8	205	6	93
27201	325	63140	63133	63338	7	205	6	93
27201	326	63140	63132	63342	8	210	6	94
27201	327	63142	63135	63340	7	205	6	93
27201	328	63140	63132	63338	8	206	6	93
27201	329	63134	63126	63330	8	204	6	93
27201	330	63142	63136	63340	6	204	5	93
27201	331	63140	63133	63337	7	204	6	93
27201	332	63141	63132	63339	9	207	7	93
27201	333	63143	63134	63341	9	207	6	93
27201	334	63134	63127	63332	7	205	5	93
27201	335	63140	63132	63338	8	206	6	93
27201	336	63143	63135	63340	8	205	6	93
27201	337	63139	63133	63337	6	204	6	93
27201	338	63140	63132	63342	8	210	6	93
27201	339	63135	63128	63333	7	205	5	93
27201	340	63141	63132	63339	9	207	6	93
27201	341	63141	63135	63340	6	205	6	93
27201	342	63140	63133	63337	7	204	6	93
27201	343	63140	63133	63337	7	204	6	93
27201	344	63140	63131	63339	9	208	6	93
27201	345	63139	63131	63337	8	206	7	93
27201	346	63139	63133	63337	6	204	6	93
27201	347	63141	63135	63340	6	205	6	93
27201	348	63140	63132	63339	8	207	7	93
27201	349	63140	63134	63339	6	205	5	93
27201	350	63135	63127	63334	8	207	6	93
27201	351	63139	63134	63337	5	203	5	93
27201	352	63140	63133	63337	7	204	6	93
27201	353	63142	63134	63341	8	207	6	93
27201	354	63139	63133	63336	6	203	5	93
27201	355	63142	63134	63341	8	207	6	93
27201	356	63139	63131	63335	8	204	6	93
27201	357	63139	63133	63338	6	205	5	93
27201	358	63142	63135	63339	7	204	5	93
27201	359	63140	63133	63342	7	209	6	94
27201	360	63139	63134	63337	5	203	5	93
27201	361	63142	63134	63341	8	207	6	93
27201	362	63133	63127	63330	6	203	5	93
27201	363	63141	63135	63339	6	204	6	93
27201	364	63143	63135	63341	8	206	5	93
27201	365	63140	63134	63339	6	205	5	93
27201	366	63139	63132	63338	7	206	6	93
27201	367	63142	63134	63341	8	207	6	93
27201	368	63140	63133	63337	7	204	6	93
27201	369	63140	63132	63338	8	206	6	93
27201	370	63141	63133	63338	8	205	6	93
27201	371	63135	63126	63333	9	207	6	93
27201	372	63142	63135	63342	7	207	6	93
27201	373	63139	63131	63336	8	205	6	93
27201	374	63140	63134	63337	6	203	5	93
27201	375	63141	63134	63338	7	204	5	93
27201	376	63140	63133	63337	7	204	6	93
27201	377	63139	63131	63338	8	207	6	93
27201	378	63141	63134	63339	7	205	6	93
27201	379	63133	63126	63332	7	206	6	93
27201	380	63139	63132	63338	7	206	6	93
27201	381	63141	63134	63337	7	203	5	93
27201	382	63140	63131	63338	9	207	6	93
27201	383	63140	63132	63337	8	205	6	93
27201	384	63142	63133	63340	9	207	6	93
27201	385	63140	63133	63339	7	206	6	93
27201	386	63139	63133	63336	6	203	5	93
27201	387	63135	63129	63333	6	204	5	93
27201	388	63139	63134	63337	5	203	5	93
27201	389	63142	63135	63342	7	207	6	93
27201	390	63258	63137	63457	121	320	7	94
27201	391	63139	63133	63339	6	206	6	93
27201	392	63141	63134	63339	7	205	6	93
27201	393	63139	63132	63338	7	206	6	93
27201	394	63139	63133	63336	6	203	5	93
27201	395	63135	63128	63334	7	206	5	93
27201	396	63138	63131	63336	7	205	6	93
27201	397	63139	63132	63339	7	207	5	93
27201	398	63141	63134	63339	7	205	6	93
27201	399	63140	63134	63337	6	203	5	93
27201	400	63139	63133	63337	6	204	6	93
27201	401	63142	63135	63339	7	204	5	93
27201	402	63140	63132	63338	8	206	6	93
27201	403	63140	63133	63341	7	208	6	93
27201	404	63140	63133	63339	7	206	6	93
27201	405	63136	63131	63335	5	204	6	93
27201	406	63139	63131	63336	8	205	5	93
27201	407	63139	63132	63336	7	204	6	93
27201	408	63140	63132	63339	8	207	6	93
27201	409	63142	63133	63339	9	206	7	93
27201	410	63139	63131	63338	8	207	7	93
27201	411	63139	63132	63336	7	204	6	93
27201	412	63205	63148	63404	57	256	13	111
27201	413	63139	63131	63336	8	205	6	93
27201	414	63139	63133	63338	6	205	5	93
27201	415	63141	63132	63338	9	206	7	93
27201	416	63137	63130	63335	7	205	6	93
27201	417	63137	63131	63336	6	205	5	93
27201	418	63140	63134	63338	6	204	5	93
27201	419	63138	63133	63336	5	203	5	93
27201	420	63143	63133	63341	10	208	7	93
27201	421	63138	63133	63336	5	203	5	93
27201	422	63138	63133	63336	5	203	5	93
27201	423	63141	63133	63340	8	207	6	93
27201	424	63139	63133	63338	6	205	5	93
27201	425	63141	63132	63337	9	205	6	93
27201	426	63141	63134	63339	7	205	6	93
27201	427	63137	63128	63335	9	207	6	93
27201	428	63137	63132	63336	5	204	6	93
27201	429	63141	63132	63339	9	207	6	93
27201	430	63139	63133	63338	6	205	5	93
27201	431	63139	63132	63338	7	206	6	93
27201	432	63141	63133	63339	8	206	7	93
27201	433	63139	63131	63337	8	206	6	93
27201	434	63139	63132	63338	7	206	6	93
27201	435	63141	63134	63338	7	204	5	93
27201	436	63140	63132	63338	8	206	6	93
27201	437	63142	63133	63339	9	206	6	93
27201	438	63134	63128	63333	6	205	5	93
27201	439	63140	63132	63339	8	207	6	93
27201	440	63141	63133	63341	8	208	7	93
27201	441	63139	63131	63340	8	209	7	93
27201	442	63140	63132	63338	8	206	6	93
27201	443	63141	63133	63338	8	205	6	93
27201	444	63139	63133	63338	6	205	5	93
27201	445	63140	63133	63339	7	206	6	93
27201	446	63141	63134	63338	7	204	5	93
27201	447	63140	63133	63339	7	206	6	93
27201	448	63137	63129	63336	8	207	6	93
27201	449	63139	63130	63336	9	206	6	93
27201	450	63139	63133	63336	6	203	5	93
27201	451	63139	63131	63338	8	207	7	93
27201	452	63139	63132	63338	7	206	7	93
27201	453	63138	63132	63337	6	205	7	93
27201	454	63141	63134	63340	7	206	5	93
27201	455	63139	63132	63339	7	207	7	93
27201	456	63139	63132	63338	7	206	7	93
27201	457	63141	63133	63338	8	205	6	93
27201	458	63134	63127	63330	7	203	5	93
27201	459	63140	63134	63337	6	203	5	93
27201	460	63141	63132	63340	9	208	6	93
27201	461	63140	63133	63338	7	205	5	93
27201	462	63139	63134	63337	5	203	5	93
27201	463	63142	63132	63338	10	206	6	93
27201	464	63140	63132	63339	8	207	7	93
27201	465	63140	63134	63340	6	206	6	93
27201	466	63140	63131	63337	9	206	6	93
27201	467	63136	63131	63334	5	203	5	93
27201	468	63142	63134	63341	8	207	6	93
27201	469	63140	63134	63339	6	205	5	93
27201	470	63139	63133	63338	6	205	5	93
27201	471	63142	63134	63342	8	208	7	93
27201	472	63139	63133	63337	6	204	6	93
27201	473	63140	63132	63336	8	204	6	93
27201	474	63139	63131	63337	8	206	5	93
27201	475	63139	63133	63337	6	204	6	93
27201	476	63139	63132	63336	7	204	6	93
27201	477	63145	63135	63344	10	209	7	93
27201	478	63140	63132	63336	8	204	6	93
27201	479	63140	63134	63338	6	204	6	93
27201	480	63141	63131	63338	10	207	6	93
27201	481	63140	63133	63338	7	205	6	93
27201	482	63134	63128	63334	6	206	6	93
27201	483	63140	63133	63339	7	206	5	93
27201	484	63139	63134	63337	5	203	5	93
27201	485	63142	63134	63339	8	205	6	93
27201	486	63140	63133	63338	7	205	5	93
27201	487	63139	63131	63336	8	205	6	93
27201	488	63141	63133	63339	8	206	7	93
27201	489	63140	63132	63339	8	207	6	93
27201	490	63134	63128	63331	6	203	5	93
27201	491	63143	63134	63341	9	207	7	93
27201	492	63140	63134	63339	6	205	5	93
27201	493	63140	63134	63338	6	204	5	93
27201	494	63142	63134	63341	8	207	6	93
27201	495	63139	63133	63337	6	204	6	93
27201	496	63139	63133	63337	6	204	6	93
27201	497	63135	63125	63333	10	208	6	93
27201	498	63139	63133	63337	6	204	6	93
27201	499	63140	63132	63338	8	206	6	93
27201	500	63141	63134	63339	7	205	5	93
27201	501	63140	63132	63339	8	207	6	93
27201	502	63141	63135	63340	6	205	6	93
27201	503	63141	63132	63337	9	205	6	93
27201	504	63133	63125	63331	8	206	6	93
27201	505	63142	63133	63341	9	208	7	93
27201	506	63140	63131	63338	9	207	7	93
27201	507	63141	63133	63338	8	205	6	93
27201	508	63141	63134	63339	7	205	6	93
27201	509	63139	63134	63337	5	203	5	93
27201	510	63141	63132	63339	9	207	7	93
27201	511	63136	63129	63333	7	204	5	93
27201	512	63139	63133	63337	6	204	6	93
27201	513	63139	63132	63338	7	206	7	93
27201	514	63142	63133	63338	9	205	6	93
27201	515	63140	63132	63338	8	206	6	93
27201	516	63140	63134	63339	6	205	5	93
27201	517	63139	63133	63337	6	204	5	93
27201	518	63133	63126	63330	7	204	6	93
27201	519	63142	63135	63340	7	205	6	93
27201	520	63140	63134	63339	6	205	5	93
27201	521	63140	63133	63337	7	204	6	93
27201	522	63142	63135	63341	7	206	5	93
27201	523	63140	63132	63339	8	207	7	93
27201	524	63141	63134	63338	7	204	6	93
27201	525	63135	63128	63334	7	206	5	93
27201	526	63140	63133	63339	7	206	6	93
27201	527	63140	63133	63336	7	203	5	93
27201	528	63142	63135	63341	7	206	5	93
27201	529	63141	63135	63339	6	204	6	93
27201	530	63139	63133	63338	6	205	5	93
27201	531	63141	63134	63338	7	204	5	93
27201	532	63140	63133	63336	7	203	5	93
27201	533	63137	63126	63333	11	207	6	93
27201	534	63140	63133	63337	7	204	6	93
27201	535	63140	63133	63339	7	206	6	93
27201	536	63141	63132	63339	9	207	6	93
27201	537	63140	63134	63340	6	206	6	93
27201	538	63140	63132	63337	8	205	6	93
27201	539	63142	63135	63342	7	207	6	93
27201	540	63140	63133	63338	7	205	7	93
27201	541	63138	63131	63335	7	204	6	93
27201	542	63139	63131	63336	8	205	6	93
27201	543	63140	63133	63339	7	206	6	93
27201	544	63139	63133	63338	6	205	5	93
27201	545	63141	63134	63340	7	206	5	93
27201	546	63140	63134	63337	6	203	5	93
27201	547	63140	63134	63339	6	205	5	93
27201	548	63141	63134	63340	7	206	5	93
27201	549	63139	63131	63335	8	204	6	93
27201	550	63138	63130	63337	8	207	6	93
27201	551	63137	63130	63335	7	205	7	93
27201	552	63140	63134	63337	6	203	5	93
27201	553	63141	63133	63340	8	207	6	93
27201	554	63139	63133	63338	6	205	5	93
27201	555	63139	63133	63336	6	203	5	93
27201	556	63142	63134	63341	8	207	6	93
27201	557	63140	63132	63336	8	204	6	93
27201	558	63140	63132	63338	8	206	6	93
27201	559	63138	63129	63336	9	207	7	93
27201	560	63138	63132	63337	6	205	6	93
27201	561	63140	63132	63336	8	204	6	93
27201	562	63141	63134	63340	7	206	5	93
27201	563	63140	63133	63336	7	203	5	93
27201	564	63140	63133	63337	7	204	6	93
27201	565	63141	63133	63338	8	205	6	93
27201	566	63139	63133	63337	6	204	6	93
27201	567	63141	63132	63339	9	207	7	93
27201	568	63135	63127	63332	8	205	6	93
27201	569	63139	63131	63335	8	204	6	93
27201	570	63142	63133	63340	9	207	6	93
27201	571	63141	63134	63339	7	205	5	93
27201	572	63139	63131	63338	8	207	6	93
27201	573	63142	63135	63339	7	204	5	93
27201	574	63140	63134	63339	6	205	5	93
27201	575	63140	63132	63338	8	206	6	93
27201	576	63141	63133	63340	8	207	6	93
27201	577	63136	63128	63334	8	206	6	93
27201	578	63140	63133	63338	7	205	5	93
27201	579	63142	63135	63339	7	204	5	93
27201	580	63139	63134	63337	5	203	5	93
27201	581	63140	63133	63339	7	206	6	93
27201	582	63142	63134	63340	8	206	5	93
27201	583	63139	63132	63337	7	205	6	93
27201	584	63139	63132	63338	7	206	6	93
27201	585	63133	63127	63331	6	204	6	93
27201	586	63139	63133	63337	6	204	6	93
27201	587	63142	63134	63340	8	206	5	93
27201	588	63140	63132	63338	8	206	6	93
27201	589	63140	63132	63336	8	204	6	93
27201	590	63142	63134	63341	8	207	6	93
27201	591	63139	63132	63339	7	207	7	93
27201	592	63139	63132	63336	7	204	6	93
27201	593	63142	63134	63339	8	205	6	93
27201	594	63139	63133	63338	6	205	5	93
27201	595	63136	63130	63335	6	205	5	93
27201	596	63139	63132	63336	7	204	5	93
27201	597	63138	63131	63335	7	204	6	93
27201	598	63139	63131	63336	8	205	6	93
27201	599	63141	63133	63339	8	206	6	93
27201	600	63139	63132	63337	7	205	6	93
27201	601	63140	63133	63337	7	204	6	93
27201	602	63140	63133	63337	7	204	6	93
27201	603	63140	63134	63337	6	203	5	93
27201	604	63141	63133	63341	8	208	7	93
27201	605	63138	63132	63336	6	204	6	93
27201	606	63139	63133	63338	6	205	5	93
27201	607	63136	63128	63333	8	205	6	93
27201	608	63140	63133	63338	7	205	5	93
27201	609	63140	63133	63338	7	205	5	93
27201	610	63141	63132	63337	9	205	6	93
27201	611	63139	63133	63337	6	204	6	93
27201	612	63139	63132	63338	7	206	6	93
27201	613	63142	63135	63340	7	205	6	93
27201	614	63139	63132	63337	7	205	7	93
27201	615	63139	63133	63336	6	203	5	93
27201	616	63375	63136	63569	239	433	9	95
27201	617	63139	63133	63337	6	204	6	93
27201	618	63142	63133	63341	9	208	7	93
27201	619	63135	63127	63334	8	207	7	93
27201	620	63140	63132	63340	8	208	8	93
27201	621	63142	63134	63341	8	207	6	93
27201	622	63140	63132	63338	8	206	6	93
27201	623	63140	63130	63338	10	208	6	93
27201	624	63141	63133	63338	8	205	6	93
27201	625	63140	63132	63338	8	206	6	93
27201	626	63139	63133	63338	6	205	5	93
27201	627	63141	63133	63338	8	205	7	93
27201	628	63139	63133	63338	6	205	5	93
27201	629	63138	63133	63336	5	203	5	93
27201	630	63141	63134	63339	7	205	6	93
27201	631	63139	63133	63336	6	203	5	93
27201	632	63139	63133	63338	6	205	5	93
27201	633	63137	63128	63336	9	208	6	93
27201	634	63139	63132	63338	7	206	6	93
27201	635	63141	63135	63340	6	205	6	93
27201	636	63140	63133	63338	7	205	7	93
27201	637	63139	63132	63339	7	207	7	93
27201	638	63141	63134	63340	7	206	5	93
27201	639	63140	63133	63337	7	204	6	93
27201	640	63140	63134	63341	6	207	6	93
27201	641	63141	63132	63340	9	208	7	93
27201	642	63139	63133	63336	6	203	5	93
27201	643	63138	63133	63336	5	203	5	93
27201	644	63141	63133	63340	8	207	6	93
27201	645	63134	63128	63334	6	206	6	93
27201	646	63139	63132	63337	7	205	6	93
27201	647	63146	63137	63344	9	207	6	93
27201	648	63140	63134	63337	6	203	5	93
27201	649	63139	63132	63337	7	205	5	93
27201	650	63139	63131	63338	8	207	6	93
27201	651	63139	63131	63335	8	204	6	93
27201	652	63141	63133	63339	8	206	6	93
27201	653	63140	63132	63336	8	204	6	93
27201	654	63139	63133	63338	6	205	5	93
27201	655	63137	63128	63334	9	206	6	93
27201	656	63138	63132	63335	6	203	5	93
27201	657	63139	63133	63338	6	205	7	93
27201	658	63142	63134	63339	8	205	6	93
27201	659	63139	63134	63338	5	204	6	93
27201	660	63139	63132	63338	7	206	6	93
27201	661	63142	63135	63342	7	207	6	93
27201	662	63139	63131	63338	8	207	7	93
27201	663	63140	63134	63340	6	206	6	93
27201	664	63142	63134	63339	8	205	6	93
27201	665	63133	63127	63331	6	204	6	93
27201	666	63140	63132	63338	8	206	6	93
27201	667	63140	63133	63339	7	206	6	93
27201	668	63140	63133	63338	7	205	5	93
27201	669	63141	63132	63340	9	208	7	93
27201	670	63138	63132	63335	6	203	5	93
27201	671	63139	63131	63337	8	206	6	93
27201	672	63142	63134	63340	8	206	5	93
27201	673	63139	63131	63336	8	205	6	93
27201	674	63139	63130	63336	9	206	6	93
27201	675	63140	63134	63338	6	204	5	93
27201	676	63139	63132	63338	7	206	6	93
27201	677	63139	63131	63338	8	207	6	93
27201	678	63140	63132	63335	8	203	6	93
27201	679	63135	63129	63333	6	204	6	93
27201	680	63137	63131	63335	6	204	6	93
27201	681	63141	63133	63340	8	207	5	93
27201	682	63140	63133	63338	7	205	6	93
27201	683	63139	63131	63336	8	205	6	93
27201	684	63140	63133	63337	7	204	6	93
27201	685	63139	63132	63338	7	206	6	93
27201	686	63142	63133	63341	9	208	7	93
27201	687	63139	63132	63337	7	205	6	93
27201	688	63139	63132	63338	7	206	6	93
27201	689	63142	63133	63340	9	207	6	93
27201	690	63138	63133	63337	5	204	6	93
27201	691	63139	63131	63337	8	206	6	93
27201	692	63140	63133	63338	7	205	6	93
27201	693	63138	63132	63337	6	205	7	93
27201	694	63137	63132	63335	5	203	5	93
27201	695	63138	63130	63336	8	206	5	93
27201	696	63139	63133	63336	6	203	5	93
27201	697	63139	63132	63337	7	205	7	93
27201	698	63141	63134	63338	7	204	5	93
27201	699	63139	63132	63338	7	206	6	93
27201	700	63139	63132	63338	7	206	6	93
27201	701	63139	63132	63338	7	206	7	93
27201	702	63139	63131	63337	8	206	6	93
27201	703	63144	63136	63343	8	207	6	93
27201	704	63140	63132	63336	8	204	6	93
27201	705	63139	63133	63336	6	203	5	93
27201	706	63141	63134	63340	7	206	5	93
27201	707	63139	63133	63336	6	203	5	93
27201	708	63137	63131	63336	6	205	5	93
27201	709	63138	63130	63336	8	206	6	93
27201	710	63140	63134	63337	6	203	5	93
27201	711	63139	63133	63338	6	205	7	93
27201	712	63141	63133	63340	8	207	6	93
27201	713	63139	63132	63338	7	206	6	93
27201	714	63138	63133	63336	5	203	5	93
27201	715	63142	63133	63340	9	207	6	93
27201	716	63139	63131	63336	8	205	7	93
27201	717	63139	63133	63337	6	204	6	93
27201	718	63139	63132	63338	7	206	6	93
27201	719	63139	63133	63338	6	205	5	93
27201	720	63141	63134	63340	7	206	5	93
27201	721	63135	63128	63332	7	204	6	93
27201	722	63138	63130	63337	8	207	7	93
27201	723	63141	63132	63339	9	207	7	93
27201	724	63139	63132	63339	7	207	7	93
27201	725	63140	63132	63337	8	205	6	93
27201	726	63141	63132	63340	9	208	7	93
27201	727	63140	63132	63336	8	204	6	93
27201	728	63139	63132	63338	7	206	6	93
27201	729	63142	63134	63341	8	207	6	93
27201	730	63139	63133	63338	6	205	5	93
27201	731	63140	63132	63337	8	205	6	93
27201	732	63141	63134	63338	7	204	5	93
27201	733	63139	63131	63338	8	207	7	93
27201	734	63134	63128	63334	6	206	6	93
27201	735	63139	63132	63336	7	204	6	93
27201	736	63140	63134	63339	6	205	5	93
27201	737	63141	63134	63338	7	204	5	93
27201	738	63139	63133	63338	6	205	5	93
27201	739	63139	63131	63338	8	207	6	93
27201	740	63141	63133	63340	8	207	6	93
27201	741	63139	63134	63337	5	203	5	93
27201	742	63140	63131	63338	9	207	6	93
27201	743	63141	63133	63339	8	206	5	93
27201	744	63139	63132	63336	7	204	6	93
27201	745	63139	63132	63338	7	206	6	93
27201	746	63140	63131	63337	9	206	7	93
27201	747	63136	63129	63333	7	204	6	93
27201	748	63140	63132	63340	8	208	7	93
27201	749	63141	63134	63340	7	206	5	93
27201	750	63139	63132	63338	7	206	6	93
27201	751	63139	63134	63337	5	203	5	93
27201	752	63139	63132	63338	7	206	6	93
27201	753	63140	63134	63340	6	206	6	93
27201	754	63141	63132	63339	9	207	6	93
27201	755	63140	63133	63337	7	204	6	93
27201	756	63139	63132	63336	7	204	6	93
27201	757	63142	63134	63338	8	204	5	93
27201	758	63136	63129	63333	7	204	6	93
27201	759	63137	63129	63334	8	205	6	93
27201	760	63142	63132	63338	10	206	6	93
27201	761	63138	63133	63336	5	203	5	93
27201	762	63139	63131	63338	8	207	6	93
27201	763	63140	63133	63339	7	206	5	93
27201	764	63139	63132	63336	7	204	6	93
27201	765	63140	63134	63337	6	203	5	93
27201	766	63141	63133	63339	8	206	5	93
27201	767	63138	63133	63336	5	203	5	93
27201	768	63139	63132	63337	7	205	5	93
27201	769	63138	63132	63337	6	205	7	93
27201	770	63138	63132	63336	6	204	6	93
27201	771	63136	63129	63334	7	205	6	93
27201	772	63139	63133	63338	6	205	5	93
27201	773	63139	63132	63336	7	204	6	93
27201	774	63141	63133	63338	8	205	6	93
27201	775	63139	63132	63338	7	206	6	93
27201	776	63140	63132	63338	8	206	6	93
27201	777	63140	63134	63338	6	204	5	93
27201	778	63139	63130	63337	9	207	7	93
27201	779	63139	63134	63337	5	203	5	93
27201	780	63141	63134	63338	7	204	5	93
27201	781	63139	63133	63338	6	205	7	93
27201	782	63140	63133	63338	7	205	5	93
27201	783	63141	63132	63340	9	208	6	93
27201	784	63134	63127	63333	7	206	6	93
27201	785	63139	63133	63336	6	203	5	93
27201	786	63139	63131	63339	8	208	7	93
27201	787	63140	63134	63337	6	203	5	93
27201	788	63141	63133	63340	8	207	6	93
27201	789	63140	63132	63338	8	206	6	93
27201	790	63139	63132	63338	7	206	6	93
27201	791	63141	63134	63338	7	204	5	93
27201	792	63139	63132	63336	7	204	6	93
27201	793	63139	63133	63338	6	205	5	93
27201	794	63141	63132	63340	9	208	6	93
27201	795	63140	63133	63339	7	206	6	93
27201	796	63139	63132	63338	7	206	6	93
27201	797	63136	63128	63333	8	205	6	93
27201	798	63139	63133	63338	6	205	5	93
27201	799	63138	63133	63336	5	203	5	93
27201	800	63141	63133	63340	8	207	6	93
27201	801	63139	63133	63338	6	205	5	93
27201	802	63139	63131	63338	8	207	6	93
27201	803	63141	63134	63339	7	205	6	93
27201	804	63139	63132	63338	7	206	6	93
27201	805	63141	63132	63339	9	207	6	93
27201	806	63139	63133	63336	6	203	5	93
27201	807	63139	63132	63338	7	206	6	93
27201	808	63141	63134	63338	7	204	5	93
27201	809	63134	63128	63331	6	203	5	93
27201	810	63138	63132	63337	6	205	5	93
27201	811	63141	63132	63340	9	208	7	93
27201	812	63139	63132	63336	7	204	6	93
27201	813	63139	63133	63337	6	204	6	93
27201	814	63140	63133	63338	7	205	6	93
27201	815	63139	63132	63335	7	203	5	93
27201	816	63140	63132	63339	8	207	6	93
27201	817	63145	63134	63344	11	210	7	93
27201	818	63139	63133	63338	6	205	7	93
27201	819	63139	63131	63337	8	206	6	93
27201	820	63137	63130	63334	7	204	6	93
27201	821	63136	63130	63334	6	204	5	93
27201	822	63141	63130	63340	11	210	7	93
27201	823	63138	63133	63336	5	203	5	93
27201	824	63139	63134	63337	5	203	5	93
27201	825	63141	63134	63340	7	206	5	93
27201	826	63139	63132	63335	7	203	5	93
27201	827	63140	63133	63339	7	206	6	93
27201	828	63141	63133	63340	8	207	6	93
27201	829	63139	63134	63337	5	203	5	93
27201	830	63139	63132	63335	7	203	5	93
27201	831	63139	63131	63337	8	206	6	93
27201	832	63135	63130	63334	5	204	6	93
27201	833	63140	63133	63339	7	206	6	93
27201	834	63141	63133	63339	8	206	6	93
27201	835	63139	63133	63338	6	205	6	93
27201	836	63139	63132	63338	7	206	6	93
27201	837	63142	63134	63338	8	204	5	93
27201	838	63139	63130	63338	9	208	7	93
27201	839	63140	63133	63338	7	205	6	93
27201	840	63139	63133	63337	6	204	6	93
27201	841	63138	63133	63336	5	203	5	93
27201	842	63141	63132	63337	9	205	6	93
27201	843	63252	63130	63449	122	319	7	94
27201	844	63139	63131	63337	8	206	6	93
27201	845	63142	63133	63340	9	207	6	93
27201	846	63139	63133	63336	6	203	5	93
27201	847	63139	63132	63337	7	205	6	93
27201	848	63142	63133	63340	9	207	6	93
27201	849	63139	63131	63337	8	206	6	93
27201	850	63141	63134	63338	7	204	6	93
27201	851	63141	63135	63339	6	204	5	93
27201	852	63140	63133	63339	7	206	6	93
27201	853	63134	63127	63331	7	204	6	93
27201	854	63140	63133	63337	7	204	6	93
27201	855	63139	63132	63338	7	206	6	93
27201	856	63141	63134	63338	7	204	5	93
27201	857	63138	63131	63335	7	204	6	93
27201	858	63140	63132	63338	8	206	6	93
27201	859	63142	63132	63336	10	204	6	93
27201	860	63139	63133	63339	6	206	6	93
27201	861	63139	63133	63338	6	205	5	93
27201	862	63142	63134	63340	8	206	5	93
27201	863	63134	63127	63333	7	206	6	93
27201	864	63140	63132	63339	8	207	6	93
27201	865	63142	63133	63340	9	207	6	93
27201	866	63139	63133	63338	6	205	5	93
27201	867	63140	63133	63340	7	207	7	93
27201	868	63139	63132	63336	7	204	6	93
27201	869	63139	63134	63337	5	203	5	93
27201	870	63140	63133	63338	7	205	6	93
27201	871	63139	63132	63337	7	205	6	93
27201	872	63140	63131	63338	9	207	6	93
27201	873	63136	63129	63334	7	205	6	93
27201	874	63139	63132	63338	7	206	6	93
27201	875	63139	63132	63335	7	203	5	93
27201	876	63142	63135	63339	7	204	5	93
27201	877	63140	63134	63339	6	205	5	93
27201	878	63140	63133	63339	7	206	6	93
27201	879	63141	63133	63339	8	206	6	93
27201	880	63139	63132	63336	7	204	6	93
27201	881	63139	63132	63338	7	206	6	93
27201	882	63141	63132	63340	9	208	7	93
27201	883	63136	63127	63334	9	207	6	93
27201	884	63138	63132	63336	6	204	6	93
27201	885	63139	63132	63339	7	207	6	93
27201	886	63140	63132	63338	8	206	6	93
27201	887	63141	63133	63339	8	206	5	93
27201	888	63139	63132	63338	7	206	6	93
27201	889	63140	63132	63337	8	205	6	93
27201	890	63141	63133	63337	8	204	5	93
27201	891	63139	63131	63336	8	205	6	93
27201	892	63140	63133	63340	7	207	7	93
27201	893	63136	63129	63335	7	206	5	93
27201	894	63140	63134	63337	6	203	5	93
27201	895	63140	63133	63338	7	205	7	93
27201	896	63141	63134	63341	7	207	6	93
27201	897	63139	63133	63338	6	205	5	93
27201	898	63140	63130	63336	10	206	6	93
27201	899	63141	63133	63339	8	206	5	93
27201	900	63139	63132	63338	7	206	6	93
27201	901	63139	63133	63336	6	203	5	93
27201	902	63139	63132	63337	7	205	6	93
27201	903	63139	63132	63338	7	206	6	93
27201	904	63139	63132	63339	7	207	6	93
27201	905	63136	63127	63333	9	206	6	93
27201	906	63139	63133	63336	6	203	5	93
27201	907	63141	63133	63341	8	208	7	93
27201	908	63140	63133	63339	7	206	6	93
27201	909	63139	63131	63336	8	205	6	93
27201	910	63142	63134	63339	8	205	6	93
27201	911	63140	63131	63337	9	206	6	93
27201	912	63140	63132	63338	8	206	6	93
27201	913	63141	63133	63339	8	206	5	93
27201	914	63139	63133	63336	6	203	5	93
27201	915	63139	63132	63338	7	206	6	93
27201	916	63142	63133	63339	9	206	6	93
27201	917	63137	63130	63336	7	206	6	93
27201	918	63137	63130	63336	7	206	6	93
27201	919	63139	63133	63339	6	206	6	93
27201	920	63139	63133	63336	6	203	5	93
27201	921	63141	63132	63339	9	207	6	93
27201	922	63139	63132	63337	7	205	7	93
27201	923	63139	63132	63338	7	206	6	93
27201	924	63140	63134	63338	6	204	5	93
27201	925	63139	63133	63338	6	205	5	93
27201	926	63140	63133	63340	7	207	7	93
27201	927	63142	63134	63340	8	206	5	93
27201	928	63139	63131	63338	8	207	6	93
27201	929	63139	63132	63340	7	208	6	93
27201	930	63142	63134	63341	8	207	6	93
27201	931	63136	63128	63334	8	206	6	93
27201	932	63139	63132	63337	7	205	6	93
27201	933	63141	63133	63340	8	207	6	93
27201	934	63140	63133	63340	7	207	7	93
27201	935	63140	63133	63340	7	207	6	93
27201	936	63139	63132	63339	7	207	6	93
27201	937	63139	63133	63337	6	204	6	93
27201	938	63141	63132	63339	9	207	7	93
27201	939	63140	63134	63337	6	203	5	93
27201	940	63139	63132	63336	7	204	6	93
27201	941	63140	63133	63338	7	205	6	93
27201	942	63138	63132	63336	6	204	6	93
27201	943	63139	63133	63338	6	205	5	93
27201	944	63140	63132	63340	8	208	7	93
27201	945	63138	63130	63336	8	206	6	93
27201	946	63138	63129	63337	9	208	6	93
27201	947	63140	63133	63339	7	206	7	93
27201	948	63138	63132	63338	6	206	6	93
27201	949	63138	63130	63338	8	208	7	93
27201	950	63141	63133	63338	8	205	6	93
27201	951	63138	63132	63335	6	203	5	93
27201	952	63138	63132	63335	6	203	5	93
27201	953	63141	63133	63337	8	204	5	93
27201	954	63138	63132	63336	6	204	6	93
27201	955	63141	63133	63338	8	205	6	93
27201	956	63138	63131	63336	7	205	7	93
27201	957	63138	63132	63338	6	206	6	93
27201	958	63141	63133	63340	8	207	6	93
27201	959	63138	63132	63337	6	205	5	93
27201	960	63139	63133	63338	6	205	5	93
27201	961	63141	63132	63339	9	207	6	93
27201	962	63138	63133	63336	5	203	5	93
27201	963	63138	63132	63336	6	204	6	93
27201	964	63140	63132	63338	8	206	7	93
27201	965	63140	63132	63335	8	203	5	93
27201	966	63140	63131	63337	9	206	6	93
27201	967	63141	63134	63338	7	204	5	93
27201	968	63140	63133	63339	7	206	6	93
27201	969	63140	63132	63338	8	206	6	93
27201	970	63142	63134	63341	8	207	6	93
27201	971	63138	63129	63337	9	208	6	93
27201	972	63140	63131	63337	9	206	6	93
27201	973	63139	63131	63336	8	205	6	93
27201	974	63138	63132	63336	6	204	6	93
27201	975	63142	63135	63341	7	206	5	93
27201	976	63143	63137	63342	6	205	5	93
27201	977	63139	63131	63337	8	206	6	93
27201	978	63139	63130	63339	9	209	7	93
27201	979	63137	63131	63336	6	205	5	93
27201	980	63138	63132	63335	6	203	5	93
27201	981	63140	63131	63337	9	206	6	93
27201	982	63138	63132	63336	6	204	6	93
27201	983	63137	63132	63335	5	203	5	93
27201	984	63140	63132	63339	8	207	6	93
27201	985	63138	63131	63336	7	205	6	93
27201	986	63138	63131	63334	7	203	5	93
27201	987	63142	63136	63340	6	204	5	93
27201	988	63138	63130	63336	8	206	6	93
27201	989	63138	63131	63339	7	208	6	93
27201	990	63139	63133	63338	6	205	5	93
27201	991	63142	63134	63339	8	205	6	93
27201	992	63143	63136	63341	7	205	6	93
27201	993	63138	63132	63335	6	203	5	93
27201	994	63137	63129	63334	8	205	6	93
27201	995	63140	63132	63339	8	207	6	93
27201	996	63138	63131	63336	7	205	5	93
27201	997	63138	63130	63336	8	206	6	93
27201	998	63140	63130	63338	10	208	6	93
27201	999	63138	63132	63337	6	205	5	93
27201	1000	63137	63130	63336	7	206	6	93
