RUNID	ITERNUM	METIME	PRTIME	TPRTIME	DIFF	TDIFF	NRPROCS	NPROCS
27241	1	79926	79917	80123	9	206	7	93
27241	2	79932	79924	80129	8	205	6	93
27241	3	79926	79918	80122	8	204	5	93
27241	4	79926	79917	80123	9	206	7	93
27241	5	79926	79916	80124	10	208	6	93
27241	6	79928	79917	80125	11	208	7	93
27241	7	79932	79924	80130	8	206	7	93
27241	8	79926	79918	80124	8	206	5	93
27241	9	79926	79917	80122	9	205	6	93
27241	10	79926	79916	80122	10	206	6	93
27241	11	79927	79918	80124	9	206	7	93
27241	12	79933	79923	80130	10	207	7	93
27241	13	79926	79917	80126	9	209	7	93
27241	14	79926	79915	80125	11	210	7	93
27241	15	79926	79917	80124	9	207	5	93
27241	16	79925	79917	80122	8	205	6	93
27241	17	79932	79924	80130	8	206	7	93
27241	18	79927	79916	80124	11	208	6	93
27241	19	79927	79915	80123	12	208	6	93
27241	20	79926	79919	80123	7	204	5	93
27241	21	79927	79916	80123	11	207	6	93
27241	22	79929	79917	80126	12	209	7	93
27241	23	79931	79921	80131	10	210	7	93
27241	24	79925	79916	80123	9	207	6	93
27241	25	79925	79918	80122	7	204	5	93
27241	26	79932	79921	80129	11	208	7	93
27241	27	79927	79917	80124	10	207	7	93
27241	28	79925	79916	80124	9	208	7	93
27241	29	79926	79916	80123	10	207	6	93
27241	30	79932	79923	80132	9	209	6	94
27241	31	79927	79917	80126	10	209	8	93
27241	32	79926	79917	80121	9	204	5	93
27241	33	79925	79917	80122	8	205	6	93
27241	34	79930	79923	80127	7	204	5	93
27241	35	79928	79918	80125	10	207	7	93
27241	36	79926	79917	80122	9	205	6	93
27241	37	79925	79916	80122	9	206	6	93
27241	38	79925	79915	80123	10	208	7	93
27241	39	79932	79923	80129	9	206	7	93
27241	40	79927	79915	80124	12	209	6	93
27241	41	79926	79916	80122	10	206	6	93
27241	42	79928	79918	80125	10	207	7	93
27241	43	79932	79923	80128	9	205	6	93
27241	44	79927	79917	80124	10	207	6	93
27241	45	79926	79918	80122	8	204	5	93
27241	46	79926	79916	80124	10	208	6	93
27241	47	79930	79918	80128	12	210	7	93
27241	48	79931	79921	80127	10	206	7	93
27241	49	79926	79916	80121	10	205	6	93
27241	50	79927	79919	80125	8	206	7	93
27241	51	79925	79915	80123	10	208	6	93
27241	52	79932	79923	80130	9	207	6	93
27241	53	79925	79916	80122	9	206	7	93
27241	54	79926	79916	80122	10	206	6	93
27241	55	79925	79915	80123	10	208	6	93
27241	56	79926	79918	80123	8	205	6	93
27241	57	79933	79924	80131	9	207	6	93
27241	58	79926	79917	80122	9	205	6	93
27241	59	79927	79916	80125	11	209	7	93
27241	60	79926	79916	80122	10	206	6	93
27241	61	79931	79921	80130	10	209	7	93
27241	62	79933	79924	80129	9	205	6	93
27241	63	79928	79917	80124	11	207	6	93
27241	64	79926	79917	80122	9	205	6	93
27241	65	79926	79919	80123	7	204	5	93
27241	66	79926	79919	80123	7	204	5	93
27241	67	79926	79916	80123	10	207	6	93
27241	68	79931	79923	80130	8	207	6	93
27241	69	79930	79921	80126	9	205	6	93
27241	70	79926	79916	80122	10	206	6	93
27241	71	79927	79917	80124	10	207	6	93
27241	72	79926	79917	80124	9	207	6	93
27241	73	79927	79918	80123	9	205	6	93
27241	74	79931	79920	80130	11	210	6	93
27241	75	79931	79921	80128	10	207	6	93
27241	76	79926	79915	80125	11	210	7	93
27241	77	79927	79918	80124	9	206	5	93
27241	78	79926	79916	80124	10	208	6	93
27241	79	79926	79919	80123	7	204	5	93
27241	80	79927	79919	80124	8	205	6	93
27241	81	79933	79924	80130	9	206	7	93
27241	82	79926	79919	80124	7	205	6	93
27241	83	79926	79917	80124	9	207	6	93
27241	84	79926	79918	80123	8	205	6	93
27241	85	79927	79916	80124	11	208	6	93
27241	86	79928	79918	80123	10	205	6	93
27241	87	79937	79927	80133	10	206	6	93
27241	88	79927	79919	80125	8	206	5	93
27241	89	79927	79919	80123	8	204	5	93
27241	90	79927	79916	80123	11	207	6	93
27241	91	79927	79918	80125	9	207	6	93
27241	92	79926	79916	80123	10	207	6	93
27241	93	79927	79917	80124	10	207	7	93
27241	94	79927	79919	80125	8	206	5	94
27241	95	79934	79925	80131	9	206	5	93
27241	96	79927	79918	80123	9	205	6	93
27241	97	79926	79918	80123	8	205	6	93
27241	98	79928	79918	80123	10	205	6	93
27241	99	79927	79919	80124	8	205	6	93
27241	100	79927	79918	80124	9	206	6	93
27241	101	79928	79919	80124	9	205	6	93
27241	102	79927	79919	80125	8	206	7	93
27241	103	79927	79918	80123	9	205	6	93
27241	104	79927	79920	80124	7	204	5	93
27241	105	79927	79919	80125	8	206	5	93
27241	106	79933	79922	80132	11	210	7	93
27241	107	79931	79920	80129	11	209	7	93
27241	108	79928	79919	80127	9	208	7	93
27241	109	79927	79918	80124	9	206	6	93
27241	110	79927	79919	80125	8	206	5	93
27241	111	79927	79918	80124	9	206	6	93
27241	112	79927	79918	80124	9	206	6	93
27241	113	79927	79919	80124	8	205	6	93
27241	114	79927	79918	80124	9	206	7	93
27241	115	79927	79919	80125	8	206	5	93
27241	116	79927	79919	80123	8	204	5	93
27241	117	79927	79918	80125	9	207	6	93
27241	118	79929	79920	80125	9	205	6	93
27241	119	79933	79923	80130	10	207	7	93
27241	120	79927	79919	80123	8	204	5	93
27241	121	79927	79919	80126	8	207	6	93
27241	122	79927	79917	80124	10	207	6	93
27241	123	79927	79919	80123	8	204	5	93
27241	124	79928	79918	80125	10	207	7	93
27241	125	79928	79921	80125	7	204	5	93
27241	126	79928	79920	80124	8	204	5	93
27241	127	79929	79918	80126	11	208	6	93
27241	128	79928	79919	80127	9	208	5	93
27241	129	79929	79922	80126	7	204	5	93
27241	130	79928	79919	80123	9	204	5	93
27241	131	79929	79919	80125	10	206	7	93
27241	132	79928	79919	80126	9	207	5	93
27241	133	79928	79920	80124	8	204	5	93
27241	134	79927	79920	80124	7	204	5	93
27241	135	79928	79918	80124	10	206	7	93
27241	136	79928	79918	80125	10	207	6	93
27241	137	79928	79920	80124	8	204	5	93
27241	138	79927	79919	80123	8	204	5	93
27241	139	79928	79919	80124	9	205	6	93
27241	140	79928	79919	80124	9	205	6	93
27241	141	79928	79918	80126	10	208	6	93
27241	142	79928	79918	80124	10	206	5	93
27241	143	79928	79919	80127	9	208	7	93
27241	144	79928	79919	80125	9	206	5	93
27241	145	79930	79922	80126	8	204	5	93
27241	146	79928	79918	80126	10	208	7	93
27241	147	79928	79920	80125	8	205	6	93
27241	148	79927	79919	80124	8	205	6	93
27241	149	79928	79919	80124	9	205	6	93
27241	150	79928	79919	80124	9	205	6	93
27241	151	79929	79918	80128	11	210	6	93
27241	152	80048	79921	80244	127	323	7	94
27241	153	79928	79919	80125	9	206	5	93
27241	154	79925	79918	80122	7	204	5	93
27241	155	79928	79918	80126	10	208	6	93
27241	156	79928	79920	80126	8	206	5	93
27241	157	79928	79919	80125	9	206	7	93
27241	158	79928	79919	80125	9	206	7	93
27241	159	79928	79919	80126	9	207	6	93
27241	160	79928	79920	80124	8	204	5	93
27241	161	79928	79917	80126	11	209	6	93
27241	162	79928	79920	80124	8	204	5	93
27241	163	79928	79920	80127	8	207	6	93
27241	164	79928	79920	80125	8	205	6	93
27241	165	79929	79920	80126	9	206	5	93
27241	166	79928	79919	80125	9	206	5	93
27241	167	79926	79918	80122	8	204	5	93
27241	168	79925	79918	80122	7	204	5	93
27241	169	79928	79917	80126	11	209	7	93
27241	170	79928	79918	80123	10	205	6	93
27241	171	79928	79920	80126	8	206	5	93
27241	172	79929	79920	80125	9	205	6	93
27241	173	79928	79919	80123	9	204	5	93
27241	174	79928	79920	80127	8	207	6	93
27241	175	79928	79919	80124	9	205	6	93
27241	176	79932	79923	80128	9	205	6	93
27241	177	79929	79919	80127	10	208	7	93
27241	178	79928	79917	80125	11	208	6	93
27241	179	79931	79920	80128	11	208	9	93
27241	180	79930	79919	80126	11	207	7	93
27241	181	79928	79919	80127	9	208	5	93
27241	182	79928	79918	80124	10	206	6	93
27241	183	79928	79919	80125	9	206	7	93
27241	184	79928	79917	80126	11	209	6	93
27241	185	79928	79917	80124	11	207	6	93
27241	186	79928	79917	80125	11	208	6	93
27241	187	79925	79917	80121	8	204	5	93
27241	188	79927	79918	80125	9	207	6	93
27241	189	79928	79919	80126	9	207	6	93
27241	190	79930	79920	80125	10	205	6	93
27241	191	79930	79920	80127	10	207	6	93
27241	192	79931	79920	80127	11	207	6	93
27241	193	79930	79919	80125	11	206	6	93
27241	194	79931	79921	80126	10	205	6	93
27241	195	79929	79919	80126	10	207	6	93
27241	196	79929	79921	80127	8	206	5	93
27241	197	79928	79918	80127	10	209	7	93
27241	198	79927	79918	80124	9	206	6	93
27241	199	79927	79919	80124	8	205	6	93
27241	200	79928	79916	80126	12	210	7	93
27241	201	79927	79919	80124	8	205	6	93
27241	202	79928	79918	80128	10	210	7	93
27241	203	79928	79918	80125	10	207	6	93
27241	204	79928	79920	80124	8	204	5	93
27241	205	79928	79915	80123	13	208	6	93
27241	206	79927	79919	80123	8	204	5	93
27241	207	79927	79918	80124	9	206	7	93
27241	208	79927	79919	80124	8	205	6	93
27241	209	79928	79918	80125	10	207	6	93
27241	210	79930	79920	80127	10	207	6	93
27241	211	79927	79919	80124	8	205	6	93
27241	212	79926	79919	80123	7	204	5	93
27241	213	79928	79918	80125	10	207	6	93
27241	214	79927	79919	80125	8	206	5	93
27241	215	79926	79918	80123	8	205	6	93
27241	216	79927	79918	80126	9	208	7	93
27241	217	79927	79919	80123	8	204	5	93
27241	218	79927	79918	80123	9	205	6	93
27241	219	79928	79919	80125	9	206	5	93
27241	220	79928	79918	80124	10	206	6	93
27241	221	79932	79922	80127	10	205	6	93
27241	222	79927	79917	80123	10	206	6	93
27241	223	79927	79918	80124	9	206	6	93
27241	224	79931	79923	80132	8	209	6	94
27241	225	79933	79923	80128	10	205	6	93
27241	226	79928	79917	80125	11	208	6	93
27241	227	79927	79919	80124	8	205	6	93
27241	228	79928	79918	80124	10	206	6	93
27241	229	79927	79917	80124	10	207	6	93
27241	230	79927	79919	80123	8	204	5	93
27241	231	79927	79917	80125	10	208	7	93
27241	232	79928	79918	80125	10	207	6	93
27241	233	79927	79918	80125	9	207	7	93
27241	234	79927	79918	80125	9	207	6	93
27241	235	79927	79918	80123	9	205	6	93
27241	236	79928	79921	80125	7	204	5	93
27241	237	79927	79915	80125	12	210	7	93
27241	238	79928	79918	80124	10	206	6	93
27241	239	79927	79917	80124	10	207	6	93
27241	240	79932	79922	80128	10	206	6	93
27241	241	79926	79917	80125	9	208	5	93
27241	242	79926	79914	80124	12	210	7	93
27241	243	79926	79917	80124	9	207	6	93
27241	244	79925	79917	80122	8	205	6	93
27241	245	79933	79926	80130	7	204	5	93
27241	246	79926	79916	80124	10	208	6	93
27241	247	79926	79917	80123	9	206	6	93
27241	248	79927	79918	80122	9	204	5	93
27241	249	79926	79917	80122	9	205	6	93
27241	250	79932	79925	80129	7	204	5	93
27241	251	79927	79918	80124	9	206	5	93
27241	252	79926	79918	80124	8	206	5	93
27241	253	79927	79918	80122	9	204	5	93
27241	254	79926	79917	80122	9	205	6	93
27241	255	79930	79922	80126	8	204	5	93
27241	256	79930	79921	80128	9	207	6	93
27241	257	79927	79919	80123	8	204	5	93
27241	258	79926	79917	80124	9	207	6	93
27241	259	79925	79916	80122	9	206	6	93
27241	260	79927	79918	80125	9	207	6	93
27241	261	79932	79922	80128	10	206	6	93
27241	262	79926	79916	80124	10	208	6	93
27241	263	79926	79918	80124	8	206	5	93
27241	264	79926	79917	80124	9	207	7	93
27241	265	79925	79916	80122	9	206	6	93
27241	266	79936	79928	80133	8	205	5	93
27241	267	79925	79917	80122	8	205	6	93
27241	268	79925	79916	80123	9	207	6	93
27241	269	79926	79918	80124	8	206	5	93
27241	270	79927	79916	80124	11	208	6	93
27241	271	79928	79918	80124	10	206	6	93
27241	272	79933	79921	80128	12	207	6	93
27241	273	79926	79916	80124	10	208	6	93
27241	274	79927	79917	80124	10	207	6	93
27241	275	79926	79915	80125	11	210	7	93
27241	276	79927	79916	80126	11	210	6	93
27241	277	79927	79917	80124	10	207	6	93
27241	278	79933	79922	80131	11	209	6	93
27241	279	79926	79918	80123	8	205	6	93
27241	280	79926	79919	80124	7	205	6	93
27241	281	79927	79918	80124	9	206	5	93
27241	282	79927	79917	80123	10	206	6	93
27241	283	79927	79918	80127	9	209	6	93
27241	284	79927	79918	80125	9	207	6	93
27241	285	79933	79924	80131	9	207	6	93
27241	286	79926	79918	80123	8	205	6	93
27241	287	79926	79918	80123	8	205	6	93
27241	288	79927	79917	80125	10	208	6	93
27241	289	79928	79918	80127	10	209	6	94
27241	290	79927	79917	80124	10	207	7	93
27241	291	79926	79919	80123	7	204	5	93
27241	292	79927	79918	80123	9	205	6	93
27241	293	79927	79917	80125	10	208	7	93
27241	294	79933	79925	80130	8	205	6	93
27241	295	79928	79918	80125	10	207	6	93
27241	296	79927	79919	80123	8	204	5	93
27241	297	79927	79917	80127	10	210	7	93
27241	298	79927	79919	80125	8	206	5	93
27241	299	79926	79918	80123	8	205	6	93
27241	300	79928	79917	80123	11	206	6	93
27241	301	79927	79919	80123	8	204	5	93
27241	302	79927	79918	80126	9	208	7	93
27241	303	79932	79923	80128	9	205	6	93
27241	304	79929	79920	80126	9	206	6	93
27241	305	79927	79917	80125	10	208	6	93
27241	306	79927	79918	80126	9	208	5	93
27241	307	79927	79918	80123	9	205	6	93
27241	308	79929	79920	80127	9	207	6	93
27241	309	79927	79918	80123	9	205	6	93
27241	310	79927	79917	80123	10	206	6	93
27241	311	79930	79921	80129	9	208	7	93
27241	312	79927	79919	80123	8	204	5	93
27241	313	79934	79924	80131	10	207	6	93
27241	314	79927	79918	80124	9	206	6	93
27241	315	79927	79916	80125	11	209	6	93
27241	316	79927	79918	80125	9	207	6	93
27241	317	79927	79917	80123	10	206	6	93
27241	318	79927	79919	80123	8	204	5	93
27241	319	79927	79918	80125	9	207	6	93
27241	320	79928	79919	80123	9	204	5	93
27241	321	79928	79919	80127	9	208	5	94
27241	322	79927	79919	80123	8	204	5	93
27241	323	79927	79917	80123	10	206	7	93
27241	324	79927	79918	80123	9	205	6	93
27241	325	79933	79926	80130	7	204	5	93
27241	326	79928	79919	80127	9	208	7	93
27241	327	79927	79917	80124	10	207	6	93
27241	328	79927	79918	80125	9	207	6	93
27241	329	79927	79917	80126	10	209	7	93
27241	330	79927	79917	80123	10	206	6	93
27241	331	79927	79917	80127	10	210	7	93
27241	332	80046	79920	80242	126	322	8	94
27241	333	79926	79917	80123	9	206	6	93
27241	334	79927	79919	80124	8	205	6	93
27241	335	79925	79914	80128	11	214	6	93
27241	336	79927	79917	80125	10	208	6	93
27241	337	79927	79919	80125	8	206	5	93
27241	338	79928	79916	80126	12	210	7	93
27241	339	79927	79918	80125	9	207	6	93
27241	340	79933	79924	80130	9	206	5	93
27241	341	79931	79921	80127	10	206	6	93
27241	342	79929	79920	80125	9	205	6	93
27241	343	79928	79918	80125	10	207	6	93
27241	344	79928	79917	80126	11	209	7	93
27241	345	79927	79918	80126	9	208	7	93
27241	346	79928	79919	80127	9	208	5	93
27241	347	79928	79918	80126	10	208	6	93
27241	348	79929	79922	80126	7	204	5	93
27241	349	79928	79919	80128	9	209	6	93
27241	350	79927	79916	80125	11	209	7	93
27241	351	79927	79919	80124	8	205	6	93
27241	352	79927	79918	80125	9	207	6	93
27241	353	79927	79920	80127	7	207	6	94
27241	354	79928	79919	80124	9	205	6	93
27241	355	79927	79917	80123	10	206	6	93
27241	356	79930	79922	80126	8	204	5	93
27241	357	79927	79918	80125	9	207	6	93
27241	358	79928	79918	80125	10	207	6	93
27241	359	79927	79919	80123	8	204	5	93
27241	360	79927	79920	80124	7	204	5	93
27241	361	79927	79916	80127	11	211	7	93
27241	362	79931	79923	80128	8	205	6	93
27241	363	79930	79922	80126	8	204	5	93
27241	364	79929	79919	80128	10	209	6	93
27241	365	79927	79919	80125	8	206	5	93
27241	366	79927	79916	80124	11	208	7	93
27241	367	79927	79917	80124	10	207	7	93
27241	368	79928	79919	80127	9	208	5	93
27241	369	79927	79917	80124	10	207	6	93
27241	370	79928	79917	80126	11	209	8	93
27241	371	79928	79916	80124	12	208	6	93
27241	372	79928	79918	80127	10	209	6	93
27241	373	79927	79918	80125	9	207	6	93
27241	374	79927	79919	80124	8	205	6	93
27241	375	79927	79918	80125	9	207	6	93
27241	376	79928	79918	80126	10	208	7	93
27241	377	79927	79918	80125	9	207	6	93
27241	378	79928	79918	80125	10	207	6	93
27241	379	79928	79918	80125	10	207	6	93
27241	380	79927	79916	80124	11	208	6	93
27241	381	79927	79918	80124	9	206	6	93
27241	382	79928	79919	80126	9	207	6	93
27241	383	79928	79919	80124	9	205	6	93
27241	384	79928	79918	80125	10	207	6	93
27241	385	79928	79918	80128	10	210	6	94
27241	386	79927	79919	80123	8	204	5	93
27241	387	79928	79916	80127	12	211	7	93
27241	388	79927	79917	80125	10	208	7	93
27241	389	79927	79920	80124	7	204	5	93
27241	390	79928	79919	80126	9	207	6	93
27241	391	79932	79923	80129	9	206	7	93
27241	392	79931	79922	80129	9	207	6	93
27241	393	79928	79920	80125	8	205	6	93
27241	394	79928	79917	80122	11	205	6	93
27241	395	79927	79919	80123	8	204	5	93
27241	396	79928	79918	80125	10	207	6	93
27241	397	79927	79917	80123	10	206	6	93
27241	398	79927	79919	80123	8	204	5	93
27241	399	79928	79920	80124	8	204	5	93
27241	400	79929	79920	80125	9	205	6	93
27241	401	79931	79919	80127	12	208	6	93
27241	402	79931	79923	80128	8	205	6	93
27241	403	79927	79917	80125	10	208	6	93
27241	404	79927	79918	80125	9	207	6	93
27241	405	79927	79918	80125	9	207	7	93
27241	406	79927	79918	80124	9	206	7	93
27241	407	79927	79918	80124	9	206	6	93
27241	408	79927	79917	80125	10	208	6	93
27241	409	79927	79917	80123	10	206	6	93
27241	410	79928	79918	80125	10	207	6	93
27241	411	79927	79917	80124	10	207	6	93
27241	412	79927	79919	80125	8	206	5	93
27241	413	79930	79922	80128	8	206	5	93
27241	414	79933	79922	80129	11	207	7	93
27241	415	79929	79919	80126	10	207	6	93
27241	416	79927	79916	80123	11	207	6	93
27241	417	79927	79917	80125	10	208	7	93
27241	418	79927	79919	80124	8	205	6	93
27241	419	79928	79915	80124	13	209	6	93
27241	420	79927	79917	80123	10	206	6	93
27241	421	79927	79919	80124	8	205	6	93
27241	422	79927	79915	80126	12	211	7	93
27241	423	79928	79920	80125	8	205	5	93
27241	424	79927	79917	80123	10	206	6	93
27241	425	79928	79918	80126	10	208	5	93
27241	426	79926	79919	80123	7	204	5	93
27241	427	79926	79918	80125	8	207	6	93
27241	428	79928	79918	80127	10	209	6	93
27241	429	79928	79919	80128	9	209	6	93
27241	430	79927	79917	80125	10	208	6	93
27241	431	79930	79922	80126	8	204	5	93
27241	432	79933	79924	80130	9	206	5	93
27241	433	79926	79918	80123	8	205	6	93
27241	434	79927	79919	80124	8	205	6	93
27241	435	79926	79918	80123	8	205	6	93
27241	436	79927	79919	80123	8	204	5	93
27241	437	79927	79917	80125	10	208	6	93
27241	438	79927	79918	80125	9	207	6	93
27241	439	79927	79918	80124	9	206	7	93
27241	440	79928	79919	80125	9	206	5	93
27241	441	79927	79918	80125	9	207	7	93
27241	442	79927	79917	80123	10	206	6	93
27241	443	79928	79920	80125	8	205	6	93
27241	444	79934	79925	80131	9	206	5	93
27241	445	79931	79922	80129	9	207	6	93
27241	446	79927	79916	80125	11	209	6	93
27241	447	79928	79919	80125	9	206	5	93
27241	448	79927	79916	80124	11	208	7	93
27241	449	79927	79918	80126	9	208	7	93
27241	450	79928	79918	80127	10	209	6	94
27241	451	79927	79916	80122	11	206	7	93
27241	452	79927	79917	80122	10	205	6	93
27241	453	79927	79918	80125	9	207	6	93
27241	454	79927	79919	80125	8	206	5	93
27241	455	79928	79918	80125	10	207	6	93
27241	456	79933	79924	80129	9	205	6	93
27241	457	79929	79918	80125	11	207	6	93
27241	458	79926	79918	80123	8	205	6	93
27241	459	79925	79916	80125	9	209	6	93
27241	460	79928	79919	80125	9	206	6	93
27241	461	79927	79919	80123	8	204	5	93
27241	462	79927	79917	80124	10	207	6	93
27241	463	79927	79917	80124	10	207	7	93
27241	464	79929	79920	80126	9	206	6	93
27241	465	79933	79923	80132	10	209	6	93
27241	466	79927	79918	80124	9	206	5	93
27241	467	79927	79914	80127	13	213	7	93
27241	468	79928	79920	80124	8	204	5	93
27241	469	79927	79918	80123	9	205	6	93
27241	470	79927	79917	80125	10	208	6	93
27241	471	79926	79919	80123	7	204	5	93
27241	472	79926	79919	80123	7	204	5	93
27241	473	79930	79923	80128	7	205	6	93
27241	474	79932	79923	80129	9	206	5	93
27241	475	79927	79916	80124	11	208	6	93
27241	476	79928	79918	80125	10	207	6	93
27241	477	79927	79917	80123	10	206	6	93
27241	478	79927	79917	80123	10	206	5	93
27241	479	79927	79916	80127	11	211	7	93
27241	480	79927	79919	80126	8	207	6	93
27241	481	79928	79919	80125	9	206	5	93
27241	482	79932	79924	80131	8	207	6	93
27241	483	79926	79917	80123	9	206	6	93
27241	484	79926	79917	80124	9	207	7	93
27241	485	79926	79916	80123	10	207	6	93
27241	486	79927	79915	80124	12	209	6	93
27241	487	79931	79923	80129	8	206	6	93
27241	488	79929	79919	80129	10	210	7	93
27241	489	79928	79920	80130	8	210	7	93
27241	490	79930	79921	80126	9	205	6	93
27241	491	79925	79918	80122	7	204	5	93
27241	492	79928	79918	80125	10	207	6	93
27241	493	79933	79925	80129	8	204	5	93
27241	494	79926	79917	80123	9	206	7	93
27241	495	79926	79917	80121	9	204	5	93
27241	496	79925	79917	80122	8	205	6	93
27241	497	79928	79918	80125	10	207	6	93
27241	498	79934	79925	80131	9	206	7	93
27241	499	79926	79918	80124	8	206	5	93
27241	500	79926	79917	80125	9	208	7	93
27241	501	79925	79917	80122	8	205	6	93
27241	502	79927	79916	80126	11	210	6	93
27241	503	79933	79925	80129	8	204	5	93
27241	504	79926	79917	80122	9	205	6	93
27241	505	79927	79917	80125	10	208	7	93
27241	506	79926	79916	80126	10	210	7	93
27241	507	79926	79917	80122	9	205	6	93
27241	508	79932	79924	80129	8	205	6	93
27241	509	79926	79917	80123	9	206	6	93
27241	510	79926	79916	80122	10	206	6	93
27241	511	80042	79918	80238	124	320	7	94
27241	512	79926	79917	80122	9	205	6	93
27241	513	79933	79923	80132	10	209	6	93
27241	514	79926	79917	80125	9	208	7	93
27241	515	79926	79917	80123	9	206	6	93
27241	516	79926	79917	80124	9	207	6	93
27241	517	79926	79917	80125	9	208	7	93
27241	518	79927	79918	80123	9	205	6	93
27241	519	79933	79923	80129	10	206	6	93
27241	520	79926	79914	80123	12	209	6	93
27241	521	79926	79916	80124	10	208	6	93
27241	522	79926	79916	80122	10	206	7	93
27241	523	79932	79924	80128	8	204	5	93
27241	524	79926	79915	80122	11	207	7	93
27241	525	79925	79917	80122	8	205	6	93
27241	526	79926	79916	80122	10	206	6	93
27241	527	79925	79916	80122	9	206	6	93
27241	528	79933	79922	80130	11	208	6	93
27241	529	79925	79917	80122	8	205	6	93
27241	530	79926	79916	80123	10	207	6	93
27241	531	79926	79915	80122	11	207	6	93
27241	532	79932	79924	80128	8	204	5	93
27241	533	79928	79918	80125	10	207	6	93
27241	534	79926	79917	80122	9	205	6	93
27241	535	79930	79922	80126	8	204	5	93
27241	536	79925	79917	80122	8	205	6	93
27241	537	79927	79917	80124	10	207	6	93
27241	538	79932	79924	80129	8	205	6	93
27241	539	79926	79918	80122	8	204	5	93
27241	540	79926	79915	80124	11	209	6	93
27241	541	79926	79917	80123	9	206	5	93
27241	542	79926	79917	80125	9	208	7	93
27241	543	79926	79917	80122	9	205	6	93
27241	544	79932	79922	80129	10	207	7	93
27241	545	79926	79917	80123	9	206	6	93
27241	546	79926	79917	80123	9	206	6	93
27241	547	79927	79916	80125	11	209	6	93
27241	548	79926	79916	80123	10	207	6	93
27241	549	79927	79917	80125	10	208	6	93
27241	550	79927	79917	80123	10	206	6	93
27241	551	79932	79922	80129	10	207	6	93
27241	552	79930	79922	80128	8	206	5	93
27241	553	79927	79916	80124	11	208	6	93
27241	554	79926	79919	80123	7	204	5	93
27241	555	79926	79918	80124	8	206	5	93
27241	556	79927	79919	80123	8	204	5	93
27241	557	79926	79917	80124	9	207	6	93
27241	558	79927	79917	80123	10	206	6	93
27241	559	79933	79924	80130	9	206	6	93
27241	560	79927	79918	80123	9	205	6	93
27241	561	79927	79918	80124	9	206	7	93
27241	562	79928	79921	80126	7	205	6	93
27241	563	79926	79917	80124	9	207	6	93
27241	564	79928	79918	80125	10	207	6	93
27241	565	79927	79916	80122	11	206	6	93
27241	566	79927	79920	80124	7	204	5	93
27241	567	79927	79918	80126	9	208	5	93
27241	568	79934	79924	80131	10	207	6	93
27241	569	79927	79916	80125	11	209	6	93
27241	570	79927	79919	80123	8	204	5	93
27241	571	79926	79917	80124	9	207	6	93
27241	572	79927	79918	80125	9	207	6	93
27241	573	79927	79918	80124	9	206	5	93
27241	574	79927	79919	80125	8	206	5	93
27241	575	79926	79917	80123	9	206	6	93
27241	576	79932	79923	80130	9	207	6	93
27241	577	79930	79921	80127	9	206	6	93
27241	578	79927	79918	80124	9	206	6	93
27241	579	79926	79917	80123	9	206	7	93
27241	580	79931	79921	80131	10	210	7	93
27241	581	79927	79915	80124	12	209	6	93
27241	582	79927	79917	80123	10	206	6	93
27241	583	79926	79917	80123	9	206	6	93
27241	584	79927	79918	80124	9	206	6	93
27241	585	79927	79918	80125	9	207	6	93
27241	586	79928	79919	80125	9	206	5	93
27241	587	79928	79918	80127	10	209	6	93
27241	588	79928	79919	80124	9	205	6	93
27241	589	79928	79917	80125	11	208	6	93
27241	590	79928	79917	80126	11	209	7	93
27241	591	79927	79919	80125	8	206	5	93
27241	592	79928	79918	80123	10	205	6	93
27241	593	79927	79920	80124	7	204	5	93
27241	594	79929	79920	80128	9	208	5	93
27241	595	79928	79920	80125	8	205	6	93
27241	596	79930	79920	80126	10	206	6	93
27241	597	79929	79920	80128	9	208	7	93
27241	598	79929	79919	80125	10	206	6	93
27241	599	79930	79921	80129	9	208	7	93
27241	600	79930	79920	80127	10	207	6	93
27241	601	79930	79922	80129	8	207	6	93
27241	602	79930	79922	80127	8	205	6	93
27241	603	79931	79920	80127	11	207	7	93
27241	604	79930	79920	80126	10	206	7	93
27241	605	79929	79920	80125	9	205	6	93
27241	606	79928	79920	80125	8	205	6	93
27241	607	79927	79917	80124	10	207	8	93
27241	608	79928	79919	80123	9	204	5	93
27241	609	79927	79920	80124	7	204	5	93
27241	610	79927	79918	80125	9	207	6	93
27241	611	79927	79920	80124	7	204	5	93
27241	612	79927	79918	80125	9	207	6	93
27241	613	79927	79918	80125	9	207	6	93
27241	614	79927	79920	80124	7	204	5	93
27241	615	79928	79918	80124	10	206	6	93
27241	616	79927	79919	80123	8	204	5	93
27241	617	79926	79918	80123	8	205	6	93
27241	618	79928	79918	80125	10	207	6	93
27241	619	79927	79919	80124	8	205	6	93
27241	620	79929	79920	80127	9	207	6	93
27241	621	79927	79916	80123	11	207	6	93
27241	622	79927	79918	80125	9	207	6	93
27241	623	79928	79917	80126	11	209	8	93
27241	624	79928	79920	80125	8	205	6	93
27241	625	79929	79919	80126	10	207	7	93
27241	626	79929	79918	80125	11	207	6	93
27241	627	79928	79919	80124	9	205	6	93
27241	628	79927	79919	80124	8	205	6	93
27241	629	79927	79916	80127	11	211	7	93
27241	630	79927	79919	80126	8	207	6	93
27241	631	79927	79919	80126	8	207	6	93
27241	632	79928	79918	80125	10	207	6	93
27241	633	79927	79917	80125	10	208	7	93
27241	634	79927	79915	80124	12	209	6	93
27241	635	79927	79917	80123	10	206	6	93
27241	636	79927	79919	80124	8	205	6	93
27241	637	79927	79918	80123	9	205	6	93
27241	638	79927	79918	80125	9	207	6	93
27241	639	79927	79918	80125	9	207	6	93
27241	640	79928	79918	80125	10	207	6	93
27241	641	79932	79924	80128	8	204	5	93
27241	642	79931	79921	80128	10	207	6	93
27241	643	79928	79919	80124	9	205	5	93
27241	644	79927	79916	80123	11	207	6	93
27241	645	79927	79917	80125	10	208	6	93
27241	646	79927	79919	80125	8	206	5	93
27241	647	79930	79918	80125	12	207	6	93
27241	648	79928	79918	80126	10	208	6	93
27241	649	79927	79918	80123	9	205	5	93
27241	650	79926	79917	80123	9	206	7	93
27241	651	79928	79919	80124	9	205	6	93
27241	652	79927	79919	80126	8	207	6	93
27241	653	79927	79917	80125	10	208	7	93
27241	654	79927	79919	80123	8	204	5	93
27241	655	79927	79920	80124	7	204	5	93
27241	656	79927	79919	80124	8	205	6	93
27241	657	79928	79919	80124	9	205	6	93
27241	658	79927	79917	80123	10	206	6	93
27241	659	79928	79919	80124	9	205	6	93
27241	660	79927	79919	80125	8	206	7	93
27241	661	79928	79917	80127	11	210	7	93
27241	662	79928	79919	80125	9	206	5	93
27241	663	79928	79917	80124	11	207	7	93
27241	664	79927	79918	80125	9	207	6	93
27241	665	79928	79920	80126	8	206	5	93
27241	666	79927	79917	80125	10	208	6	93
27241	667	79928	79917	80125	11	208	6	93
27241	668	79928	79919	80124	9	205	6	93
27241	669	79930	79922	80128	8	206	5	93
27241	670	79927	79917	80123	10	206	6	93
27241	671	79927	79919	80125	8	206	7	93
27241	672	79926	79918	80124	8	206	7	93
27241	673	79928	79920	80124	8	204	5	93
27241	674	79928	79919	80125	9	206	6	93
27241	675	79929	79921	80130	8	209	6	93
27241	676	79933	79924	80130	9	206	6	93
27241	677	79930	79920	80129	10	209	6	93
27241	678	79927	79918	80125	9	207	6	93
27241	679	79927	79918	80123	9	205	6	93
27241	680	79928	79918	80125	10	207	6	93
27241	681	79928	79917	80125	11	208	6	93
27241	682	79927	79919	80123	8	204	5	93
27241	683	79928	79920	80124	8	204	5	93
27241	684	79928	79920	80125	8	205	6	93
27241	685	79927	79918	80123	9	205	6	93
27241	686	79927	79919	80124	8	205	6	93
27241	687	79927	79917	80124	10	207	6	93
27241	688	79928	79917	80127	11	210	6	93
27241	689	79927	79919	80125	8	206	5	93
27241	690	80046	79923	80243	123	320	7	94
27241	691	79927	79920	80124	7	204	5	93
27241	692	79927	79918	80124	9	206	6	93
27241	693	79926	79917	80125	9	208	7	93
27241	694	79927	79919	80123	8	204	5	93
27241	695	79928	79917	80125	11	208	7	93
27241	696	79928	79920	80124	8	204	5	93
27241	697	79928	79919	80126	9	207	6	93
27241	698	79927	79919	80124	8	205	6	93
27241	699	79927	79920	80124	7	204	5	93
27241	700	79928	79919	80127	9	208	7	93
27241	701	79933	79923	80129	10	206	6	93
27241	702	79930	79921	80127	9	206	5	93
27241	703	79928	79917	80123	11	206	7	93
27241	704	79927	79918	80123	9	205	6	93
27241	705	79927	79919	80124	8	205	6	93
27241	706	79927	79917	80123	10	206	7	93
27241	707	79928	79919	80124	9	205	6	93
27241	708	79927	79919	80124	8	205	6	93
27241	709	79928	79918	80124	10	206	6	93
27241	710	79928	79919	80123	9	204	5	93
27241	711	79927	79918	80126	9	208	7	93
27241	712	79927	79916	80125	11	209	6	93
27241	713	79927	79917	80124	10	207	6	93
27241	714	79931	79923	80128	8	205	6	93
27241	715	79928	79916	80125	12	209	6	93
27241	716	79927	79918	80123	9	205	6	93
27241	717	79928	79920	80125	8	205	6	93
27241	718	79933	79924	80130	9	206	6	93
27241	719	79930	79921	80127	9	206	6	93
27241	720	79927	79917	80126	10	209	7	93
27241	721	79928	79917	80125	11	208	7	93
27241	722	79927	79917	80122	10	205	6	93
27241	723	79927	79918	80122	9	204	5	93
27241	724	79927	79918	80123	9	205	6	93
27241	725	79927	79918	80125	9	207	6	93
27241	726	79927	79917	80123	10	206	6	93
27241	727	79927	79919	80125	8	206	5	93
27241	728	79927	79919	80125	8	206	5	93
27241	729	79928	79920	80128	8	208	6	93
27241	730	79927	79918	80125	9	207	7	93
27241	731	79927	79919	80124	8	205	6	93
27241	732	79927	79916	80123	11	207	6	93
27241	733	79927	79919	80124	8	205	6	93
27241	734	79965	79933	80160	32	227	9	104
27241	735	79932	79923	80128	9	205	6	93
27241	736	79927	79918	80123	9	205	6	93
27241	737	79927	79917	80125	10	208	6	93
27241	738	79927	79918	80123	9	205	6	93
27241	739	79926	79918	80123	8	205	6	93
27241	740	79927	79919	80123	8	204	5	93
27241	741	79927	79920	80124	7	204	5	93
27241	742	79928	79919	80125	9	206	5	93
27241	743	79927	79919	80125	8	206	5	93
27241	744	79927	79918	80124	9	206	7	93
27241	745	79928	79919	80124	9	205	6	93
27241	746	79928	79917	80123	11	206	6	93
27241	747	79927	79916	80124	11	208	6	93
27241	748	79928	79919	80124	9	205	6	93
27241	749	79930	79922	80128	8	206	5	93
27241	750	79932	79922	80129	10	207	6	93
27241	751	79927	79920	80124	7	204	5	93
27241	752	79927	79918	80123	9	205	6	93
27241	753	79927	79918	80125	9	207	6	93
27241	754	79927	79917	80124	10	207	6	93
27241	755	79928	79918	80125	10	207	6	93
27241	756	79927	79919	80123	8	204	5	93
27241	757	79927	79918	80124	9	206	6	93
27241	758	79927	79916	80125	11	209	6	93
27241	759	79931	79921	80127	10	206	6	93
27241	760	79927	79916	80124	11	208	6	93
27241	761	79927	79918	80123	9	205	6	93
27241	762	79932	79922	80128	10	206	6	93
27241	763	79929	79921	80132	8	211	7	93
27241	764	79927	79918	80125	9	207	6	93
27241	765	79927	79918	80123	9	205	6	93
27241	766	79928	79917	80125	11	208	6	93
27241	767	79927	79918	80126	9	208	7	93
27241	768	79927	79919	80125	8	206	5	93
27241	769	79927	79917	80125	10	208	6	93
27241	770	79927	79919	80123	8	204	5	93
27241	771	79926	79918	80124	8	206	5	93
27241	772	79927	79919	80125	8	206	5	93
27241	773	79927	79917	80125	10	208	6	93
27241	774	79932	79924	80128	8	204	5	93
27241	775	79930	79921	80128	9	207	6	93
27241	776	79927	79917	80123	10	206	6	93
27241	777	79926	79918	80123	8	205	6	93
27241	778	79927	79918	80125	9	207	6	93
27241	779	79927	79919	80124	8	205	6	93
27241	780	79928	79916	80123	12	207	6	93
27241	781	79926	79919	80123	7	204	5	93
27241	782	79927	79917	80125	10	208	7	93
27241	783	79926	79917	80123	9	206	6	93
27241	784	79927	79916	80125	11	209	8	93
27241	785	79930	79923	80127	7	204	5	93
27241	786	79929	79918	80125	11	207	6	93
27241	787	79934	79924	80129	10	205	6	93
27241	788	79926	79918	80124	8	206	5	93
27241	789	79927	79916	80124	11	208	6	93
27241	790	79926	79917	80124	9	207	7	93
27241	791	79927	79918	80124	9	206	5	93
27241	792	79926	79917	80122	9	205	6	93
27241	793	79926	79919	80122	7	203	6	93
27241	794	79926	79918	80124	8	206	5	93
27241	795	79932	79923	80128	9	205	6	93
27241	796	79931	79920	80131	11	211	7	93
27241	797	79926	79917	80123	9	206	6	93
27241	798	79926	79918	80123	8	205	6	93
27241	799	79926	79918	80123	8	205	6	93
27241	800	79927	79916	80123	11	207	7	93
27241	801	79927	79918	80125	9	207	6	93
27241	802	79927	79918	80123	9	205	6	93
27241	803	79928	79917	80125	11	208	6	93
27241	804	79932	79924	80129	8	205	6	93
27241	805	79929	79920	80126	9	206	5	93
27241	806	79926	79917	80123	9	206	7	93
27241	807	79927	79919	80125	8	206	5	93
27241	808	79927	79917	80123	10	206	6	93
27241	809	79927	79917	80123	10	206	7	93
27241	810	79927	79918	80123	9	205	6	93
27241	811	79927	79918	80122	9	204	5	93
27241	812	79928	79919	80125	9	206	7	93
27241	813	79934	79923	80129	11	206	6	93
27241	814	79928	79917	80125	11	208	6	93
27241	815	79926	79918	80123	8	205	6	93
27241	816	79927	79918	80125	9	207	6	93
27241	817	79927	79918	80122	9	204	5	93
27241	818	79927	79917	80124	10	207	6	93
27241	819	79926	79917	80122	9	205	6	93
27241	820	79927	79917	80123	10	206	6	93
27241	821	79933	79924	80130	9	206	7	93
27241	822	79927	79919	80125	8	206	5	93
27241	823	79926	79918	80123	8	205	6	93
27241	824	79927	79915	80123	12	208	7	93
27241	825	79926	79918	80124	8	206	7	93
27241	826	79927	79919	80123	8	204	5	93
27241	827	79926	79918	80122	8	204	5	93
27241	828	79928	79919	80126	9	207	5	93
27241	829	79934	79924	80130	10	206	6	93
27241	830	79928	79919	80125	9	206	6	93
27241	831	79927	79918	80123	9	205	6	93
27241	832	79926	79917	80122	9	205	6	93
27241	833	79927	79918	80123	9	205	6	93
27241	834	79927	79919	80124	8	205	6	93
27241	835	79926	79918	80123	8	205	6	93
27241	836	79926	79916	80122	10	206	6	93
27241	837	79929	79921	80125	8	204	5	93
27241	838	79934	79924	80131	10	207	6	93
27241	839	79928	79917	80124	11	207	6	93
27241	840	79927	79917	80122	10	205	6	93
27241	841	79926	79918	80123	8	205	6	93
27241	842	79927	79919	80123	8	204	5	93
27241	843	79927	79918	80125	9	207	6	93
27241	844	79926	79919	80123	7	204	5	93
27241	845	79932	79924	80129	8	205	6	93
27241	846	79929	79917	80124	12	207	7	93
27241	847	79926	79916	80123	10	207	6	93
27241	848	79929	79922	80126	7	204	5	93
27241	849	79927	79918	80123	9	205	6	93
27241	850	79926	79915	80123	11	208	7	93
27241	851	79927	79918	80123	9	205	6	93
27241	852	79927	79918	80125	9	207	6	93
27241	853	79933	79922	80132	11	210	7	93
27241	854	79927	79918	80122	9	204	5	93
27241	855	79927	79919	80123	8	204	5	93
27241	856	79926	79918	80123	8	205	6	93
27241	857	79926	79919	80123	7	204	5	93
27241	858	79926	79917	80123	9	206	6	93
27241	859	79926	79919	80123	7	204	5	93
27241	860	79927	79918	80123	9	205	6	93
27241	861	79933	79924	80129	9	205	6	93
27241	862	79929	79920	80125	9	205	6	93
27241	863	79926	79915	80124	11	209	6	93
27241	864	79927	79918	80123	9	205	6	93
27241	865	79926	79918	80124	8	206	5	93
27241	866	79927	79919	80123	8	204	5	93
27241	867	79927	79918	80123	9	205	6	93
27241	868	79927	79917	80125	10	208	6	93
27241	869	80046	79921	80243	125	322	7	94
27241	870	79933	79926	80130	7	204	5	93
27241	871	79927	79919	80125	8	206	7	93
27241	872	79926	79919	80123	7	204	5	93
27241	873	79927	79917	80125	10	208	7	93
27241	874	79926	79916	80123	10	207	7	93
27241	875	79928	79919	80124	9	205	6	93
27241	876	79927	79919	80123	8	204	5	93
27241	877	79927	79919	80125	8	206	5	93
27241	878	79931	79921	80127	10	206	6	93
27241	879	79932	79923	80129	9	206	7	93
27241	880	79926	79918	80123	8	205	6	93
27241	881	79927	79917	80125	10	208	7	93
27241	882	79927	79918	80125	9	207	6	93
27241	883	79927	79919	80123	8	204	5	93
27241	884	79926	79915	80123	11	208	7	93
27241	885	79926	79917	80122	9	205	6	93
27241	886	79991	79939	80187	52	248	15	111
27241	887	79928	79918	80125	10	207	6	93
27241	888	79933	79922	80131	11	209	6	93
27241	889	79929	79921	80127	8	206	7	93
27241	890	79928	79918	80125	10	207	6	93
27241	891	79927	79918	80124	9	206	6	93
27241	892	79928	79919	80125	9	206	5	93
27241	893	79928	79917	80125	11	208	6	93
27241	894	79928	79917	80125	11	208	6	93
27241	895	79928	79918	80127	10	209	7	93
27241	896	79928	79919	80123	9	204	5	93
27241	897	79928	79919	80123	9	204	5	93
27241	898	79928	79919	80125	9	206	6	93
27241	899	79927	79919	80123	8	204	5	93
27241	900	79928	79918	80128	10	210	7	93
27241	901	79927	79918	80123	9	205	6	93
27241	902	79928	79918	80125	10	207	6	93
27241	903	79926	79918	80123	8	205	6	93
27241	904	79933	79924	80129	9	205	6	93
27241	905	79930	79921	80127	9	206	5	93
27241	906	79928	79917	80127	11	210	6	93
27241	907	79927	79917	80123	10	206	6	93
27241	908	79927	79917	80124	10	207	6	93
27241	909	79927	79918	80127	9	209	7	93
27241	910	79928	79917	80125	11	208	6	93
27241	911	79926	79917	80126	9	209	7	93
27241	912	79927	79917	80123	10	206	6	93
27241	913	79927	79919	80125	8	206	5	93
27241	914	79927	79916	80126	11	210	8	93
27241	915	79927	79919	80124	8	205	6	93
27241	916	79927	79920	80124	7	204	5	93
27241	917	79927	79917	80123	10	206	6	93
27241	918	79927	79918	80125	9	207	6	93
27241	919	79928	79918	80125	10	207	6	93
27241	920	79927	79918	80126	9	208	7	93
27241	921	79927	79918	80124	9	206	6	93
27241	922	79927	79917	80124	10	207	6	93
27241	923	79927	79918	80123	9	205	6	93
27241	924	79927	79919	80123	8	204	5	93
27241	925	79928	79918	80127	10	209	6	93
27241	926	79928	79918	80125	10	207	6	93
27241	927	79928	79918	80125	10	207	6	93
27241	928	79928	79919	80125	9	206	6	93
27241	929	79927	79918	80124	9	206	6	93
27241	930	79928	79919	80124	9	205	6	93
27241	931	79928	79920	80124	8	204	5	93
27241	932	79927	79919	80124	8	205	6	93
27241	933	79928	79920	80126	8	206	5	93
27241	934	79928	79920	80124	8	204	5	93
27241	935	79927	79918	80124	9	206	6	93
27241	936	79928	79917	80123	11	206	6	93
27241	937	79927	79919	80124	8	205	6	93
27241	938	79932	79922	80126	10	204	5	93
27241	939	79927	79919	80124	8	205	6	93
27241	940	79928	79920	80125	8	205	6	93
27241	941	79927	79919	80123	8	204	5	93
27241	942	79927	79919	80123	8	204	5	93
27241	943	79928	79919	80124	9	205	6	93
27241	944	79928	79917	80123	11	206	6	93
27241	945	79928	79918	80127	10	209	6	93
27241	946	79927	79917	80126	10	209	7	93
27241	947	79927	79920	80124	7	204	5	93
27241	948	79927	79918	80124	9	206	6	93
27241	949	79928	79918	80125	10	207	6	93
27241	950	79926	79917	80124	9	207	6	93
27241	951	79927	79919	80124	8	205	6	93
27241	952	79928	79918	80124	10	206	6	93
27241	953	79927	79917	80123	10	206	6	93
27241	954	79927	79919	80124	8	205	6	93
27241	955	79927	79917	80125	10	208	7	93
27241	956	79927	79918	80123	9	205	6	93
27241	957	79927	79920	80124	7	204	5	93
27241	958	79928	79920	80125	8	205	6	93
27241	959	79928	79918	80123	10	205	6	93
27241	960	79928	79920	80124	8	204	5	93
27241	961	79928	79916	80125	12	209	6	93
27241	962	79927	79918	80123	9	205	6	93
27241	963	79927	79917	80125	10	208	8	93
27241	964	79927	79920	80124	7	204	5	93
27241	965	79927	79917	80126	10	209	6	93
27241	966	79927	79918	80124	9	206	6	93
27241	967	79928	79917	80125	11	208	6	93
27241	968	79928	79916	80124	12	208	6	93
27241	969	79927	79919	80123	8	204	5	93
27241	970	79928	79919	80125	9	206	5	93
27241	971	79927	79918	80123	9	205	6	93
27241	972	79928	79917	80127	11	210	6	93
27241	973	79927	79920	80125	7	205	6	93
27241	974	79928	79918	80124	10	206	6	93
27241	975	79928	79919	80127	9	208	7	93
27241	976	79927	79915	80123	12	208	6	93
27241	977	79927	79917	80123	10	206	6	93
27241	978	79928	79918	80125	10	207	6	93
27241	979	79928	79918	80124	10	206	6	93
27241	980	79927	79917	80124	10	207	7	93
27241	981	79928	79919	80125	9	206	7	93
27241	982	79929	79917	80128	12	211	7	93
27241	983	79927	79918	80123	9	205	6	93
27241	984	79927	79918	80124	9	206	7	93
27241	985	79928	79919	80125	9	206	5	93
27241	986	79927	79919	80123	8	204	5	93
27241	987	79927	79920	80124	7	204	5	93
27241	988	79928	79919	80124	9	205	5	93
27241	989	79927	79920	80125	7	205	6	93
27241	990	79927	79918	80126	9	208	5	93
27241	991	79928	79918	80127	10	209	6	93
27241	992	79929	79921	80127	8	206	5	93
27241	993	79930	79922	80127	8	205	6	93
27241	994	79931	79923	80128	8	205	6	93
27241	995	79930	79923	80127	7	204	5	93
27241	996	79930	79920	80127	10	207	6	93
27241	997	79929	79919	80125	10	206	6	93
27241	998	79927	79920	80124	7	204	5	93
27241	999	79927	79920	80124	7	204	5	93
27241	1000	79928	79918	80126	10	208	7	93
