RUNID	ITERNUM	METIME	PRTIME	TPRTIME	DIFF	TDIFF	NRPROCS	NPROCS
27441	1	80178	80168	80372	10	204	7	91
27441	2	80178	80170	80370	8	200	5	91
27441	3	80179	80168	80373	11	205	7	91
27441	4	80177	80169	80371	8	202	5	91
27441	5	80178	80166	80372	12	206	7	91
27441	6	80179	80170	80370	9	200	6	91
27441	7	80178	80170	80372	8	202	6	91
27441	8	80178	80168	80372	10	204	6	91
27441	9	80181	80173	80375	8	202	7	91
27441	10	80182	80171	80373	11	202	6	91
27441	11	80178	80170	80371	8	201	6	91
27441	12	80179	80169	80372	10	203	6	91
27441	13	80178	80168	80371	10	203	6	91
27441	14	80177	80169	80372	8	203	6	91
27441	15	80178	80168	80372	10	204	7	91
27441	16	80178	80168	80370	10	202	7	91
27441	17	80178	80169	80372	9	203	6	91
27441	18	80177	80169	80370	8	201	6	91
27441	19	80176	80169	80371	7	202	5	91
27441	20	80177	80168	80371	9	203	6	91
27441	21	80178	80167	80370	11	203	7	91
27441	22	80178	80170	80371	8	201	6	91
27441	23	80177	80168	80371	9	203	7	91
27441	24	80185	80175	80379	10	204	7	91
27441	25	80181	80171	80374	10	203	7	91
27441	26	80178	80168	80371	10	203	6	91
27441	27	80178	80168	80371	10	203	7	91
27441	28	80178	80168	80372	10	204	6	91
27441	29	80178	80169	80372	9	203	7	91
27441	30	80178	80169	80371	9	202	5	91
27441	31	80179	80169	80372	10	203	6	91
27441	32	80177	80168	80370	9	202	7	91
27441	33	80177	80169	80369	8	200	5	91
27441	34	80178	80170	80371	8	201	6	91
27441	35	80178	80170	80368	8	198	5	91
27441	36	80177	80168	80372	9	204	7	91
27441	37	80178	80167	80371	11	204	6	91
27441	38	80178	80168	80372	10	204	6	91
27441	39	80180	80170	80372	10	202	7	91
27441	40	80177	80169	80370	8	201	6	91
27441	41	80182	80172	80375	10	203	6	91
27441	42	80183	80175	80379	8	204	6	91
27441	43	80179	80169	80372	10	203	6	91
27441	44	80177	80168	80372	9	204	6	91
27441	45	80178	80167	80371	11	204	7	91
27441	46	80178	80168	80369	10	201	6	91
27441	47	80178	80170	80369	8	199	6	91
27441	48	80178	80169	80369	9	200	6	91
27441	49	80178	80166	80372	12	206	6	91
27441	50	80178	80168	80369	10	201	6	91
27441	51	80178	80168	80371	10	203	6	91
27441	52	80178	80169	80372	9	203	6	91
27441	53	80177	80168	80372	9	204	7	91
27441	54	80178	80170	80371	8	201	6	91
27441	55	80179	80170	80372	9	202	7	91
27441	56	80178	80169	80370	9	201	6	91
27441	57	80178	80169	80372	9	203	6	91
27441	58	80178	80169	80371	9	202	6	91
27441	59	80178	80167	80371	11	204	6	91
27441	60	80298	80173	80490	125	317	6	92
27441	61	80178	80169	80372	9	203	6	91
27441	62	80178	80168	80370	10	202	7	91
27441	63	80177	80169	80372	8	203	6	91
27441	64	80178	80168	80372	10	204	7	91
27441	65	80178	80170	80370	8	200	5	91
27441	66	80178	80169	80371	9	202	5	91
27441	67	80177	80168	80371	9	203	7	91
27441	68	80178	80170	80370	8	200	5	91
27441	69	80177	80169	80368	8	199	6	91
27441	70	80178	80168	80372	10	204	6	91
27441	71	80179	80169	80372	10	203	7	91
27441	72	80182	80170	80374	12	204	6	91
27441	73	80180	80169	80374	11	205	7	91
27441	74	80179	80170	80373	9	203	6	91
27441	75	80177	80169	80372	8	203	6	91
27441	76	80177	80166	80370	11	204	7	91
27441	77	80177	80169	80370	8	201	6	91
27441	78	80178	80169	80370	9	201	6	91
27441	79	80178	80166	80369	12	203	6	91
27441	80	80178	80169	80371	9	202	7	91
27441	81	80178	80169	80368	9	199	6	91
27441	82	80178	80169	80369	9	200	5	91
27441	83	80177	80169	80370	8	201	6	91
27441	84	80182	80172	80374	10	202	7	91
27441	85	80177	80170	80371	7	201	6	91
27441	86	80179	80170	80373	9	203	6	91
27441	87	80178	80170	80370	8	200	5	91
27441	88	80178	80169	80369	9	200	6	91
27441	89	80178	80170	80370	8	200	5	91
27441	90	80178	80169	80370	9	201	6	91
27441	91	80178	80169	80370	9	201	6	91
27441	92	80179	80169	80372	10	203	6	91
27441	93	80178	80169	80372	9	203	6	91
27441	94	80178	80168	80368	10	200	6	91
27441	95	80178	80169	80370	9	201	6	91
27441	96	80178	80170	80372	8	202	5	91
27441	97	80179	80170	80372	9	202	5	91
27441	98	80180	80171	80372	9	201	6	91
27441	99	80178	80170	80371	8	201	6	91
27441	100	80178	80169	80372	9	203	6	91
27441	101	80178	80169	80369	9	200	5	91
27441	102	80178	80168	80369	10	201	6	91
27441	103	80178	80169	80372	9	203	6	91
27441	104	80177	80170	80372	7	202	5	91
27441	105	80178	80170	80371	8	201	6	91
27441	106	80178	80169	80370	9	201	6	91
27441	107	80178	80169	80369	9	200	5	91
27441	108	80179	80170	80371	9	201	6	91
27441	109	80178	80169	80373	9	204	7	91
27441	110	80178	80170	80372	8	202	5	91
27441	111	80178	80167	80371	11	204	6	91
27441	112	80177	80169	80372	8	203	6	91
27441	113	80178	80168	80371	10	203	6	91
27441	114	80178	80169	80370	9	201	6	91
27441	115	80177	80169	80370	8	201	6	91
27441	116	80179	80169	80372	10	203	6	91
27441	117	80178	80169	80370	9	201	6	91
27441	118	80178	80169	80370	9	201	6	91
27441	119	80177	80169	80372	8	203	6	91
27441	120	80177	80169	80370	8	201	6	91
27441	121	80178	80168	80370	10	202	6	91
27441	122	80178	80168	80372	10	204	7	91
27441	123	80178	80167	80372	11	205	7	91
27441	124	80178	80170	80371	8	201	6	91
27441	125	80178	80169	80369	9	200	5	91
27441	126	80178	80170	80369	8	199	5	91
27441	127	80178	80169	80370	9	201	6	91
27441	128	80179	80169	80372	10	203	8	91
27441	129	80182	80173	80376	9	203	7	91
27441	130	80180	80169	80373	11	204	6	91
27441	131	80181	80171	80373	10	202	6	91
27441	132	80179	80170	80372	9	202	7	91
27441	133	80179	80168	80372	11	204	7	91
27441	134	80180	80171	80374	9	203	6	91
27441	135	80180	80171	80373	9	202	6	91
27441	136	80182	80171	80375	11	204	6	91
27441	137	80179	80169	80373	10	204	6	91
27441	138	80177	80170	80372	7	202	5	91
27441	139	80177	80168	80371	9	203	6	91
27441	140	80178	80170	80370	8	200	7	91
27441	141	80177	80169	80370	8	201	6	91
27441	142	80178	80169	80370	9	201	6	91
27441	143	80178	80169	80370	9	201	6	91
27441	144	80178	80170	80370	8	200	5	91
27441	145	80178	80168	80371	10	203	6	91
27441	146	80178	80169	80370	9	201	6	91
27441	147	80178	80168	80370	10	202	7	91
27441	148	80177	80168	80372	9	204	6	91
27441	149	80179	80167	80373	12	206	6	91
27441	150	80177	80169	80370	8	201	6	91
27441	151	80178	80168	80370	10	202	6	91
27441	152	80178	80170	80372	8	202	5	91
27441	153	80177	80168	80370	9	202	6	91
27441	154	80177	80168	80371	9	203	7	91
27441	155	80178	80166	80371	12	205	7	91
27441	156	80178	80168	80370	10	202	7	91
27441	157	80178	80167	80371	11	204	6	91
27441	158	80180	80172	80374	8	202	5	91
27441	159	80184	80177	80375	7	198	5	91
27441	160	80178	80169	80372	9	203	6	91
27441	161	80177	80169	80369	8	200	5	91
27441	162	80177	80167	80371	10	204	6	91
27441	163	80177	80167	80369	10	202	6	91
27441	164	80177	80169	80371	8	202	5	91
27441	165	80177	80169	80369	8	200	5	91
27441	166	80178	80169	80373	9	204	5	92
27441	167	80179	80168	80371	11	203	7	91
27441	168	80176	80169	80372	7	203	6	91
27441	169	80178	80167	80371	11	204	6	91
27441	170	80178	80169	80371	9	202	7	91
27441	171	80177	80168	80368	9	200	6	91
27441	172	80180	80170	80373	10	203	6	91
27441	173	80184	80177	80377	7	200	5	91
27441	174	80178	80168	80369	10	201	6	91
27441	175	80182	80171	80375	11	204	7	91
27441	176	80178	80167	80372	11	205	7	91
27441	177	80177	80169	80372	8	203	6	91
27441	178	80178	80167	80371	11	204	6	91
27441	179	80177	80169	80369	8	200	5	91
27441	180	80177	80169	80371	8	202	5	91
27441	181	80178	80167	80371	11	204	6	91
27441	182	80177	80168	80369	9	201	7	91
27441	183	80177	80167	80372	10	205	7	91
27441	184	80177	80167	80369	10	202	7	91
27441	185	80178	80170	80370	8	200	5	91
27441	186	80177	80168	80371	9	203	7	91
27441	187	80179	80171	80371	8	200	5	91
27441	188	80183	80173	80375	10	202	7	91
27441	189	80176	80169	80369	7	200	5	91
27441	190	80177	80168	80369	9	201	6	91
27441	191	80177	80168	80369	9	201	6	91
27441	192	80178	80168	80371	10	203	6	91
27441	193	80176	80169	80369	7	200	5	91
27441	194	80177	80165	80369	12	204	7	91
27441	195	80182	80171	80375	11	204	6	91
27441	196	80181	80170	80374	11	204	6	91
27441	197	80177	80168	80369	9	201	6	91
27441	198	80177	80164	80370	13	206	6	91
27441	199	80177	80167	80368	10	201	6	91
27441	200	80177	80168	80370	9	202	5	91
27441	201	80177	80167	80370	10	203	6	91
27441	202	80178	80167	80369	11	202	6	91
27441	203	80183	80174	80376	9	202	6	91
27441	204	80176	80167	80368	9	201	6	91
27441	205	80177	80167	80370	10	203	6	91
27441	206	80177	80167	80368	10	201	6	91
27441	207	80176	80167	80367	9	200	7	91
27441	208	80177	80166	80370	11	204	6	91
27441	209	80176	80166	80369	10	203	7	91
27441	210	80183	80174	80377	9	203	6	91
27441	211	80177	80167	80370	10	203	6	91
27441	212	80177	80167	80371	10	204	6	91
27441	213	80176	80167	80371	9	204	7	91
27441	214	80177	80168	80371	9	203	6	91
27441	215	80176	80167	80369	9	202	6	91
27441	216	80177	80167	80370	10	203	6	91
27441	217	80183	80174	80375	9	201	6	91
27441	218	80182	80172	80375	10	203	6	91
27441	219	80176	80168	80369	8	201	6	91
27441	220	80180	80169	80372	11	203	7	91
27441	221	80177	80168	80369	9	201	6	91
27441	222	80176	80169	80371	7	202	5	91
27441	223	80177	80167	80369	10	202	6	91
27441	224	80183	80175	80376	8	201	6	91
27441	225	80177	80168	80369	9	201	6	91
27441	226	80177	80166	80369	11	203	6	91
27441	227	80177	80167	80369	10	202	5	91
27441	228	80177	80167	80368	10	201	6	91
27441	229	80177	80168	80369	9	201	6	91
27441	230	80177	80169	80371	8	202	5	91
27441	231	80180	80172	80372	8	200	5	91
27441	232	80182	80172	80373	10	201	6	91
27441	233	80177	80168	80370	9	202	5	91
27441	234	80177	80167	80369	10	202	5	91
27441	235	80176	80168	80367	8	199	6	91
27441	236	80178	80170	80370	8	200	5	91
27441	237	80177	80168	80369	9	201	6	91
27441	238	80177	80169	80371	8	202	5	91
27441	239	80297	80171	80490	126	319	7	92
27441	240	80182	80173	80377	9	204	6	91
27441	241	80177	80169	80370	8	201	6	91
27441	242	80177	80169	80372	8	203	6	91
27441	243	80177	80169	80368	8	199	6	91
27441	244	80177	80168	80370	9	202	6	91
27441	245	80178	80167	80372	11	205	7	91
27441	246	80176	80167	80369	9	202	6	91
27441	247	80177	80167	80368	10	201	6	91
27441	248	80177	80168	80367	9	199	6	91
27441	249	80184	80174	80377	10	203	6	91
27441	250	80179	80170	80372	9	202	6	91
27441	251	80177	80169	80370	8	201	6	91
27441	252	80177	80167	80369	10	202	6	91
27441	253	80178	80168	80372	10	204	7	91
27441	254	80178	80168	80370	10	202	6	91
27441	255	80179	80168	80372	11	204	6	91
27441	256	80177	80169	80371	8	202	5	91
27441	257	80177	80166	80371	11	205	6	91
27441	258	80178	80170	80370	8	200	5	91
27441	259	80177	80168	80371	9	203	6	91
27441	260	80182	80173	80376	9	203	6	91
27441	261	80180	80171	80373	9	202	7	91
27441	262	80178	80167	80371	11	204	6	91
27441	263	80181	80171	80373	10	202	6	91
27441	264	80177	80169	80368	8	199	6	91
27441	265	80177	80169	80369	8	200	6	91
27441	266	80177	80166	80370	11	204	7	91
27441	267	80177	80167	80372	10	205	6	92
27441	268	80178	80169	80371	9	202	5	91
27441	269	80177	80167	80368	10	201	6	91
27441	270	80179	80169	80370	10	201	6	91
27441	271	80178	80168	80371	10	203	6	91
27441	272	80178	80167	80374	11	207	6	91
27441	273	80178	80169	80370	9	201	6	91
27441	274	80178	80169	80371	9	202	6	91
27441	275	80179	80171	80373	8	202	5	91
27441	276	80182	80174	80374	8	200	5	91
27441	277	80182	80173	80375	9	202	5	91
27441	278	80180	80170	80372	10	202	6	91
27441	279	80178	80169	80370	9	201	6	91
27441	280	80177	80169	80370	8	201	5	91
27441	281	80178	80168	80371	10	203	6	91
27441	282	80178	80168	80369	10	201	6	91
27441	283	80178	80170	80369	8	199	6	91
27441	284	80178	80169	80370	9	201	6	91
27441	285	80178	80169	80372	9	203	6	91
27441	286	80178	80168	80370	10	202	6	91
27441	287	80178	80169	80370	9	201	6	91
27441	288	80178	80169	80372	9	203	6	91
27441	289	80178	80169	80369	9	200	5	91
27441	290	80178	80169	80370	9	201	6	91
27441	291	80178	80170	80370	8	200	5	91
27441	292	80178	80167	80371	11	204	6	91
27441	293	80179	80169	80372	10	203	6	91
27441	294	80178	80169	80370	9	201	6	91
27441	295	80179	80168	80372	11	204	6	91
27441	296	80178	80169	80370	9	201	6	91
27441	297	80178	80168	80372	10	204	6	91
27441	298	80178	80168	80371	10	203	7	91
27441	299	80177	80169	80372	8	203	6	91
27441	300	80179	80171	80372	8	201	6	91
27441	301	80178	80168	80371	10	203	6	91
27441	302	80178	80169	80372	9	203	6	91
27441	303	80179	80170	80372	9	202	5	91
27441	304	80177	80169	80372	8	203	6	91
27441	305	80178	80170	80370	8	200	5	91
27441	306	80178	80168	80370	10	202	6	91
27441	307	80181	80171	80375	10	204	6	91
27441	308	80180	80171	80372	9	201	6	91
27441	309	80178	80170	80371	8	201	6	91
27441	310	80178	80169	80370	9	201	6	91
27441	311	80178	80170	80372	8	202	5	91
27441	312	80178	80169	80372	9	203	6	91
27441	313	80178	80170	80372	8	202	7	91
27441	314	80178	80169	80373	9	204	7	91
27441	315	80179	80168	80372	11	204	6	91
27441	316	80177	80170	80370	7	200	5	91
27441	317	80179	80168	80372	11	204	6	91
27441	318	80173	80165	80365	8	200	5	91
27441	319	80178	80169	80371	9	202	7	91
27441	320	80179	80169	80372	10	203	6	91
27441	321	80178	80169	80372	9	203	6	91
27441	322	80179	80170	80373	9	203	6	91
27441	323	80178	80170	80372	8	202	5	91
27441	324	80178	80166	80371	12	205	6	91
27441	325	80179	80171	80372	8	201	6	91
27441	326	80178	80170	80373	8	203	6	91
27441	327	80178	80169	80372	9	203	6	91
27441	328	80178	80170	80371	8	201	6	91
27441	329	80178	80171	80369	7	198	5	91
27441	330	80178	80170	80370	8	200	5	91
27441	331	80173	80166	80366	7	200	5	91
27441	332	80178	80169	80370	9	201	6	91
27441	333	80178	80170	80372	8	202	5	91
27441	334	80178	80166	80369	12	203	6	91
27441	335	80178	80169	80369	9	200	6	91
27441	336	80178	80170	80372	8	202	5	91
27441	337	80178	80169	80371	9	202	6	91
27441	338	80177	80170	80372	7	202	5	91
27441	339	80178	80170	80369	8	199	6	91
27441	340	80178	80169	80371	9	202	5	91
27441	341	80179	80170	80372	9	202	5	91
27441	342	80178	80168	80370	10	202	6	91
27441	343	80178	80168	80370	10	202	6	91
27441	344	80175	80166	80368	9	202	5	91
27441	345	80177	80166	80370	11	204	6	91
27441	346	80182	80169	80373	13	204	6	91
27441	347	80179	80169	80372	10	203	6	91
27441	348	80178	80169	80373	9	204	7	91
27441	349	80178	80169	80372	9	203	6	91
27441	350	80178	80170	80372	8	202	5	91
27441	351	80178	80169	80370	9	201	6	91
27441	352	80182	80172	80376	10	204	6	91
27441	353	80178	80169	80372	9	203	6	91
27441	354	80178	80168	80372	10	204	6	91
27441	355	80178	80167	80370	11	203	6	91
27441	356	80178	80168	80373	10	205	7	91
27441	357	80175	80166	80367	9	201	6	91
27441	358	80177	80166	80371	11	205	6	91
27441	359	80178	80170	80372	8	202	5	91
27441	360	80178	80167	80370	11	203	7	91
27441	361	80178	80169	80370	9	201	6	91
27441	362	80179	80169	80372	10	203	6	91
27441	363	80178	80169	80370	9	201	6	91
27441	364	80179	80167	80368	12	201	6	91
27441	365	80178	80169	80370	9	201	6	91
27441	366	80178	80171	80369	7	198	5	91
27441	367	80179	80169	80372	10	203	6	91
27441	368	80178	80169	80370	9	201	6	91
27441	369	80178	80170	80372	8	202	5	91
27441	370	80178	80169	80372	9	203	6	91
27441	371	80178	80168	80370	10	202	7	91
27441	372	80178	80169	80372	9	203	6	91
27441	373	80176	80168	80369	8	201	6	91
27441	374	80176	80166	80370	10	204	6	91
27441	375	80178	80169	80368	9	199	6	91
27441	376	80178	80170	80370	8	200	5	91
27441	377	80179	80168	80372	11	204	6	91
27441	378	80180	80169	80373	11	204	7	91
27441	379	80179	80168	80372	11	204	6	91
27441	380	80177	80169	80372	8	203	6	91
27441	381	80178	80169	80370	9	201	6	91
27441	382	80179	80169	80375	10	206	7	91
27441	383	80178	80168	80370	10	202	6	91
27441	384	80178	80168	80374	10	206	7	91
27441	385	80178	80171	80373	7	202	5	91
27441	386	80179	80168	80372	11	204	7	91
27441	387	80178	80166	80372	12	206	7	91
27441	388	80179	80167	80372	12	205	6	91
27441	389	80178	80169	80372	9	203	6	91
27441	390	80178	80169	80372	9	203	6	91
27441	391	80178	80169	80372	9	203	6	91
27441	392	80176	80165	80369	11	204	6	91
27441	393	80176	80167	80368	9	201	7	91
27441	394	80178	80170	80369	8	199	6	91
27441	395	80178	80168	80371	10	203	6	91
27441	396	80178	80170	80373	8	203	5	91
27441	397	80182	80172	80375	10	203	6	91
27441	398	80178	80171	80369	7	198	5	91
27441	399	80178	80169	80370	9	201	6	91
27441	400	80178	80169	80370	9	201	6	91
27441	401	80178	80168	80372	10	204	7	91
27441	402	80179	80170	80373	9	203	6	92
27441	403	80177	80170	80368	7	198	5	91
27441	404	80178	80166	80372	12	206	7	91
27441	405	80178	80170	80370	8	200	5	91
27441	406	80179	80170	80372	9	202	5	91
27441	407	80178	80168	80371	10	203	6	91
27441	408	80178	80170	80371	8	201	6	91
27441	409	80178	80169	80371	9	202	6	91
27441	410	80178	80169	80369	9	200	6	91
27441	411	80176	80167	80367	9	200	7	91
27441	412	80177	80166	80368	11	202	6	91
27441	413	80178	80169	80372	9	203	6	91
27441	414	80178	80171	80369	7	198	5	91
27441	415	80178	80169	80370	9	201	6	91
27441	416	80179	80170	80372	9	202	5	91
27441	417	80178	80170	80370	8	200	7	91
27441	418	80296	80171	80488	125	317	8	92
27441	419	80177	80167	80372	10	205	7	91
27441	420	80178	80168	80370	10	202	6	91
27441	421	80178	80169	80372	9	203	6	91
27441	422	80178	80169	80371	9	202	5	91
27441	423	80177	80169	80371	8	202	5	91
27441	424	80179	80167	80372	12	205	6	91
27441	425	80178	80170	80370	8	200	5	91
27441	426	80179	80169	80372	10	203	6	91
27441	427	80178	80168	80372	10	204	6	91
27441	428	80179	80169	80374	10	205	7	91
27441	429	80178	80169	80369	9	200	7	91
27441	430	80178	80168	80372	10	204	6	91
27441	431	80180	80171	80375	9	204	6	91
27441	432	80178	80169	80370	9	201	6	91
27441	433	80178	80169	80370	9	201	6	91
27441	434	80179	80169	80372	10	203	6	91
27441	435	80178	80169	80370	9	201	6	91
27441	436	80178	80169	80371	9	202	7	91
27441	437	80178	80170	80368	8	198	5	91
27441	438	80178	80171	80370	7	199	5	91
27441	439	80178	80167	80370	11	203	6	91
27441	440	80178	80169	80372	9	203	6	91
27441	441	80180	80172	80373	8	201	6	91
27441	442	80178	80166	80369	12	203	6	91
27441	443	80178	80170	80370	8	200	7	91
27441	444	80178	80169	80370	9	201	6	91
27441	445	80178	80170	80372	8	202	5	91
27441	446	80177	80169	80370	8	201	6	91
27441	447	80178	80168	80370	10	202	6	91
27441	448	80178	80168	80368	10	200	5	91
27441	449	80178	80169	80369	9	200	7	91
27441	450	80178	80168	80371	10	203	6	91
27441	451	80178	80169	80372	9	203	6	91
27441	452	80178	80170	80372	8	202	5	91
27441	453	80178	80169	80369	9	200	6	91
27441	454	80177	80167	80369	10	202	6	91
27441	455	80178	80169	80369	9	200	5	91
27441	456	80178	80167	80371	11	204	6	91
27441	457	80178	80169	80370	9	201	6	91
27441	458	80178	80169	80371	9	202	5	91
27441	459	80177	80166	80370	11	204	7	91
27441	460	80178	80169	80370	9	201	6	91
27441	461	80178	80169	80370	9	201	6	91
27441	462	80178	80169	80372	9	203	6	91
27441	463	80177	80167	80371	10	204	6	91
27441	464	80179	80171	80370	8	199	6	91
27441	465	80178	80169	80370	9	201	6	91
27441	466	80180	80171	80373	9	202	6	91
27441	467	80214	80181	80407	33	226	9	102
27441	468	80178	80168	80371	10	203	6	91
27441	469	80178	80169	80374	9	205	6	92
27441	470	80178	80169	80371	9	202	5	91
27441	471	80178	80169	80372	9	203	6	91
27441	472	80178	80169	80372	9	203	7	91
27441	473	80178	80169	80372	9	203	6	91
27441	474	80177	80168	80370	9	202	6	91
27441	475	80178	80169	80371	9	202	7	91
27441	476	80177	80168	80371	9	203	6	91
27441	477	80180	80170	80373	10	203	6	91
27441	478	80183	80172	80376	11	204	6	91
27441	479	80181	80171	80374	10	203	6	91
27441	480	80177	80170	80370	7	200	5	91
27441	481	80177	80168	80372	9	204	7	91
27441	482	80178	80169	80370	9	201	7	91
27441	483	80177	80168	80369	9	201	6	91
27441	484	80180	80169	80373	11	204	7	91
27441	485	80177	80170	80370	7	200	5	91
27441	486	80183	80173	80376	10	203	6	91
27441	487	80177	80168	80372	9	204	6	91
27441	488	80178	80168	80370	10	202	6	91
27441	489	80177	80168	80370	9	202	6	91
27441	490	80177	80168	80371	9	203	6	91
27441	491	80177	80167	80370	10	203	6	91
27441	492	80179	80168	80372	11	204	6	91
27441	493	80177	80168	80369	9	201	6	91
27441	494	80178	80166	80371	12	205	6	91
27441	495	80178	80169	80371	9	202	5	91
27441	496	80178	80168	80370	10	202	6	91
27441	497	80178	80167	80371	11	204	6	91
27441	498	80178	80168	80369	10	201	7	91
27441	499	80184	80175	80376	9	201	6	91
27441	500	80180	80170	80372	10	202	6	91
27441	501	80177	80169	80369	8	200	5	91
27441	502	80179	80170	80371	9	201	5	91
27441	503	80177	80167	80369	10	202	7	91
27441	504	80177	80168	80369	9	201	6	91
27441	505	80178	80168	80371	10	203	6	91
27441	506	80178	80168	80370	10	202	6	91
27441	507	80178	80169	80370	9	201	6	91
27441	508	80178	80167	80371	11	204	6	91
27441	509	80178	80167	80372	11	205	7	91
27441	510	80178	80169	80369	9	200	5	91
27441	511	80177	80169	80368	8	199	6	91
27441	512	80181	80170	80371	11	201	6	91
27441	513	80183	80173	80375	10	202	7	91
27441	514	80178	80169	80371	9	202	5	91
27441	515	80177	80168	80369	9	201	6	91
27441	516	80177	80168	80371	9	203	6	91
27441	517	80176	80168	80368	8	200	7	91
27441	518	80176	80168	80369	8	201	6	91
27441	519	80177	80169	80371	8	202	5	91
27441	520	80177	80169	80368	8	199	6	91
27441	521	80177	80169	80367	8	198	5	91
27441	522	80177	80167	80369	10	202	7	91
27441	523	80178	80167	80370	11	203	7	91
27441	524	80177	80168	80368	9	200	6	91
27441	525	80182	80172	80375	10	203	6	91
27441	526	80181	80173	80375	8	202	5	91
27441	527	80177	80170	80370	7	200	5	91
27441	528	80177	80169	80370	8	201	6	91
27441	529	80178	80168	80372	10	204	7	91
27441	530	80177	80167	80369	10	202	6	91
27441	531	80180	80172	80374	8	202	5	91
27441	532	80177	80168	80370	9	202	7	91
27441	533	80177	80168	80371	9	203	7	91
27441	534	80177	80169	80369	8	200	5	91
27441	535	80177	80167	80369	10	202	6	91
27441	536	80177	80167	80369	10	202	6	91
27441	537	80180	80169	80374	11	205	6	91
27441	538	80184	80175	80377	9	202	5	91
27441	539	80177	80167	80370	10	203	7	91
27441	540	80178	80166	80371	12	205	6	91
27441	541	80178	80168	80370	10	202	7	91
27441	542	80177	80168	80369	9	201	6	91
27441	543	80177	80169	80368	8	199	6	91
27441	544	80176	80168	80371	8	203	6	91
27441	545	80177	80168	80371	9	203	6	91
27441	546	80177	80168	80370	9	202	6	91
27441	547	80177	80170	80371	7	201	6	91
27441	548	80177	80167	80371	10	204	7	91
27441	549	80178	80169	80371	9	202	5	91
27441	550	80177	80168	80369	9	201	6	91
27441	551	80178	80168	80369	10	201	6	91
27441	552	80177	80169	80372	8	203	6	91
27441	553	80178	80168	80372	10	204	7	91
27441	554	80182	80173	80374	9	201	6	91
27441	555	80182	80172	80375	10	203	6	91
27441	556	80179	80170	80371	9	201	6	91
27441	557	80178	80169	80371	9	202	5	91
27441	558	80178	80168	80373	10	205	7	91
27441	559	80178	80169	80370	9	201	6	91
27441	560	80178	80166	80369	12	203	6	91
27441	561	80177	80169	80370	8	201	6	91
27441	562	80178	80169	80371	9	202	5	91
27441	563	80178	80169	80372	9	203	7	91
27441	564	80177	80169	80369	8	200	5	91
27441	565	80177	80166	80369	11	203	6	91
27441	566	80177	80168	80368	9	200	6	91
27441	567	80177	80169	80370	8	201	6	91
27441	568	80184	80176	80376	8	200	5	91
27441	569	80178	80168	80372	10	204	6	91
27441	570	80177	80168	80369	9	201	6	91
27441	571	80177	80168	80371	9	203	6	91
27441	572	80177	80168	80371	9	203	6	91
27441	573	80177	80168	80372	9	204	6	91
27441	574	80177	80169	80368	8	199	6	91
27441	575	80178	80170	80371	8	201	6	91
27441	576	80177	80167	80369	10	202	6	91
27441	577	80177	80170	80369	7	199	6	91
27441	578	80183	80175	80373	8	198	5	91
27441	579	80178	80169	80370	9	201	6	91
27441	580	80177	80168	80371	9	203	6	91
27441	581	80177	80166	80368	11	202	6	91
27441	582	80177	80168	80369	9	201	6	91
27441	583	80177	80167	80369	10	202	6	91
27441	584	80177	80168	80369	9	201	6	91
27441	585	80178	80167	80370	11	203	6	91
27441	586	80177	80168	80371	9	203	6	91
27441	587	80177	80168	80370	9	202	6	91
27441	588	80180	80171	80374	9	203	7	91
27441	589	80182	80172	80374	10	202	7	91
27441	590	80178	80168	80371	10	203	6	91
27441	591	80181	80171	80372	10	201	7	91
27441	592	80178	80169	80370	9	201	6	91
27441	593	80177	80168	80368	9	200	6	91
27441	594	80177	80168	80369	9	201	6	91
27441	595	80177	80167	80371	10	204	6	91
27441	596	80293	80171	80487	122	316	8	92
27441	597	80177	80169	80371	8	202	5	91
27441	598	80178	80169	80371	9	202	5	91
27441	599	80177	80166	80370	11	204	6	91
27441	600	80177	80170	80370	7	200	5	91
27441	601	80179	80170	80373	9	203	8	91
27441	602	80183	80174	80376	9	202	7	91
27441	603	80178	80167	80371	11	204	6	91
27441	604	80177	80169	80369	8	200	5	91
27441	605	80178	80168	80371	10	203	6	91
27441	606	80178	80169	80372	9	203	6	91
27441	607	80178	80169	80372	9	203	6	91
27441	608	80179	80170	80376	9	206	6	91
27441	609	80177	80169	80369	8	200	5	91
27441	610	80177	80167	80371	10	204	6	91
27441	611	80178	80168	80371	10	203	6	91
27441	612	80177	80169	80369	8	200	5	91
27441	613	80241	80180	80433	61	253	15	109
27441	614	80177	80167	80372	10	205	7	91
27441	615	80178	80168	80370	10	202	6	91
27441	616	80178	80169	80370	9	201	6	91
27441	617	80178	80168	80370	10	202	6	91
27441	618	80179	80170	80372	9	202	7	91
27441	619	80181	80172	80373	9	201	6	91
27441	620	80187	80179	80378	8	199	6	91
27441	621	80179	80169	80371	10	202	6	91
27441	622	80178	80169	80370	9	201	6	91
27441	623	80177	80169	80371	8	202	7	91
27441	624	80178	80168	80368	10	200	7	91
27441	625	80177	80167	80371	10	204	6	91
27441	626	80177	80169	80368	8	199	6	91
27441	627	80178	80169	80370	9	201	6	91
27441	628	80178	80169	80370	9	201	6	91
27441	629	80178	80167	80371	11	204	6	91
27441	630	80178	80167	80372	11	205	7	91
27441	631	80177	80167	80369	10	202	6	91
27441	632	80178	80168	80371	10	203	6	91
27441	633	80178	80169	80372	9	203	6	91
27441	634	80177	80168	80370	9	202	7	91
27441	635	80178	80169	80370	9	201	6	91
27441	636	80178	80168	80370	10	202	6	91
27441	637	80178	80168	80371	10	203	6	91
27441	638	80178	80169	80370	9	201	6	91
27441	639	80177	80170	80370	7	200	5	91
27441	640	80178	80165	80373	13	208	7	91
27441	641	80177	80169	80372	8	203	6	91
27441	642	80178	80167	80370	11	203	6	91
27441	643	80177	80167	80371	10	204	6	91
27441	644	80178	80166	80372	12	206	6	91
27441	645	80177	80169	80369	8	200	5	91
27441	646	80178	80169	80372	9	203	6	91
27441	647	80178	80167	80371	11	204	6	91
27441	648	80177	80167	80370	10	203	7	91
27441	649	80182	80172	80375	10	203	6	91
27441	650	80177	80169	80370	8	201	6	91
27441	651	80178	80168	80371	10	203	6	91
27441	652	80177	80167	80372	10	205	6	91
27441	653	80178	80170	80370	8	200	5	91
27441	654	80178	80169	80371	9	202	5	91
27441	655	80178	80167	80372	11	205	7	91
27441	656	80177	80170	80372	7	202	5	91
27441	657	80177	80169	80371	8	202	7	91
27441	658	80178	80170	80370	8	200	5	91
27441	659	80177	80169	80372	8	203	6	91
27441	660	80178	80167	80374	11	207	6	91
27441	661	80178	80169	80370	9	201	6	91
27441	662	80178	80169	80372	9	203	6	91
27441	663	80178	80169	80371	9	202	5	91
27441	664	80178	80168	80372	10	204	6	91
27441	665	80180	80172	80372	8	200	5	91
27441	666	80178	80168	80369	10	201	6	91
27441	667	80178	80168	80372	10	204	7	91
27441	668	80178	80171	80369	7	198	5	91
27441	669	80180	80170	80373	10	203	6	91
27441	670	80181	80171	80374	10	203	6	91
27441	671	80181	80173	80373	8	200	5	91
27441	672	80180	80171	80373	9	202	7	91
27441	673	80180	80172	80371	8	199	6	91
27441	674	80179	80171	80372	8	201	6	91
27441	675	80179	80170	80373	9	203	6	91
27441	676	80179	80168	80372	11	204	6	91
27441	677	80178	80167	80371	11	204	6	91
27441	678	80178	80168	80372	10	204	7	91
27441	679	80178	80168	80371	10	203	6	91
27441	680	80178	80168	80371	10	203	6	91
27441	681	80177	80167	80369	10	202	7	91
27441	682	80177	80169	80372	8	203	6	91
27441	683	80178	80167	80370	11	203	7	91
27441	684	80179	80169	80371	10	202	6	91
27441	685	80178	80169	80370	9	201	6	91
27441	686	80178	80168	80371	10	203	6	91
27441	687	80177	80170	80368	7	198	5	91
27441	688	80178	80167	80370	11	203	6	91
27441	689	80178	80167	80371	11	204	6	91
27441	690	80177	80168	80372	9	204	7	91
27441	691	80177	80170	80370	7	200	5	91
27441	692	80178	80169	80370	9	201	6	91
27441	693	80177	80169	80372	8	203	6	91
27441	694	80178	80169	80371	9	202	5	91
27441	695	80178	80168	80370	10	202	6	91
27441	696	80178	80170	80371	8	201	6	91
27441	697	80178	80168	80371	10	203	6	91
27441	698	80178	80169	80371	9	202	7	91
27441	699	80178	80170	80369	8	199	6	91
27441	700	80178	80168	80371	10	203	6	91
27441	701	80178	80170	80370	8	200	5	91
27441	702	80178	80170	80372	8	202	7	91
27441	703	80177	80170	80369	7	199	6	91
27441	704	80178	80168	80371	10	203	6	91
27441	705	80178	80169	80370	9	201	6	91
27441	706	80178	80170	80372	8	202	5	91
27441	707	80178	80168	80371	10	203	6	91
27441	708	80182	80170	80374	12	204	6	91
27441	709	80178	80170	80373	8	203	6	91
27441	710	80178	80169	80368	9	199	6	91
27441	711	80178	80168	80372	10	204	7	91
27441	712	80178	80169	80371	9	202	7	91
27441	713	80179	80171	80372	8	201	6	91
27441	714	80179	80170	80372	9	202	8	91
27441	715	80179	80169	80372	10	203	6	91
27441	716	80180	80171	80375	9	204	7	91
27441	717	80179	80169	80372	10	203	6	91
27441	718	80178	80168	80372	10	204	7	91
27441	719	80178	80169	80371	9	202	6	91
27441	720	80175	80166	80367	9	201	6	91
27441	721	80176	80167	80368	9	201	6	91
27441	722	80179	80168	80372	11	204	6	91
27441	723	80178	80170	80372	8	202	5	91
27441	724	80178	80168	80372	10	204	6	91
27441	725	80177	80168	80371	9	203	6	91
27441	726	80178	80168	80372	10	204	6	91
27441	727	80178	80169	80371	9	202	6	91
27441	728	80179	80169	80371	10	202	6	91
27441	729	80179	80168	80372	11	204	6	91
27441	730	80179	80167	80372	12	205	6	91
27441	731	80178	80166	80371	12	205	6	91
27441	732	80179	80169	80373	10	204	6	91
27441	733	80178	80169	80371	9	202	7	91
27441	734	80178	80170	80371	8	201	6	91
27441	735	80179	80169	80372	10	203	6	91
27441	736	80177	80170	80370	7	200	5	91
27441	737	80173	80165	80366	8	201	6	91
27441	738	80178	80166	80373	12	207	7	91
27441	739	80178	80169	80370	9	201	6	91
27441	740	80178	80169	80372	9	203	6	91
27441	741	80178	80168	80370	10	202	7	91
27441	742	80178	80168	80370	10	202	6	91
27441	743	80178	80171	80371	7	200	5	91
27441	744	80178	80169	80372	9	203	6	91
27441	745	80178	80170	80372	8	202	7	91
27441	746	80178	80168	80371	10	203	7	91
27441	747	80178	80168	80371	10	203	6	91
27441	748	80179	80171	80373	8	202	5	91
27441	749	80178	80169	80372	9	203	7	91
27441	750	80178	80169	80371	9	202	7	91
27441	751	80179	80169	80371	10	202	5	91
27441	752	80178	80168	80371	10	203	8	91
27441	753	80178	80169	80372	9	203	6	91
27441	754	80181	80172	80375	9	203	6	91
27441	755	80176	80168	80366	8	198	5	91
27441	756	80178	80168	80371	10	203	6	91
27441	757	80178	80169	80370	9	201	6	91
27441	758	80179	80169	80372	10	203	6	91
27441	759	80178	80169	80372	9	203	6	91
27441	760	80182	80171	80376	11	205	7	91
27441	761	80179	80169	80371	10	202	5	91
27441	762	80178	80170	80371	8	201	6	91
27441	763	80178	80168	80372	10	204	7	91
27441	764	80179	80169	80372	10	203	6	91
27441	765	80178	80169	80371	9	202	7	91
27441	766	80178	80168	80371	10	203	6	91
27441	767	80178	80168	80372	10	204	7	91
27441	768	80178	80169	80373	9	204	6	91
27441	769	80177	80169	80369	8	200	5	91
27441	770	80178	80167	80370	11	203	6	91
27441	771	80181	80171	80373	10	202	7	91
27441	772	80183	80171	80377	12	206	7	91
27441	773	80179	80170	80372	9	202	6	91
27441	774	80177	80168	80368	9	200	6	91
27441	775	80418	80181	80608	237	427	7	93
27441	776	80177	80169	80371	8	202	5	91
27441	777	80177	80167	80372	10	205	7	91
27441	778	80180	80170	80372	10	202	6	91
27441	779	80178	80168	80371	10	203	7	91
27441	780	80177	80168	80371	9	203	6	91
27441	781	80178	80168	80369	10	201	6	91
27441	782	80177	80169	80370	8	201	6	91
27441	783	80178	80169	80371	9	202	5	91
27441	784	80178	80169	80371	9	202	5	91
27441	785	80177	80168	80371	9	203	6	91
27441	786	80178	80168	80370	10	202	7	91
27441	787	80178	80170	80370	8	200	5	91
27441	788	80179	80169	80372	10	203	6	91
27441	789	80183	80173	80376	10	203	6	91
27441	790	80182	80174	80374	8	200	5	91
27441	791	80177	80168	80370	9	202	7	91
27441	792	80178	80168	80371	10	203	6	91
27441	793	80177	80169	80368	8	199	6	91
27441	794	80178	80170	80369	8	199	6	91
27441	795	80178	80169	80370	9	201	6	91
27441	796	80178	80169	80370	9	201	6	91
27441	797	80178	80167	80371	11	204	6	91
27441	798	80178	80166	80371	12	205	6	91
27441	799	80180	80169	80371	11	202	6	91
27441	800	80178	80169	80371	9	202	5	91
27441	801	80178	80167	80371	11	204	6	91
27441	802	80177	80169	80371	8	202	5	91
27441	803	80178	80168	80372	10	204	6	91
27441	804	80178	80168	80372	10	204	7	91
27441	805	80177	80169	80367	8	198	5	91
27441	806	80178	80168	80371	10	203	6	91
27441	807	80179	80171	80371	8	200	5	91
27441	808	80183	80172	80374	11	202	7	91
27441	809	80180	80172	80371	8	199	6	91
27441	810	80178	80167	80369	11	202	6	91
27441	811	80177	80167	80370	10	203	7	91
27441	812	80179	80168	80370	11	202	7	91
27441	813	80177	80168	80370	9	202	6	91
27441	814	80178	80169	80372	9	203	6	91
27441	815	80177	80167	80372	10	205	7	91
27441	816	80178	80169	80371	9	202	5	91
27441	817	80177	80168	80370	9	202	6	91
27441	818	80178	80166	80371	12	205	7	91
27441	819	80178	80169	80370	9	201	6	91
27441	820	80177	80167	80370	10	203	6	91
27441	821	80177	80169	80370	8	201	6	91
27441	822	80178	80169	80372	9	203	6	91
27441	823	80178	80169	80370	9	201	6	91
27441	824	80178	80168	80369	10	201	6	91
27441	825	80177	80169	80370	8	201	6	91
27441	826	80178	80168	80369	10	201	7	91
27441	827	80178	80169	80370	9	201	6	91
27441	828	80178	80169	80370	9	201	6	91
27441	829	80179	80168	80372	11	204	6	91
27441	830	80178	80168	80372	10	204	6	91
27441	831	80178	80169	80371	9	202	6	91
27441	832	80177	80168	80370	9	202	6	91
27441	833	80178	80169	80370	9	201	6	91
27441	834	80178	80168	80370	10	202	6	91
27441	835	80178	80168	80370	10	202	6	91
27441	836	80178	80167	80370	11	203	7	91
27441	837	80177	80168	80372	9	204	7	91
27441	838	80178	80168	80371	10	203	6	91
27441	839	80178	80169	80371	9	202	5	91
27441	840	80177	80168	80371	9	203	6	91
27441	841	80178	80166	80371	12	205	7	91
27441	842	80180	80171	80374	9	203	6	91
27441	843	80178	80168	80372	10	204	7	91
27441	844	80180	80170	80374	10	204	6	91
27441	845	80178	80169	80371	9	202	7	91
27441	846	80178	80168	80372	10	204	7	91
27441	847	80178	80169	80372	9	203	6	91
27441	848	80178	80168	80369	10	201	6	91
27441	849	80176	80166	80369	10	203	6	91
27441	850	80176	80164	80370	12	206	6	91
27441	851	80177	80167	80369	10	202	6	91
27441	852	80177	80170	80368	7	198	5	91
27441	853	80177	80168	80370	9	202	6	91
27441	854	80178	80169	80369	9	200	6	91
27441	855	80178	80170	80370	8	200	5	91
27441	856	80178	80170	80372	8	202	5	91
27441	857	80178	80169	80369	9	200	7	91
27441	858	80178	80169	80371	9	202	6	91
27441	859	80177	80169	80372	8	203	6	91
27441	860	80179	80168	80372	11	204	6	91
27441	861	80178	80169	80370	9	201	6	91
27441	862	80179	80171	80371	8	200	5	91
27441	863	80177	80169	80372	8	203	6	91
27441	864	80179	80169	80371	10	202	6	91
27441	865	80178	80169	80370	9	201	6	91
27441	866	80179	80168	80372	11	204	7	91
27441	867	80178	80169	80370	9	201	6	91
27441	868	80178	80169	80369	9	200	6	91
27441	869	80178	80168	80368	10	200	6	91
27441	870	80178	80168	80371	10	203	7	91
27441	871	80176	80168	80369	8	201	6	91
27441	872	80177	80168	80368	9	200	6	91
27441	873	80178	80169	80370	9	201	6	91
27441	874	80180	80171	80371	9	200	6	91
27441	875	80178	80165	80372	13	207	7	91
27441	876	80180	80171	80373	9	202	7	91
27441	877	80179	80168	80373	11	205	8	91
27441	878	80178	80168	80370	10	202	6	91
27441	879	80178	80170	80372	8	202	5	91
27441	880	80179	80168	80373	11	205	7	91
27441	881	80179	80169	80373	10	204	7	91
27441	882	80178	80170	80369	8	199	6	91
27441	883	80179	80170	80372	9	202	5	91
27441	884	80178	80168	80370	10	202	6	91
27441	885	80178	80168	80370	10	202	7	91
27441	886	80180	80170	80373	10	203	6	91
27441	887	80178	80168	80372	10	204	6	91
27441	888	80176	80168	80371	8	203	6	91
27441	889	80178	80169	80370	9	201	7	91
27441	890	80178	80170	80370	8	200	5	91
27441	891	80178	80167	80370	11	203	7	91
27441	892	80178	80168	80371	10	203	6	91
27441	893	80179	80169	80372	10	203	6	91
27441	894	80179	80169	80371	10	202	6	91
27441	895	80178	80168	80368	10	200	7	91
27441	896	80179	80170	80371	9	201	6	91
27441	897	80178	80169	80371	9	202	7	91
27441	898	80178	80170	80372	8	202	7	91
27441	899	80179	80169	80372	10	203	6	91
27441	900	80178	80170	80371	8	201	6	91
27441	901	80176	80166	80370	10	204	6	91
27441	902	80174	80165	80366	9	201	6	91
27441	903	80178	80170	80370	8	200	7	91
27441	904	80178	80168	80370	10	202	6	91
27441	905	80178	80170	80372	8	202	5	91
27441	906	80180	80172	80374	8	202	5	91
27441	907	80180	80172	80372	8	200	5	91
27441	908	80178	80168	80371	10	203	7	91
27441	909	80177	80168	80370	9	202	6	91
27441	910	80178	80169	80371	9	202	6	91
27441	911	80179	80169	80370	10	201	6	91
27441	912	80179	80168	80373	11	205	7	91
27441	913	80178	80168	80370	10	202	6	91
27441	914	80178	80170	80373	8	203	6	91
27441	915	80178	80169	80369	9	200	7	91
27441	916	80178	80167	80371	11	204	6	91
27441	917	80178	80168	80372	10	204	6	91
27441	918	80178	80170	80369	8	199	6	91
27441	919	80176	80166	80369	10	203	6	91
27441	920	80177	80167	80371	10	204	8	91
27441	921	80178	80168	80372	10	204	7	91
27441	922	80178	80169	80370	9	201	6	91
27441	923	80179	80168	80372	11	204	6	91
27441	924	80178	80169	80372	9	203	7	91
27441	925	80178	80169	80372	9	203	6	91
27441	926	80178	80168	80370	10	202	6	91
27441	927	80180	80172	80371	8	199	5	91
27441	928	80178	80169	80372	9	203	6	91
27441	929	80177	80169	80372	8	203	6	91
27441	930	80178	80169	80372	9	203	6	91
27441	931	80178	80170	80372	8	202	5	91
27441	932	80178	80169	80372	9	203	6	91
27441	933	80181	80170	80374	11	204	6	91
27441	934	80179	80168	80372	11	204	6	91
27441	935	80178	80169	80372	9	203	6	91
27441	936	80178	80169	80370	9	201	6	91
27441	937	80179	80169	80372	10	203	7	91
27441	938	80178	80170	80370	8	200	5	91
27441	939	80177	80170	80370	7	200	5	91
27441	940	80177	80168	80369	9	201	6	91
27441	941	80178	80169	80370	9	201	6	91
27441	942	80182	80172	80375	10	203	7	91
27441	943	80179	80168	80372	11	204	6	91
27441	944	80178	80167	80370	11	203	7	91
27441	945	80178	80167	80373	11	206	8	91
27441	946	80178	80167	80371	11	204	6	91
27441	947	80182	80173	80374	9	201	6	91
27441	948	80184	80172	80377	12	205	6	91
27441	949	80180	80169	80371	11	202	6	91
27441	950	80178	80169	80370	9	201	6	91
27441	951	80178	80169	80372	9	203	6	91
27441	952	80179	80168	80371	11	203	6	91
27441	953	80178	80169	80370	9	201	6	91
27441	954	80305	80182	80498	123	316	6	92
27441	955	80178	80168	80371	10	203	8	91
27441	956	80178	80168	80372	10	204	6	91
27441	957	80178	80169	80370	9	201	6	91
27441	958	80178	80169	80371	9	202	5	91
27441	959	80178	80169	80370	9	201	6	91
27441	960	80178	80170	80370	8	200	5	91
27441	961	80178	80169	80369	9	200	5	91
27441	962	80179	80169	80372	10	203	6	91
27441	963	80178	80170	80369	8	199	6	91
27441	964	80178	80168	80370	10	202	6	91
27441	965	80178	80169	80370	9	201	7	91
27441	966	80177	80168	80371	9	203	7	91
27441	967	80178	80170	80370	8	200	5	91
27441	968	80177	80167	80371	10	204	7	91
27441	969	80178	80167	80371	11	204	7	91
27441	970	80177	80168	80369	9	201	6	91
27441	971	80177	80167	80368	10	201	6	91
27441	972	80178	80170	80369	8	199	6	91
27441	973	80180	80171	80375	9	204	7	91
27441	974	80182	80173	80374	9	201	6	91
27441	975	80179	80170	80371	9	201	6	91
27441	976	80177	80166	80370	11	204	6	91
27441	977	80177	80169	80371	8	202	5	91
27441	978	80181	80171	80373	10	202	6	91
27441	979	80177	80167	80372	10	205	7	91
27441	980	80179	80168	80374	11	206	8	91
27441	981	80177	80167	80368	10	201	7	91
27441	982	80183	80173	80375	10	202	7	91
27441	983	80175	80166	80367	9	201	6	91
27441	984	80176	80167	80369	9	202	7	91
27441	985	80176	80165	80369	11	204	6	91
27441	986	80176	80168	80370	8	202	5	91
27441	987	80183	80175	80373	8	198	5	91
27441	988	80177	80167	80370	10	203	6	91
27441	989	80176	80166	80370	10	204	6	91
27441	990	80176	80167	80369	9	202	6	91
27441	991	80177	80168	80370	9	202	7	91
27441	992	80179	80171	80371	8	200	5	91
27441	993	80183	80173	80375	10	202	6	91
27441	994	80177	80167	80370	10	203	6	91
27441	995	80176	80166	80368	10	202	6	91
27441	996	80176	80167	80368	9	201	6	91
27441	997	80176	80167	80368	9	201	6	91
27441	998	80182	80172	80375	10	203	7	91
27441	999	80176	80167	80370	9	203	6	91
27441	1000	80177	80168	80370	9	202	5	91
