RUNID	ITERNUM	METIME	PRTIME	TPRTIME	DIFF	TDIFF	NRPROCS	NPROCS
27281	1	94209	94198	94407	11	209	6	93
27281	2	94210	94199	94409	11	210	7	93
27281	3	94205	94195	94405	10	210	6	93
27281	4	94212	94200	94409	12	209	6	93
27281	5	94206	94196	94404	10	208	6	93
27281	6	94210	94200	94410	10	210	7	93
27281	7	94322	94196	94518	126	322	8	94
27281	8	94213	94202	94411	11	209	6	93
27281	9	94204	94195	94404	9	209	6	93
27281	10	94212	94201	94410	11	209	5	93
27281	11	94204	94193	94403	11	210	7	93
27281	12	94212	94201	94411	11	210	6	93
27281	13	94203	94193	94402	10	209	7	93
27281	14	94212	94200	94410	12	210	7	93
27281	15	94205	94195	94406	10	211	8	93
27281	16	94211	94198	94407	13	209	7	93
27281	17	94208	94197	94406	11	209	7	93
27281	18	94208	94196	94405	12	209	5	93
27281	19	94210	94200	94407	10	207	6	93
27281	20	94203	94193	94403	10	210	7	93
27281	21	94210	94200	94408	10	208	7	93
27281	22	94204	94194	94404	10	210	6	93
27281	23	94211	94199	94410	12	211	6	93
27281	24	94203	94193	94399	10	206	7	93
27281	25	94213	94202	94411	11	209	6	93
27281	26	94205	94195	94403	10	208	7	93
27281	27	94215	94201	94414	14	213	8	93
27281	28	94204	94193	94403	11	210	7	93
27281	29	94213	94200	94410	13	210	6	93
27281	30	94205	94193	94405	12	212	8	94
27281	31	94214	94202	94410	12	208	6	93
27281	32	94203	94193	94399	10	206	7	93
27281	33	94211	94199	94410	12	211	7	93
27281	34	94208	94196	94406	12	210	6	93
27281	35	94205	94195	94402	10	207	6	93
27281	36	94213	94203	94412	10	209	5	93
27281	37	94206	94195	94404	11	209	6	93
27281	38	94214	94202	94412	12	210	6	93
27281	39	94204	94194	94404	10	210	6	93
27281	40	94213	94201	94409	12	208	6	93
27281	41	94204	94193	94401	11	208	6	93
27281	42	94212	94200	94410	12	210	6	93
27281	43	94205	94194	94403	11	209	6	93
27281	44	94212	94199	94411	13	212	7	93
27281	45	94206	94195	94405	11	210	7	93
27281	46	94207	94196	94405	11	209	6	93
27281	47	94208	94197	94406	11	209	6	93
27281	48	94203	94193	94400	10	207	6	93
27281	49	94212	94201	94409	11	208	6	93
27281	50	94205	94196	94404	9	208	5	93
27281	51	94212	94202	94410	10	208	6	93
27281	52	94204	94193	94403	11	210	6	93
27281	53	94212	94200	94410	12	210	6	93
27281	54	94204	94193	94401	11	208	6	93
27281	55	94209	94198	94407	11	209	6	93
27281	56	94209	94200	94408	9	208	5	93
27281	57	94206	94195	94403	11	208	6	93
27281	58	94210	94200	94409	10	209	6	93
27281	59	94204	94194	94402	10	208	5	93
27281	60	94215	94204	94410	11	206	6	93
27281	61	94202	94193	94399	9	206	5	93
27281	62	94212	94199	94410	13	211	7	93
27281	63	94203	94194	94403	9	209	6	93
27281	64	94212	94199	94410	13	211	7	93
27281	65	94204	94195	94403	9	208	5	93
27281	66	94211	94199	94409	12	210	6	93
27281	67	94203	94191	94401	12	210	6	93
27281	68	94213	94202	94412	11	210	6	93
27281	69	94203	94192	94400	11	208	6	93
27281	70	94209	94200	94408	9	208	5	93
27281	71	94203	94192	94402	11	210	6	93
27281	72	94210	94200	94408	10	208	5	93
27281	73	94206	94195	94405	11	210	6	93
27281	74	94210	94199	94408	11	209	7	93
27281	75	94206	94195	94403	11	208	6	93
27281	76	94211	94201	94408	10	207	6	93
27281	77	94205	94194	94402	11	208	6	93
27281	78	94211	94201	94409	10	208	5	93
27281	79	94204	94194	94404	10	210	6	93
27281	80	94210	94201	94407	9	206	5	93
27281	81	94206	94194	94404	12	210	6	93
27281	82	94210	94199	94406	11	207	6	93
27281	83	94204	94192	94402	12	210	7	93
27281	84	94211	94200	94409	11	209	7	93
27281	85	94205	94193	94405	12	212	8	93
27281	86	94214	94202	94412	12	210	6	93
27281	87	94204	94192	94402	12	210	7	93
27281	88	94212	94200	94411	12	211	7	93
27281	89	94203	94192	94402	11	210	7	93
27281	90	94212	94199	94408	13	209	6	93
27281	91	94203	94194	94401	9	207	6	93
27281	92	94211	94200	94409	11	209	7	93
27281	93	94203	94191	94401	12	210	6	93
27281	94	94211	94202	94411	9	209	5	93
27281	95	94203	94193	94400	10	207	6	93
27281	96	94208	94198	94406	10	208	6	93
27281	97	94203	94194	94405	9	211	5	93
27281	98	94211	94198	94409	13	211	7	93
27281	99	94205	94194	94404	11	210	6	93
27281	100	94211	94202	94408	9	206	5	93
27281	101	94206	94194	94403	12	209	7	93
27281	102	94210	94200	94407	10	207	6	93
27281	103	94207	94194	94405	13	211	6	93
27281	104	94211	94200	94409	11	209	6	93
27281	105	94206	94194	94404	12	210	6	93
27281	106	94210	94200	94410	10	210	7	93
27281	107	94207	94194	94405	13	211	6	93
27281	108	94212	94201	94409	11	208	6	93
27281	109	94203	94193	94400	10	207	6	93
27281	110	94212	94200	94411	12	211	6	93
27281	111	94208	94198	94407	10	209	5	93
27281	112	94207	94193	94402	14	209	6	93
27281	113	94210	94199	94409	11	210	8	93
27281	114	94207	94196	94405	11	209	7	93
27281	115	94211	94202	94409	9	207	6	93
27281	116	94206	94194	94405	12	211	7	93
27281	117	94210	94200	94409	10	209	6	93
27281	118	94206	94195	94406	11	211	7	93
27281	119	94210	94199	94409	11	210	7	93
27281	120	94203	94193	94401	10	208	6	93
27281	121	94214	94202	94413	12	211	7	93
27281	122	94203	94191	94402	12	211	7	93
27281	123	94214	94201	94412	13	211	7	93
27281	124	94204	94194	94402	10	208	7	93
27281	125	94209	94196	94405	13	209	7	93
27281	126	94210	94200	94407	10	207	6	93
27281	127	94207	94195	94406	12	211	7	93
27281	128	94211	94201	94411	10	210	6	93
27281	129	94207	94195	94407	12	212	6	93
27281	130	94204	94195	94401	9	206	5	93
27281	131	94213	94201	94411	12	210	6	93
27281	132	94204	94192	94402	12	210	6	93
27281	133	94211	94201	94408	10	207	6	93
27281	134	94208	94196	94406	12	210	6	93
27281	135	94204	94195	94403	9	208	5	93
27281	136	94212	94202	94411	10	209	5	93
27281	137	94206	94195	94404	11	209	6	93
27281	138	94215	94203	94414	12	211	7	93
27281	139	94204	94194	94403	10	209	6	93
27281	140	94207	94196	94407	11	211	7	93
27281	141	94213	94201	94412	12	211	6	93
27281	142	94208	94198	94405	10	207	5	93
27281	143	94208	94198	94407	10	209	6	93
27281	144	94211	94199	94408	12	209	6	93
27281	145	94205	94195	94404	10	209	6	93
27281	146	94212	94202	94409	10	207	6	93
27281	147	94206	94196	94403	10	207	5	93
27281	148	94205	94195	94403	10	208	5	93
27281	149	94213	94202	94410	11	208	6	93
27281	150	94205	94195	94403	10	208	5	93
27281	151	94208	94197	94406	11	209	7	93
27281	152	94210	94201	94410	9	209	6	93
27281	153	94206	94197	94405	9	208	6	93
27281	154	94211	94200	94407	11	207	6	93
27281	155	94208	94198	94407	10	209	5	93
27281	156	94206	94196	94402	10	206	5	93
27281	157	94212	94202	94411	10	209	6	93
27281	158	94206	94196	94403	10	207	5	93
27281	159	94324	94199	94527	125	328	8	95
27281	160	94213	94202	94412	11	210	6	93
27281	161	94204	94195	94402	9	207	6	93
27281	162	94208	94195	94406	13	211	6	93
27281	163	94210	94200	94409	10	209	6	93
27281	164	94206	94196	94406	10	210	6	93
27281	165	94212	94199	94410	13	211	7	93
27281	166	94208	94197	94407	11	210	6	93
27281	167	94207	94196	94405	11	209	6	93
27281	168	94213	94201	94412	12	211	7	93
27281	169	94205	94194	94403	11	209	6	93
27281	170	94204	94192	94401	12	209	6	93
27281	171	94213	94202	94412	11	210	6	93
27281	172	94206	94196	94404	10	208	6	93
27281	173	94213	94203	94409	10	206	6	93
27281	174	94207	94196	94404	11	208	6	93
27281	175	94206	94196	94404	10	208	6	93
27281	176	94212	94201	94410	11	209	6	93
27281	177	94209	94197	94407	12	210	6	93
27281	178	94205	94193	94404	12	211	6	93
27281	179	94216	94201	94414	15	213	6	93
27281	180	94208	94197	94406	11	209	7	93
27281	181	94206	94197	94407	9	210	5	93
27281	182	94210	94200	94407	10	207	6	93
27281	183	94209	94198	94404	11	206	6	93
27281	184	94208	94197	94406	11	209	6	93
27281	185	94212	94200	94409	12	209	6	93
27281	186	94208	94195	94406	13	211	6	93
27281	187	94205	94194	94402	11	208	6	93
27281	188	94214	94202	94413	12	211	6	93
27281	189	94206	94194	94404	12	210	6	93
27281	190	94206	94196	94404	10	208	6	93
27281	191	94211	94202	94412	9	210	6	94
27281	192	94207	94195	94403	12	208	6	93
27281	193	94204	94192	94403	12	211	6	93
27281	194	94211	94201	94409	10	208	5	93
27281	195	94207	94198	94405	9	207	5	93
27281	196	94207	94196	94407	11	211	7	93
27281	197	94213	94203	94412	10	209	7	93
27281	198	94205	94195	94403	10	208	7	93
27281	199	94207	94197	94406	10	209	5	93
27281	200	94205	94196	94403	9	207	6	93
27281	201	94212	94202	94412	10	210	6	93
27281	202	94206	94196	94400	10	204	5	93
27281	203	94245	94206	94441	39	235	9	104
27281	204	94211	94202	94409	9	207	6	93
27281	205	94208	94197	94407	11	210	6	93
27281	206	94205	94193	94403	12	210	7	93
27281	207	94205	94193	94402	12	209	7	93
27281	208	94215	94203	94414	12	211	7	93
27281	209	94206	94197	94404	9	207	6	93
27281	210	94208	94194	94407	14	213	6	93
27281	211	94211	94199	94407	12	208	6	93
27281	212	94210	94200	94409	10	209	5	93
27281	213	94206	94196	94404	10	208	6	93
27281	214	94206	94195	94406	11	211	6	93
27281	215	94213	94202	94411	11	209	6	93
27281	216	94207	94195	94405	12	210	6	93
27281	217	94208	94196	94407	12	211	7	93
27281	218	94213	94203	94412	10	209	5	93
27281	219	94205	94194	94403	11	209	7	93
27281	220	94205	94196	94403	9	207	6	93
27281	221	94212	94202	94409	10	207	5	93
27281	222	94207	94198	94406	9	208	6	93
27281	223	94208	94196	94406	12	210	6	93
27281	224	94206	94195	94405	11	210	7	93
27281	225	94213	94202	94411	11	209	7	93
27281	226	94204	94195	94404	9	209	6	93
27281	227	94207	94196	94407	11	211	7	93
27281	228	94211	94199	94411	12	212	7	93
27281	229	94208	94196	94406	12	210	6	93
27281	230	94204	94194	94404	10	210	6	93
27281	231	94213	94203	94413	10	210	6	93
27281	232	94205	94195	94402	10	207	6	93
27281	233	94207	94196	94405	11	209	6	93
27281	234	94214	94203	94412	11	209	5	93
27281	235	94207	94196	94405	11	209	6	93
27281	236	94211	94198	94409	13	211	8	93
27281	237	94210	94199	94408	11	209	6	93
27281	238	94208	94195	94406	13	211	6	93
27281	239	94212	94201	94410	11	209	6	93
27281	240	94208	94197	94408	11	211	6	93
27281	241	94205	94193	94404	12	211	7	93
27281	242	94213	94202	94411	11	209	5	93
27281	243	94205	94194	94402	11	208	6	93
27281	244	94207	94193	94406	14	213	7	93
27281	245	94212	94202	94410	10	208	5	93
27281	246	94204	94196	94404	8	208	5	93
27281	247	94206	94193	94405	13	212	6	93
27281	248	94211	94201	94410	10	209	6	93
27281	249	94206	94197	94404	9	207	5	93
27281	250	94204	94195	94402	9	207	6	93
27281	251	94213	94201	94412	12	211	6	93
27281	252	94206	94196	94403	10	207	6	93
27281	253	94207	94196	94405	11	209	5	93
27281	254	94212	94202	94410	10	208	6	93
27281	255	94208	94194	94410	14	216	8	94
27281	256	94208	94198	94404	10	206	5	93
27281	257	94211	94201	94409	10	208	6	93
27281	258	94204	94193	94402	11	209	6	93
27281	259	94211	94200	94408	11	208	7	93
27281	260	94207	94197	94405	10	208	6	93
27281	261	94205	94193	94403	12	210	6	93
27281	262	94214	94203	94411	11	208	6	93
27281	263	94205	94195	94402	10	207	6	93
27281	264	94206	94196	94404	10	208	6	93
27281	265	94212	94204	94410	8	206	5	93
27281	266	94207	94195	94403	12	208	6	93
27281	267	94207	94196	94405	11	209	6	93
27281	268	94215	94204	94413	11	209	5	93
27281	269	94205	94193	94403	12	210	6	93
27281	270	94207	94195	94408	12	213	6	93
27281	271	94210	94201	94409	9	208	5	93
27281	272	94205	94194	94402	11	208	6	93
27281	273	94213	94202	94410	11	208	6	93
27281	274	94205	94194	94404	11	210	6	93
27281	275	94207	94194	94405	13	211	6	93
27281	276	94212	94201	94411	11	210	6	93
27281	277	94206	94195	94404	11	209	6	93
27281	278	94205	94195	94404	10	209	6	93
27281	279	94214	94204	94413	10	209	5	93
27281	280	94204	94195	94401	9	206	7	93
27281	281	94208	94196	94406	12	210	6	93
27281	282	94212	94203	94411	9	208	5	93
27281	283	94205	94195	94405	10	210	7	93
27281	284	94205	94195	94402	10	207	6	93
27281	285	94212	94202	94409	10	207	6	93
27281	286	94206	94195	94402	11	207	7	93
27281	287	94210	94200	94410	10	210	6	93
27281	288	94210	94198	94408	12	210	6	93
27281	289	94204	94195	94402	9	207	6	93
27281	290	94212	94201	94410	11	209	6	93
27281	291	94206	94197	94403	9	206	5	93
27281	292	94206	94197	94406	9	209	5	93
27281	293	94211	94200	94407	11	207	6	93
27281	294	94206	94196	94406	10	210	6	93
27281	295	94205	94194	94403	11	209	6	93
27281	296	94213	94201	94409	12	208	6	93
27281	297	94206	94194	94403	12	209	6	93
27281	298	94207	94198	94404	9	206	5	93
27281	299	94212	94203	94410	9	207	5	93
27281	300	94206	94197	94405	9	208	5	93
27281	301	94207	94197	94406	10	209	5	93
27281	302	94212	94199	94407	13	208	6	93
27281	303	94207	94195	94405	12	210	6	93
27281	304	94211	94199	94410	12	211	6	93
27281	305	94209	94197	94407	12	210	6	93
27281	306	94205	94194	94403	11	209	6	93
27281	307	94214	94203	94411	11	208	6	93
27281	308	94204	94192	94400	12	208	6	93
27281	309	94206	94196	94404	10	208	5	93
27281	310	94213	94201	94410	12	209	6	93
27281	311	94323	94196	94521	127	325	8	94
27281	312	94207	94196	94405	11	209	5	93
27281	313	94211	94201	94407	10	206	5	93
27281	314	94207	94196	94405	11	209	5	93
27281	315	94211	94201	94411	10	210	7	93
27281	316	94208	94196	94405	12	209	7	93
27281	317	94205	94195	94403	10	208	5	93
27281	318	94213	94202	94411	11	209	7	93
27281	319	94206	94195	94405	11	210	7	93
27281	320	94207	94194	94403	13	209	6	93
27281	321	94212	94202	94409	10	207	6	93
27281	322	94206	94196	94403	10	207	6	93
27281	323	94210	94197	94408	13	211	6	93
27281	324	94208	94200	94406	8	206	5	93
27281	325	94208	94195	94405	13	210	6	93
27281	326	94276	94222	94475	54	253	15	111
27281	327	94208	94197	94405	11	208	6	93
27281	328	94205	94194	94404	11	210	7	93
27281	329	94215	94202	94413	13	211	6	93
27281	330	94204	94195	94403	9	208	5	93
27281	331	94208	94196	94407	12	211	6	93
27281	332	94212	94200	94408	12	208	6	93
27281	333	94204	94194	94403	10	209	6	93
27281	334	94211	94200	94410	11	210	7	93
27281	335	94206	94195	94403	11	208	6	93
27281	336	94207	94197	94407	10	210	6	93
27281	337	94210	94201	94410	9	209	6	93
27281	338	94206	94197	94402	9	205	5	93
27281	339	94205	94193	94404	12	211	7	93
27281	340	94214	94204	94413	10	209	5	93
27281	341	94204	94192	94403	12	211	6	93
27281	342	94214	94202	94411	12	209	6	93
27281	343	94206	94196	94403	10	207	6	93
27281	344	94206	94196	94405	10	209	5	93
27281	345	94210	94201	94408	9	207	6	93
27281	346	94204	94194	94403	10	209	6	93
27281	347	94206	94195	94403	11	208	6	93
27281	348	94211	94202	94411	9	209	6	93
27281	349	94207	94195	94405	12	210	6	93
27281	350	94208	94199	94407	9	208	5	93
27281	351	94211	94200	94411	11	211	7	93
27281	352	94206	94194	94404	12	210	6	93
27281	353	94213	94202	94412	11	210	6	93
27281	354	94204	94195	94401	9	206	5	93
27281	355	94206	94196	94406	10	210	6	93
27281	356	94211	94201	94410	10	209	6	93
27281	357	94208	94196	94406	12	210	7	93
27281	358	94205	94195	94402	10	207	6	93
27281	359	94212	94201	94408	11	207	6	93
27281	360	94207	94196	94406	11	210	6	93
27281	361	94206	94195	94403	11	208	7	93
27281	362	94214	94202	94412	12	210	7	93
27281	363	94206	94196	94405	10	209	6	93
27281	364	94208	94198	94406	10	208	6	93
27281	365	94211	94200	94410	11	210	6	93
27281	366	94208	94196	94407	12	211	6	93
27281	367	94209	94199	94406	10	207	6	93
27281	368	94211	94198	94408	13	210	7	93
27281	369	94206	94195	94403	11	208	6	93
27281	370	94213	94202	94411	11	209	5	93
27281	371	94206	94195	94402	11	207	6	93
27281	372	94205	94193	94402	12	209	6	93
27281	373	94213	94202	94410	11	208	6	93
27281	374	94204	94195	94403	9	208	6	93
27281	375	94207	94197	94404	10	207	5	93
27281	376	94211	94201	94411	10	210	7	93
27281	377	94207	94194	94406	13	212	6	93
27281	378	94205	94195	94402	10	207	6	93
27281	379	94214	94200	94411	14	211	6	93
27281	380	94205	94194	94402	11	208	6	93
27281	381	94207	94197	94406	10	209	5	93
27281	382	94212	94203	94411	9	208	5	93
27281	383	94206	94195	94403	11	208	6	93
27281	384	94211	94201	94412	10	211	7	94
27281	385	94205	94193	94402	12	209	6	93
27281	386	94206	94195	94406	11	211	7	93
27281	387	94212	94200	94408	12	208	6	93
27281	388	94206	94195	94404	11	209	5	93
27281	389	94205	94196	94403	9	207	6	93
27281	390	94212	94201	94409	11	208	6	93
27281	391	94205	94196	94403	9	207	6	93
27281	392	94212	94201	94412	11	211	7	93
27281	393	94204	94194	94401	10	207	6	93
27281	394	94206	94195	94403	11	208	6	93
27281	395	94211	94201	94411	10	210	6	93
27281	396	94206	94195	94405	11	210	6	93
27281	397	94212	94204	94409	8	205	6	93
27281	398	94207	94196	94406	11	210	6	93
27281	399	94206	94194	94405	12	211	7	93
27281	400	94212	94200	94411	12	211	8	93
27281	401	94207	94196	94405	11	209	5	93
27281	402	94211	94202	94408	9	206	5	93
27281	403	94206	94195	94405	11	210	6	93
27281	404	94204	94194	94403	10	209	6	93
27281	405	94214	94203	94412	11	209	7	93
27281	406	94203	94192	94400	11	208	6	93
27281	407	94212	94200	94412	12	212	6	93
27281	408	94207	94197	94406	10	209	6	93
27281	409	94206	94195	94403	11	208	6	93
27281	410	94210	94198	94409	12	211	6	93
27281	411	94205	94196	94401	9	205	6	93
27281	412	94211	94199	94409	12	210	6	93
27281	413	94203	94195	94401	8	206	5	93
27281	414	94206	94193	94404	13	211	6	93
27281	415	94211	94200	94408	11	208	6	93
27281	416	94207	94196	94410	11	214	7	94
27281	417	94210	94202	94408	8	206	5	93
27281	418	94205	94194	94405	11	211	7	93
27281	419	94205	94194	94400	11	206	7	93
27281	420	94213	94203	94411	10	208	6	93
27281	421	94205	94196	94403	9	207	6	93
27281	422	94211	94200	94409	11	209	6	93
27281	423	94204	94194	94402	10	208	5	93
27281	424	94212	94202	94411	10	209	6	93
27281	425	94207	94194	94406	13	212	7	93
27281	426	94205	94194	94403	11	209	6	93
27281	427	94212	94201	94410	11	209	7	93
27281	428	94206	94194	94402	12	208	6	93
27281	429	94213	94200	94411	13	211	6	93
27281	430	94204	94195	94403	9	208	5	93
27281	431	94212	94199	94410	13	211	7	93
27281	432	94203	94194	94403	9	209	6	93
27281	433	94208	94198	94405	10	207	5	93
27281	434	94210	94200	94409	10	209	6	93
27281	435	94206	94195	94405	11	210	6	93
27281	436	94210	94199	94410	11	211	7	93
27281	437	94204	94194	94402	10	208	6	93
27281	438	94212	94202	94410	10	208	6	93
27281	439	94205	94196	94405	9	209	6	93
27281	440	94210	94198	94409	12	211	7	93
27281	441	94209	94198	94408	11	210	6	93
27281	442	94206	94194	94405	12	211	7	93
27281	443	94210	94200	94408	10	208	6	93
27281	444	94207	94197	94406	10	209	5	93
27281	445	94211	94201	94410	10	209	6	93
27281	446	94209	94195	94407	14	212	6	93
27281	447	94207	94195	94406	12	211	7	93
27281	448	94210	94198	94412	12	214	7	94
27281	449	94204	94194	94402	10	208	7	93
27281	450	94211	94201	94409	10	208	5	93
27281	451	94207	94194	94405	13	211	6	93
27281	452	94211	94200	94409	11	209	6	93
27281	453	94206	94196	94403	10	207	5	93
27281	454	94205	94194	94400	11	206	6	93
27281	455	94214	94203	94411	11	208	6	93
27281	456	94203	94194	94403	9	209	7	93
27281	457	94213	94201	94411	12	210	6	93
27281	458	94204	94194	94403	10	209	6	93
27281	459	94214	94203	94413	11	210	6	93
27281	460	94205	94195	94404	10	209	6	93
27281	461	94205	94195	94403	10	208	5	93
27281	462	94211	94200	94408	11	208	6	93
27281	463	94438	94201	94632	237	431	7	95
27281	464	94214	94202	94412	12	210	6	93
27281	465	94206	94194	94405	12	211	7	93
27281	466	94209	94199	94409	10	210	6	93
27281	467	94210	94199	94408	11	209	7	93
27281	468	94206	94193	94404	13	211	6	93
27281	469	94212	94200	94411	12	211	7	93
27281	470	94206	94196	94403	10	207	5	93
27281	471	94211	94201	94408	10	207	6	93
27281	472	94206	94194	94403	12	209	6	93
27281	473	94205	94192	94401	13	209	6	93
27281	474	94211	94201	94410	10	209	5	93
27281	475	94204	94193	94400	11	207	7	93
27281	476	94211	94202	94411	9	209	6	93
27281	477	94208	94195	94406	13	211	7	93
27281	478	94211	94202	94409	9	207	6	93
27281	479	94208	94196	94407	12	211	6	93
27281	480	94205	94194	94407	11	213	7	94
27281	481	94213	94203	94412	10	209	5	93
27281	482	94204	94194	94401	10	207	6	93
27281	483	94212	94201	94410	11	209	6	93
27281	484	94207	94195	94403	12	208	6	93
27281	485	94207	94194	94407	13	213	6	93
27281	486	94210	94199	94407	11	208	7	93
27281	487	94204	94195	94402	9	207	6	93
27281	488	94212	94202	94410	10	208	6	93
27281	489	94206	94195	94404	11	209	6	93
27281	490	94213	94201	94411	12	210	7	93
27281	491	94204	94194	94401	10	207	6	93
27281	492	94207	94197	94407	10	210	6	93
27281	493	94212	94202	94409	10	207	6	93
27281	494	94207	94194	94405	13	211	6	93
27281	495	94210	94201	94410	9	209	6	93
27281	496	94206	94193	94404	13	211	6	93
27281	497	94211	94202	94410	9	208	5	93
27281	498	94207	94195	94405	12	210	6	93
27281	499	94210	94200	94408	10	208	6	93
27281	500	94204	94195	94402	9	207	6	93
27281	501	94211	94201	94410	10	209	5	93
27281	502	94207	94194	94405	13	211	7	93
27281	503	94206	94195	94403	11	208	6	93
27281	504	94210	94199	94407	11	208	6	93
27281	505	94207	94195	94403	12	208	6	93
27281	506	94210	94201	94405	9	204	5	93
27281	507	94205	94195	94405	10	210	6	93
27281	508	94212	94201	94408	11	207	6	93
27281	509	94205	94195	94406	10	211	7	93
27281	510	94211	94200	94408	11	208	6	93
27281	511	94204	94194	94404	10	210	6	93
27281	512	94210	94200	94408	10	208	5	93
27281	513	94203	94192	94402	11	210	7	93
27281	514	94213	94200	94409	13	209	6	93
27281	515	94203	94194	94401	9	207	6	93
27281	516	94212	94202	94410	10	208	6	93
27281	517	94203	94192	94400	11	208	6	93
27281	518	94212	94201	94411	11	210	6	93
27281	519	94203	94193	94401	10	208	7	93
27281	520	94212	94200	94408	12	208	6	93
27281	521	94202	94193	94402	9	209	6	93
27281	522	94215	94202	94413	13	211	6	93
27281	523	94203	94192	94402	11	210	6	93
27281	524	94210	94200	94411	10	211	6	93
27281	525	94203	94191	94401	12	210	6	93
27281	526	94209	94199	94406	10	207	6	93
27281	527	94206	94194	94403	12	209	7	93
27281	528	94209	94200	94409	9	209	6	93
27281	529	94205	94194	94404	11	210	6	93
27281	530	94210	94199	94408	11	209	6	93
27281	531	94206	94196	94403	10	207	5	93
27281	532	94209	94198	94407	11	209	6	93
27281	533	94204	94193	94404	11	211	6	93
27281	534	94210	94199	94408	11	209	5	93
27281	535	94204	94192	94402	12	210	6	93
27281	536	94210	94198	94406	12	208	7	93
27281	537	94208	94199	94406	9	207	6	93
27281	538	94205	94194	94403	11	209	5	93
27281	539	94210	94199	94407	11	208	5	93
27281	540	94205	94194	94402	11	208	6	93
27281	541	94208	94199	94406	9	207	6	93
27281	542	94209	94197	94405	12	208	6	93
27281	543	94207	94196	94406	11	210	6	93
27281	544	94211	94199	94408	12	209	7	93
27281	545	94203	94194	94400	9	206	5	93
27281	546	94212	94201	94409	11	208	6	93
27281	547	94204	94191	94400	13	209	6	93
27281	548	94211	94201	94408	10	207	5	93
27281	549	94204	94195	94403	9	208	5	93
27281	550	94210	94199	94407	11	208	6	93
27281	551	94211	94202	94409	9	207	5	93
27281	552	94204	94193	94401	11	208	6	93
27281	553	94211	94201	94409	10	208	6	93
27281	554	94203	94192	94402	11	210	7	93
27281	555	94212	94200	94408	12	208	6	93
27281	556	94204	94194	94404	10	210	7	93
27281	557	94211	94199	94408	12	209	7	93
27281	558	94211	94201	94410	10	209	6	93
27281	559	94205	94192	94400	13	208	6	93
27281	560	94212	94202	94413	10	211	7	93
27281	561	94203	94195	94399	8	204	5	93
27281	562	94209	94198	94407	11	209	6	93
27281	563	94203	94190	94401	13	211	6	93
27281	564	94212	94201	94410	11	209	5	93
27281	565	94204	94196	94400	8	204	5	93
27281	566	94211	94200	94408	11	208	6	93
27281	567	94208	94198	94407	10	209	6	93
27281	568	94210	94198	94406	12	208	6	93
27281	569	94211	94201	94410	10	209	6	93
27281	570	94206	94196	94403	10	207	5	93
27281	571	94209	94198	94408	11	210	6	93
27281	572	94206	94194	94404	12	210	6	93
27281	573	94209	94200	94408	9	208	5	93
27281	574	94207	94192	94405	15	213	6	93
27281	575	94209	94199	94407	10	208	6	93
27281	576	94203	94194	94399	9	205	6	93
27281	577	94213	94202	94412	11	210	6	93
27281	578	94203	94194	94400	9	206	5	93
27281	579	94212	94199	94412	13	213	6	93
27281	580	94203	94191	94399	12	208	6	93
27281	581	94213	94202	94412	11	210	6	93
27281	582	94203	94192	94400	11	208	6	93
27281	583	94212	94201	94411	11	210	6	93
27281	584	94203	94194	94402	9	208	5	93
27281	585	94214	94202	94412	12	210	6	93
27281	586	94203	94193	94402	10	209	6	93
27281	587	94211	94200	94409	11	209	6	93
27281	588	94204	94193	94403	11	210	6	93
27281	589	94211	94201	94408	10	207	6	93
27281	590	94205	94195	94401	10	206	6	93
27281	591	94211	94202	94411	9	209	6	93
27281	592	94205	94194	94402	11	208	6	93
27281	593	94211	94200	94408	11	208	6	93
27281	594	94205	94196	94403	9	207	5	93
27281	595	94210	94201	94407	9	206	5	93
27281	596	94205	94194	94405	11	211	6	93
27281	597	94210	94198	94408	12	210	7	93
27281	598	94205	94193	94404	12	211	6	93
27281	599	94211	94200	94410	11	210	7	93
27281	600	94205	94195	94406	10	211	7	93
27281	601	94209	94199	94407	10	208	7	93
27281	602	94206	94197	94406	9	209	6	93
27281	603	94206	94194	94405	12	211	6	93
27281	604	94211	94202	94407	9	205	6	93
27281	605	94205	94195	94403	10	208	6	93
27281	606	94211	94200	94410	11	210	6	93
27281	607	94205	94195	94405	10	210	6	93
27281	608	94210	94201	94407	9	206	5	93
27281	609	94205	94193	94403	12	210	7	93
27281	610	94210	94199	94409	11	210	6	93
27281	611	94207	94194	94407	13	213	7	93
27281	612	94210	94198	94404	12	206	6	93
27281	613	94204	94194	94402	10	208	5	93
27281	614	94213	94201	94409	12	208	6	93
27281	615	94204	94193	94404	11	211	7	93
27281	616	94336	94207	94534	129	327	7	94
27281	617	94211	94201	94407	10	206	6	93
27281	618	94206	94195	94404	11	209	5	93
27281	619	94210	94199	94407	11	208	6	93
27281	620	94206	94197	94404	9	207	5	93
27281	621	94210	94201	94409	9	208	5	93
27281	622	94206	94194	94404	12	210	6	93
27281	623	94210	94201	94407	9	206	5	93
27281	624	94207	94196	94406	11	210	6	93
27281	625	94209	94200	94409	9	209	6	93
27281	626	94205	94193	94403	12	210	6	93
27281	627	94210	94200	94407	10	207	6	93
27281	628	94203	94194	94401	9	207	6	93
27281	629	94210	94200	94409	10	209	6	93
27281	630	94206	94198	94402	8	204	5	93
27281	631	94206	94193	94402	13	209	6	93
27281	632	94211	94199	94408	12	209	6	93
27281	633	94206	94195	94404	11	209	7	93
27281	634	94210	94200	94405	10	205	6	93
27281	635	94207	94195	94406	12	211	7	93
27281	636	94217	94207	94414	10	207	6	93
27281	637	94206	94194	94404	12	210	6	93
27281	638	94205	94192	94405	13	213	7	93
27281	639	94211	94202	94408	9	206	5	93
27281	640	94204	94194	94402	10	208	5	93
27281	641	94210	94200	94408	10	208	6	93
27281	642	94205	94196	94403	9	207	5	93
27281	643	94205	94192	94402	13	210	7	93
27281	644	94212	94201	94411	11	210	6	93
27281	645	94205	94195	94406	10	211	7	93
27281	646	94210	94200	94408	10	208	6	93
27281	647	94210	94201	94409	9	208	6	93
27281	648	94207	94196	94408	11	212	7	93
27281	649	94212	94201	94410	11	209	6	93
27281	650	94209	94199	94408	10	209	5	93
27281	651	94206	94196	94405	10	209	6	93
27281	652	94211	94200	94410	11	210	7	93
27281	653	94204	94194	94406	10	212	7	93
27281	654	94206	94196	94402	10	206	5	93
27281	655	94214	94203	94412	11	209	6	93
27281	656	94204	94195	94402	9	207	6	93
27281	657	94209	94198	94407	11	209	5	93
27281	658	94211	94202	94410	9	208	5	93
27281	659	94207	94196	94406	11	210	6	93
27281	660	94205	94195	94405	10	210	7	93
27281	661	94215	94203	94412	12	209	6	93
27281	662	94206	94197	94403	9	206	5	93
27281	663	94207	94196	94407	11	211	6	93
27281	664	94212	94203	94411	9	208	5	93
27281	665	94207	94197	94407	10	210	6	93
27281	666	94204	94195	94404	9	209	6	93
27281	667	94211	94202	94411	9	209	6	93
27281	668	94206	94196	94405	10	209	7	93
27281	669	94205	94193	94402	12	209	6	93
27281	670	94213	94203	94412	10	209	5	93
27281	671	94206	94196	94405	10	209	6	93
27281	672	94209	94195	94407	14	212	6	93
27281	673	94211	94202	94411	9	209	6	93
27281	674	94210	94198	94409	12	211	6	93
27281	675	94210	94201	94406	9	205	6	93
27281	676	94208	94196	94406	12	210	6	93
27281	677	94205	94194	94403	11	209	6	93
27281	678	94211	94200	94410	11	210	6	93
27281	679	94210	94200	94407	10	207	6	93
27281	680	94205	94194	94404	11	210	6	93
27281	681	94207	94196	94407	11	211	6	93
27281	682	94206	94196	94405	10	209	6	93
27281	683	94215	94201	94411	14	210	6	93
27281	684	94209	94198	94406	11	208	6	93
27281	685	94207	94195	94406	12	211	6	93
27281	686	94205	94196	94404	9	208	5	93
27281	687	94207	94197	94404	10	207	5	93
27281	688	94212	94202	94412	10	210	6	93
27281	689	94207	94197	94406	10	209	5	93
27281	690	94205	94196	94402	9	206	7	93
27281	691	94207	94196	94404	11	208	7	93
27281	692	94212	94200	94410	12	210	6	93
27281	693	94206	94196	94406	10	210	7	93
27281	694	94208	94198	94407	10	209	7	93
27281	695	94205	94196	94402	9	206	5	93
27281	696	94213	94203	94409	10	206	6	93
27281	697	94204	94193	94400	11	207	7	93
27281	698	94207	94196	94406	11	210	6	93
27281	699	94207	94196	94405	11	209	6	93
27281	700	94209	94198	94407	11	209	7	93
27281	701	94213	94204	94410	9	206	5	93
27281	702	94210	94200	94407	10	207	5	93
27281	703	94206	94196	94403	10	207	6	93
27281	704	94207	94198	94403	9	205	5	93
27281	705	94207	94196	94401	11	205	6	93
27281	706	94206	94196	94405	10	209	6	93
27281	707	94208	94193	94406	15	213	6	93
27281	708	94211	94202	94409	9	207	6	93
27281	709	94209	94197	94408	12	211	6	93
27281	710	94206	94195	94404	11	209	6	93
27281	711	94209	94198	94406	11	208	7	93
27281	712	94210	94200	94409	10	209	6	93
27281	713	94209	94196	94405	13	209	6	93
27281	714	94212	94201	94410	11	209	6	93
27281	715	94208	94196	94405	12	209	6	93
27281	716	94206	94196	94402	10	206	5	93
27281	717	94209	94199	94408	10	209	5	93
27281	718	94205	94196	94404	9	208	5	93
27281	719	94212	94201	94410	11	209	6	93
27281	720	94209	94198	94405	11	207	5	93
27281	721	94206	94195	94403	11	208	6	93
27281	722	94209	94196	94408	13	212	7	93
27281	723	94206	94196	94403	10	207	6	93
27281	724	94209	94197	94408	12	211	7	93
27281	725	94206	94195	94403	11	208	6	93
27281	726	94210	94199	94407	11	208	6	93
27281	727	94208	94197	94406	11	209	6	93
27281	728	94210	94201	94409	9	208	6	93
27281	729	94207	94196	94403	11	207	6	93
27281	730	94208	94196	94406	12	210	6	93
27281	731	94207	94195	94405	12	210	6	93
27281	732	94208	94197	94405	11	208	6	93
27281	733	94207	94195	94405	12	210	6	93
27281	734	94207	94198	94405	9	207	6	93
27281	735	94209	94196	94407	13	211	6	93
27281	736	94208	94199	94405	9	206	5	93
27281	737	94209	94199	94407	10	208	6	93
27281	738	94208	94194	94406	14	212	6	93
27281	739	94208	94195	94406	13	211	6	93
27281	740	94207	94197	94404	10	207	6	93
27281	741	94212	94200	94412	12	212	7	93
27281	742	94210	94198	94408	12	210	7	93
27281	743	94207	94196	94403	11	207	6	93
27281	744	94208	94197	94409	11	212	6	93
27281	745	94206	94195	94405	11	210	6	93
27281	746	94208	94197	94406	11	209	6	93
27281	747	94206	94197	94405	9	208	5	93
27281	748	94210	94199	94410	11	211	7	93
27281	749	94207	94196	94405	11	209	6	93
27281	750	94211	94201	94408	10	207	5	93
27281	751	94207	94197	94404	10	207	6	93
27281	752	94209	94198	94408	11	210	6	93
27281	753	94209	94200	94406	9	206	5	93
27281	754	94212	94203	94410	9	207	5	93
27281	755	94207	94196	94405	11	209	6	93
27281	756	94205	94197	94403	8	206	5	93
27281	757	94209	94199	94406	10	207	5	93
27281	758	94206	94195	94405	11	210	6	93
27281	759	94214	94202	94412	12	210	6	93
27281	760	94208	94198	94406	10	208	5	93
27281	761	94209	94196	94409	13	213	7	93
27281	762	94205	94195	94402	10	207	6	93
27281	763	94208	94198	94409	10	211	6	93
27281	764	94212	94202	94411	10	209	6	93
27281	765	94208	94197	94405	11	208	6	93
27281	766	94206	94196	94404	10	208	7	93
27281	767	94205	94195	94407	10	212	6	93
27281	768	94330	94200	94527	130	327	7	94
27281	769	94205	94196	94404	9	208	5	93
27281	770	94207	94194	94405	13	211	6	93
27281	771	94212	94201	94410	11	209	6	93
27281	772	94206	94196	94404	10	208	6	93
27281	773	94205	94194	94401	11	207	6	93
27281	774	94215	94203	94413	12	210	6	93
27281	775	94205	94195	94404	10	209	6	93
27281	776	94207	94195	94403	12	208	6	93
27281	777	94212	94203	94410	9	207	6	93
27281	778	94208	94198	94406	10	208	6	93
27281	779	94204	94192	94401	12	209	6	93
27281	780	94211	94201	94410	10	209	6	93
27281	781	94205	94194	94403	11	209	6	93
27281	782	94206	94197	94405	9	208	5	93
27281	783	94213	94203	94410	10	207	5	93
27281	784	94205	94196	94403	9	207	6	93
27281	785	94208	94197	94405	11	208	6	93
27281	786	94210	94199	94408	11	209	6	93
27281	787	94206	94195	94403	11	208	6	93
27281	788	94212	94202	94410	10	208	6	93
27281	789	94207	94197	94404	10	207	5	93
27281	790	94210	94199	94409	11	210	6	93
27281	791	94207	94196	94407	11	211	6	93
27281	792	94208	94200	94406	8	206	5	93
27281	793	94210	94197	94408	13	211	6	93
27281	794	94205	94195	94404	10	209	6	93
27281	795	94211	94199	94409	12	210	6	93
27281	796	94206	94196	94402	10	206	6	93
27281	797	94210	94200	94407	10	207	6	93
27281	798	94205	94195	94406	10	211	7	93
27281	799	94210	94201	94409	9	208	5	93
27281	800	94206	94192	94402	14	210	7	93
27281	801	94210	94199	94409	11	210	6	93
27281	802	94206	94196	94405	10	209	7	93
27281	803	94211	94199	94407	12	208	6	93
27281	804	94206	94197	94404	9	207	5	93
27281	805	94211	94200	94408	11	208	6	93
27281	806	94206	94194	94406	12	212	7	93
27281	807	94210	94199	94407	11	208	6	93
27281	808	94203	94194	94401	9	207	6	93
27281	809	94212	94199	94408	13	209	6	93
27281	810	94203	94192	94402	11	210	7	93
27281	811	94207	94194	94405	13	211	6	93
27281	812	94212	94201	94409	11	208	6	93
27281	813	94207	94196	94404	11	208	6	93
27281	814	94211	94201	94409	10	208	6	93
27281	815	94206	94195	94405	11	210	6	93
27281	816	94211	94199	94410	12	211	7	93
27281	817	94207	94195	94405	12	210	6	93
27281	818	94206	94196	94403	10	207	6	93
27281	819	94212	94200	94410	12	210	6	93
27281	820	94204	94195	94401	9	206	5	93
27281	821	94210	94201	94409	9	208	6	93
27281	822	94205	94196	94403	9	207	5	93
27281	823	94211	94200	94410	11	210	6	93
27281	824	94206	94194	94404	12	210	6	93
27281	825	94206	94196	94404	10	208	5	93
27281	826	94215	94204	94413	11	209	6	93
27281	827	94203	94194	94400	9	206	5	93
27281	828	94212	94200	94411	12	211	6	93
27281	829	94204	94194	94403	10	209	6	93
27281	830	94211	94200	94409	11	209	6	93
27281	831	94203	94192	94400	11	208	6	93
27281	832	94210	94201	94409	9	208	5	93
27281	833	94203	94194	94402	9	208	6	93
27281	834	94210	94201	94410	9	209	6	93
27281	835	94206	94193	94403	13	210	7	93
27281	836	94209	94199	94407	10	208	5	93
27281	837	94207	94197	94406	10	209	5	93
27281	838	94205	94195	94404	10	209	6	93
27281	839	94211	94202	94409	9	207	5	93
27281	840	94205	94194	94403	11	209	6	93
27281	841	94212	94200	94411	12	211	7	93
27281	842	94205	94196	94402	9	206	5	93
27281	843	94212	94201	94411	11	210	6	93
27281	844	94204	94194	94403	10	209	6	93
27281	845	94212	94201	94409	11	208	6	93
27281	846	94207	94195	94404	12	209	6	93
27281	847	94206	94197	94403	9	206	6	93
27281	848	94211	94200	94410	11	210	6	93
27281	849	94203	94194	94403	9	209	6	93
27281	850	94213	94202	94411	11	209	5	93
27281	851	94203	94192	94399	11	207	6	93
27281	852	94213	94202	94410	11	208	6	93
27281	853	94203	94192	94401	11	209	6	93
27281	854	94213	94201	94411	12	210	6	93
27281	855	94203	94192	94402	11	210	6	93
27281	856	94209	94199	94408	10	209	6	93
27281	857	94202	94193	94402	9	209	6	93
27281	858	94212	94199	94410	13	211	6	93
27281	859	94205	94194	94402	11	208	6	93
27281	860	94209	94198	94403	11	205	6	93
27281	861	94206	94194	94402	12	208	6	93
27281	862	94209	94200	94406	9	206	5	93
27281	863	94210	94200	94410	10	210	6	93
27281	864	94204	94193	94402	11	209	6	93
27281	865	94211	94199	94409	12	210	6	93
27281	866	94202	94191	94399	11	208	6	93
27281	867	94213	94200	94412	13	212	6	93
27281	868	94207	94199	94407	8	208	5	93
27281	869	94206	94195	94404	11	209	6	93
27281	870	94213	94198	94411	15	213	6	93
27281	871	94203	94190	94399	13	209	7	93
27281	872	94213	94202	94411	11	209	5	93
27281	873	94204	94195	94403	9	208	5	93
27281	874	94210	94200	94410	10	210	6	93
27281	875	94203	94192	94402	11	210	6	93
27281	876	94213	94201	94412	12	211	6	93
27281	877	94202	94193	94399	9	206	5	93
27281	878	94211	94199	94407	12	208	6	93
27281	879	94203	94193	94402	10	209	6	93
27281	880	94211	94199	94410	12	211	6	93
27281	881	94206	94196	94404	10	208	7	93
27281	882	94209	94201	94407	8	206	5	93
27281	883	94206	94197	94404	9	207	5	93
27281	884	94208	94199	94407	9	208	5	93
27281	885	94210	94195	94405	15	210	6	93
27281	886	94209	94199	94408	10	209	6	93
27281	887	94203	94192	94402	11	210	6	93
27281	888	94208	94199	94406	9	207	6	93
27281	889	94212	94200	94410	12	210	6	93
27281	890	94209	94199	94407	10	208	6	93
27281	891	94204	94193	94402	11	209	7	93
27281	892	94208	94198	94406	10	208	7	93
27281	893	94208	94198	94410	10	212	7	93
27281	894	94207	94197	94406	10	209	6	93
27281	895	94207	94199	94405	8	206	5	93
27281	896	94209	94197	94406	12	209	6	93
27281	897	94206	94195	94403	11	208	5	93
27281	898	94208	94196	94405	12	209	6	93
27281	899	94208	94196	94406	12	210	6	93
27281	900	94209	94198	94408	11	210	6	93
27281	901	94210	94197	94408	13	211	7	93
27281	902	94213	94200	94412	13	212	7	93
27281	903	94208	94199	94405	9	206	5	93
27281	904	94209	94197	94407	12	210	6	93
27281	905	94210	94199	94408	11	209	6	93
27281	906	94204	94190	94404	14	214	6	93
27281	907	94208	94198	94404	10	206	7	93
27281	908	94207	94199	94408	8	209	6	93
27281	909	94211	94199	94411	12	212	7	93
27281	910	94201	94193	94400	8	207	6	93
27281	911	94210	94198	94408	12	210	7	93
27281	912	94208	94199	94405	9	206	5	93
27281	913	94212	94198	94410	14	212	6	93
27281	914	94202	94192	94400	10	208	7	93
27281	915	94210	94200	94406	10	206	6	93
27281	916	94209	94197	94408	12	211	7	93
27281	917	94209	94198	94406	11	208	6	93
27281	918	94207	94197	94407	10	210	6	93
27281	919	94208	94198	94405	10	207	6	93
27281	920	94322	94193	94519	129	326	7	94
27281	921	94208	94198	94405	10	207	6	93
27281	922	94211	94198	94409	13	211	6	93
27281	923	94209	94199	94409	10	210	6	93
27281	924	94205	94191	94402	14	211	6	93
27281	925	94209	94199	94408	10	209	6	93
27281	926	94208	94197	94405	11	208	6	93
27281	927	94206	94196	94404	10	208	6	93
27281	928	94211	94199	94409	12	210	6	93
27281	929	94202	94191	94400	11	209	6	93
27281	930	94210	94200	94408	10	208	6	93
27281	931	94209	94197	94407	12	210	7	93
27281	932	94207	94196	94403	11	207	6	93
27281	933	94207	94197	94404	10	207	5	93
27281	934	94209	94199	94409	10	210	7	93
27281	935	94206	94194	94404	12	210	6	93
27281	936	94210	94199	94408	11	209	6	93
27281	937	94205	94194	94404	11	210	6	93
27281	938	94210	94199	94408	11	209	6	93
27281	939	94206	94196	94403	10	207	5	93
27281	940	94215	94204	94411	11	207	7	93
27281	941	94207	94196	94403	11	207	6	93
27281	942	94206	94197	94404	9	207	6	93
27281	943	94212	94203	94411	9	208	5	93
27281	944	94206	94195	94402	11	207	6	93
27281	945	94205	94194	94403	11	209	6	93
27281	946	94212	94201	94412	11	211	7	93
27281	947	94204	94193	94404	11	211	7	93
27281	948	94214	94204	94414	10	210	6	93
27281	949	94205	94196	94401	9	205	6	93
27281	950	94207	94193	94403	14	210	7	93
27281	951	94211	94201	94408	10	207	6	93
27281	952	94205	94194	94404	11	210	6	93
27281	953	94210	94200	94406	10	206	5	93
27281	954	94207	94195	94405	12	210	6	93
27281	955	94211	94199	94410	12	211	6	93
27281	956	94206	94194	94404	12	210	6	93
27281	957	94210	94200	94409	10	209	6	93
27281	958	94204	94193	94403	11	210	6	93
27281	959	94207	94196	94404	11	208	6	93
27281	960	94211	94201	94411	10	210	7	93
27281	961	94207	94196	94404	11	208	6	93
27281	962	94211	94202	94408	9	206	5	93
27281	963	94206	94194	94405	12	211	6	93
27281	964	94210	94201	94409	9	208	5	93
27281	965	94207	94198	94405	9	207	5	93
27281	966	94204	94195	94400	9	205	6	93
27281	967	94214	94201	94411	13	210	6	93
27281	968	94205	94193	94403	12	210	6	93
27281	969	94212	94202	94411	10	209	6	93
27281	970	94204	94195	94403	9	208	5	93
27281	971	94206	94196	94402	10	206	6	93
27281	972	94214	94204	94413	10	209	5	93
27281	973	94204	94193	94401	11	208	6	93
27281	974	94212	94202	94408	10	206	6	93
27281	975	94204	94194	94403	10	209	6	93
27281	976	94212	94203	94410	9	207	5	93
27281	977	94205	94195	94402	10	207	6	93
27281	978	94209	94198	94406	11	208	6	93
27281	979	94211	94202	94411	9	209	6	93
27281	980	94206	94196	94405	10	209	7	93
27281	981	94211	94200	94409	11	209	6	93
27281	982	94206	94195	94402	11	207	6	93
27281	983	94207	94196	94408	11	212	6	93
27281	984	94211	94202	94410	9	208	6	93
27281	985	94206	94193	94404	13	211	6	93
27281	986	94210	94201	94406	9	205	6	93
27281	987	94206	94194	94405	12	211	7	93
27281	988	94209	94198	94405	11	207	6	93
27281	989	94209	94196	94407	13	211	6	93
27281	990	94204	94193	94402	11	209	6	93
27281	991	94213	94201	94412	12	211	7	93
27281	992	94204	94193	94402	11	209	6	93
27281	993	94211	94200	94409	11	209	7	93
27281	994	94204	94194	94401	10	207	6	93
27281	995	94210	94202	94410	8	208	5	93
27281	996	94205	94196	94403	9	207	5	93
27281	997	94207	94196	94404	11	208	6	93
27281	998	94212	94201	94412	11	211	7	93
27281	999	94204	94193	94402	11	209	6	93
27281	1000	94212	94202	94408	10	206	6	93
