ALGRUNID	ITERNUM	U_TIME	S_TIME	PRTIME	ALL_U_TIME	ALL_S_TIME	ALL_MIN_FLT	ALL_MAJ_FLT	ALL_NIVCSW	ALL_NVCSW	ALL_CPU_COUNT	ALL_CPU_DELAY	ALL_BLKIO_COUNT	ALL_SWAPIN_COUNT	ALL_SWAPIN_DELAY	ALL_FREEPGS_COUNT	ALL_FREEPGS_DELAY	ALL_READ_BYTES	ALL_READ_CHAR	ALL_READ_SYSCALLS	ALL_WRITE_BYTES	ALL_WRITE_CHAR	ALL_WRITE_SYSCALLS
19060	1	96200	5	96205	194	13	1118	0	0	0	0	0	0	0	0	0	0	0	11480	23	16384	0	0
19060	2	96206	1	96207	192	21	1120	0	0	0	0	0	0	0	0	0	0	0	11480	20	12288	0	0
19060	3	96202	1	96203	194	18	1115	0	0	0	0	0	0	0	0	0	0	0	11480	20	16384	0	0
19060	4	96200	1	96201	194	18	1122	0	0	0	0	0	0	0	0	0	0	0	11480	23	12288	0	0
19060	5	96204	0	96204	196	18	1121	0	0	0	0	0	0	0	0	0	0	0	11480	20	16384	0	0
19060	6	96205	6	96211	188	21	1118	0	0	0	0	0	0	0	0	0	0	0	11480	20	28672	0	0
19060	7	96200	3	96203	192	19	1118	0	0	0	0	0	0	0	0	0	0	0	11480	23	16384	0	0
19060	8	96202	3	96205	196	17	1115	0	0	0	0	0	0	0	0	0	0	0	11480	20	16384	0	0
19060	9	96201	3	96204	194	16	1122	0	0	0	0	0	0	0	0	0	0	0	11480	20	16384	0	0
19060	10	96201	1	96202	192	19	1121	0	0	0	0	0	0	0	0	0	0	0	11480	23	12288	0	0
19060	11	96204	2	96206	190	22	1118	0	0	0	0	0	0	0	0	0	0	0	11480	20	16384	0	0
19060	12	96205	4	96209	188	20	1117	0	0	0	0	0	0	0	0	0	0	0	11480	20	16384	0	0
19060	13	96206	0	96206	194	17	1116	0	0	0	0	0	0	0	0	0	0	0	11480	20	16384	0	0
19060	14	96200	5	96205	194	15	1117	0	0	0	0	0	0	0	0	0	0	0	11480	23	16384	0	0
19060	15	96203	2	96205	190	21	1115	0	0	0	0	0	0	0	0	0	0	0	11480	20	16384	0	0
19060	16	96202	2	96204	196	13	1117	0	0	0	0	0	0	0	0	0	0	0	11480	20	16384	0	0
19060	17	96202	5	96207	193	19	1115	0	0	0	0	0	0	0	0	0	0	0	11480	23	12288	0	0
19060	18	96200	2	96202	188	20	1120	0	0	0	0	0	0	0	0	0	0	0	11480	20	16384	0	0
19060	19	96203	0	96203	192	19	1121	0	0	0	0	0	0	0	0	0	0	0	11480	20	12288	0	0
19060	20	96202	3	96205	190	19	1117	0	0	0	0	0	0	0	0	0	0	0	11480	23	16384	0	0
19060	21	96205	2	96207	190	22	1118	0	0	0	0	0	0	0	0	0	0	0	11480	20	16384	0	0
19060	22	96200	4	96204	194	17	1117	0	0	0	0	0	0	0	0	0	0	0	11480	20	16384	0	0
19060	23	96202	1	96203	196	16	1118	0	0	0	0	0	0	0	0	0	0	0	11480	23	16384	0	0
19060	24	96203	3	96206	194	16	1115	0	0	0	0	0	0	0	0	0	0	0	11480	20	16384	0	0
19060	25	96203	0	96203	195	18	1118	0	0	0	0	0	0	0	0	0	0	0	11480	20	16384	0	0
19060	26	96207	1	96208	196	20	1117	0	0	0	0	0	0	0	0	0	0	0	11480	23	53248	7	0
19060	27	96201	1	96202	190	22	1121	0	0	0	0	0	0	0	0	0	0	0	11480	20	16384	0	0
19060	28	96202	1	96203	190	24	1122	0	0	0	0	0	0	0	0	0	0	0	11480	20	16384	0	0
19060	29	96203	2	96205	192	19	2237	0	0	0	0	0	0	0	0	0	0	0	22960	43	16384	0	0
19060	30	96203	1	96204	195	16	1117	0	0	0	0	0	0	0	0	0	0	0	11480	20	16384	0	0
19060	31	96201	6	96207	194	16	1118	0	0	0	0	0	0	0	0	0	0	0	11480	20	32768	0	0
19060	32	96201	3	96204	192	19	1117	0	0	0	0	0	0	0	0	0	0	0	11480	23	16384	0	0
19060	33	96201	3	96204	190	20	1115	0	0	0	0	0	0	0	0	0	0	0	11480	20	16384	0	0
19060	34	96205	1	96206	190	19	1117	0	0	0	0	0	0	0	0	0	0	0	11480	20	16384	0	0
19060	35	96205	2	96207	192	20	1115	0	0	0	0	0	0	0	0	0	0	0	11480	23	16384	0	0
19060	36	96203	2	96205	192	18	1120	0	0	0	0	0	0	0	0	0	0	0	11480	20	16384	0	0
19060	37	96203	4	96207	188	22	1120	0	0	0	0	0	0	0	0	0	0	0	11480	20	12288	0	0
19060	38	96199	5	96204	192	19	1117	0	0	0	0	0	0	0	0	0	0	0	11480	23	16384	0	0
19060	39	96202	5	96207	190	20	1117	0	0	0	0	0	0	0	0	0	0	0	11480	20	16384	0	0
19060	40	96204	0	96204	188	22	1117	0	0	0	0	0	0	0	0	0	0	0	11480	20	16384	0	0
19060	41	96202	3	96205	186	25	1117	0	0	0	0	0	0	0	0	0	0	0	11480	23	16384	0	0
19060	42	96204	2	96206	196	13	1115	0	0	0	0	0	0	0	0	0	0	0	11480	20	16384	0	0
19060	43	96206	0	96206	198	13	1116	0	0	0	0	0	0	0	0	0	0	0	11480	20	16384	0	0
19060	44	96202	4	96206	196	15	1115	0	0	0	0	0	0	0	0	0	0	0	11480	20	16384	0	0
19060	45	96203	2	96205	194	15	1122	0	0	0	0	0	0	0	0	0	0	0	11480	23	16384	0	0
19060	46	96202	3	96205	190	19	1121	0	0	0	0	0	0	0	0	0	0	0	11480	20	16384	0	0
19060	47	96203	1	96204	196	18	1117	0	0	0	0	0	0	0	0	0	0	0	11480	20	16384	0	0
19060	48	96200	4	96204	194	15	1117	0	0	0	0	0	0	0	0	0	0	0	11480	23	12288	0	0
19060	49	96201	4	96205	192	17	1117	0	0	0	0	0	0	0	0	0	0	0	11480	20	12288	0	0
19060	50	96202	3	96205	192	21	1117	0	0	0	0	0	0	0	0	0	0	0	11480	20	16384	0	0
19060	51	96198	5	96203	192	17	1115	0	0	0	0	0	0	0	0	0	0	0	11480	23	16384	0	0
19060	52	96203	0	96203	194	19	1117	0	0	0	0	0	0	0	0	0	0	0	11480	20	16384	0	0
19060	53	96201	2	96203	192	18	1114	0	0	0	0	0	0	0	0	0	0	0	11480	20	16384	0	0
19060	54	96205	1	96206	194	15	1120	0	0	0	0	0	0	0	0	0	0	0	11480	23	16384	0	0
19060	55	96205	4	96209	196	14	1120	0	0	0	0	0	0	0	0	0	0	0	11480	20	16384	0	0
19060	56	96202	3	96205	194	14	1117	0	0	0	0	0	0	0	0	0	0	0	11480	20	12288	0	0
19060	57	96199	4	96203	192	17	1116	0	0	0	0	0	0	0	0	0	0	0	11480	23	12288	0	0
19060	58	96205	1	96206	192	18	1116	0	0	0	0	0	0	0	0	0	0	0	11480	20	16384	0	0
19060	59	96204	0	96204	197	13	1117	0	0	0	0	0	0	0	0	0	0	0	11480	20	16384	0	0
19060	60	96205	1	96206	197	18	2229	0	0	0	0	0	0	0	0	0	0	0	22960	43	20480	0	0
19060	61	96203	4	96207	192	17	1117	0	0	0	0	0	0	0	0	0	0	0	11480	20	16384	0	0
19060	62	96200	1	96201	194	18	1115	0	0	0	0	0	0	0	0	0	0	0	11480	20	16384	0	0
19060	63	96202	5	96207	194	16	1122	0	0	0	0	0	0	0	0	0	0	0	11480	23	53248	7	0
19060	64	96204	1	96205	190	21	1121	0	0	0	0	0	0	0	0	0	0	0	11480	20	16384	0	0
19060	65	96203	3	96206	194	13	1116	0	0	0	0	0	0	0	0	0	0	0	11480	20	16384	0	0
19060	66	96203	1	96204	197	16	1116	0	0	0	0	0	0	0	0	0	0	0	11480	23	16384	0	0
19060	67	96205	1	96206	192	19	1117	0	0	0	0	0	0	0	0	0	0	0	11480	20	12288	0	0
19060	68	96202	3	96205	191	17	1116	0	0	0	0	0	0	0	0	0	0	0	11480	20	16384	0	0
19060	69	96197	4	96201	190	23	1114	0	0	0	0	0	0	0	0	0	0	0	11480	23	16384	0	0
19060	70	96202	3	96205	190	19	1116	0	0	0	0	0	0	0	0	0	0	0	11480	20	16384	0	0
19060	71	96202	2	96204	194	14	1114	0	0	0	0	0	0	0	0	0	0	0	11480	20	16384	0	0
19060	72	96201	4	96205	196	15	1121	0	0	0	0	0	0	0	0	0	0	0	11480	20	16384	0	0
19060	73	96203	4	96207	194	16	1121	0	0	0	0	0	0	0	0	0	0	0	11480	23	16384	0	0
19060	74	96201	5	96206	190	19	1118	0	0	0	0	0	0	0	0	0	0	0	11480	20	16384	0	0
19060	75	96202	3	96205	192	17	1116	0	0	0	0	0	0	0	0	0	0	0	11480	20	16384	0	0
19060	76	96201	4	96205	196	12	1116	0	0	0	0	0	0	0	0	0	0	0	11480	23	16384	0	0
19060	77	96201	4	96205	194	13	1116	0	0	0	0	0	0	0	0	0	0	0	11480	20	16384	0	0
19060	78	96197	9	96206	196	12	1114	0	0	0	0	0	0	0	0	0	0	0	11480	20	16384	0	0
19060	79	96203	2	96205	192	17	1117	0	0	0	0	0	0	0	0	0	0	0	11480	23	16384	0	0
19060	80	96203	3	96206	193	19	1115	0	0	0	0	0	0	0	0	0	0	0	11480	20	16384	0	0
19060	81	96202	3	96205	196	14	1121	0	0	0	0	0	0	0	0	0	0	0	11480	20	16384	0	0
19060	82	96204	2	96206	190	20	1121	0	0	0	0	0	0	0	0	0	0	0	11480	23	16384	0	0
19060	83	96200	2	96202	190	22	1117	0	0	0	0	0	0	0	0	0	0	0	11480	20	16384	0	0
19060	84	96204	3	96207	192	19	1116	0	0	0	0	0	0	0	0	0	0	0	11480	20	16384	0	0
19060	85	96202	2	96204	192	20	1117	0	0	0	0	0	0	0	0	0	0	0	11480	23	16384	0	0
19060	86	96201	3	96204	196	14	1116	0	0	0	0	0	0	0	0	0	0	0	11627	25	16384	99	0
19060	87	96205	1	96206	192	17	1114	0	0	0	0	0	0	0	0	0	0	0	11480	20	16384	0	0
19060	88	96203	3	96206	196	17	1117	0	0	0	0	0	0	0	0	0	0	0	11480	23	16384	0	0
19060	89	96204	0	96204	190	20	1115	0	0	0	0	0	0	0	0	0	0	0	11480	20	12288	0	0
19060	90	96199	6	96205	190	20	1121	0	0	0	0	0	0	0	0	0	0	0	11480	20	32768	0	0
19060	91	96205	1	96206	193	18	1121	0	0	0	0	0	0	0	0	0	0	0	11480	23	16384	0	0
19060	92	96202	4	96206	194	15	1117	0	0	0	0	0	0	0	0	0	0	0	11480	20	16384	0	0
19060	93	96203	3	96206	191	19	1117	0	0	0	0	0	0	0	0	0	0	0	11480	20	16384	0	0
19060	94	96202	2	96204	192	17	1117	0	0	0	0	0	0	0	0	0	0	0	11480	23	16384	0	0
19060	95	96202	4	96206	194	16	1116	0	0	0	0	0	0	0	0	0	0	0	11480	20	12288	0	0
19060	96	96206	3	96209	190	18	1115	0	0	0	0	0	0	0	0	0	0	0	11480	20	16384	0	0
19060	97	96201	4	96205	194	13	1118	0	0	0	0	0	0	0	0	0	0	0	11480	23	12288	0	0
19060	98	96202	3	96205	196	15	1114	0	0	0	0	0	0	0	0	0	0	0	11480	20	16384	0	0
19060	99	96204	5	96209	192	18	1121	0	0	0	0	0	0	0	0	0	0	0	11480	20	32768	0	0
19060	100	96200	4	96204	196	14	1121	0	0	0	0	0	0	0	0	0	0	0	11480	20	20480	7	0
19060	101	96202	1	96203	195	16	1117	0	0	0	0	0	0	0	0	0	0	0	11480	23	16384	0	0
19060	102	96200	5	96205	192	19	1116	0	0	0	0	0	0	0	0	0	0	0	11480	20	16384	0	0
19060	103	96202	3	96205	192	15	1116	0	0	0	0	0	0	0	0	0	0	0	11480	20	16384	0	0
19060	104	96201	3	96204	196	14	1117	0	0	0	0	0	0	0	0	0	0	0	11480	23	16384	0	0
19060	105	96203	3	96206	193	16	1116	0	0	0	0	0	0	0	0	0	0	0	11480	20	16384	0	0
19060	106	96205	1	96206	196	13	1116	0	0	0	0	0	0	0	0	0	0	0	11480	20	16384	0	0
19060	107	96202	3	96205	196	16	1115	0	0	0	0	0	0	0	0	0	0	0	11480	23	12288	0	0
19060	108	96206	1	96207	194	18	1120	0	0	0	0	0	0	0	0	0	0	0	11480	20	36864	0	0
19060	109	96204	2	96206	190	17	1118	0	0	0	0	0	0	0	0	0	0	0	11480	20	16384	0	0
19060	110	96202	2	96204	190	22	1117	0	0	0	0	0	0	0	0	0	0	0	11480	23	16384	0	0
19060	111	96202	2	96204	190	22	1116	0	0	0	0	0	0	0	0	0	0	0	11480	20	16384	0	0
19060	112	96205	1	96206	192	18	1116	0	0	0	0	0	0	0	0	0	0	0	11480	20	16384	0	0
19060	113	96201	3	96204	196	16	1117	0	0	0	0	0	0	0	0	0	0	0	11480	23	16384	0	0
19060	114	96204	2	96206	194	18	1115	0	0	0	0	0	0	0	0	0	0	0	11480	20	16384	0	0
19060	115	96201	3	96204	192	18	1116	0	0	0	0	0	0	0	0	0	0	0	11480	20	16384	0	0
19060	116	96202	2	96204	194	17	1114	0	0	0	0	0	0	0	0	0	0	0	11480	23	16384	0	0
19060	117	96203	3	96206	196	14	1121	0	0	0	0	0	0	0	0	0	0	0	11480	20	16384	0	0
19060	118	96202	3	96205	194	13	1119	0	0	0	0	0	0	0	0	0	0	0	11480	20	16384	0	0
19060	119	96200	5	96205	192	20	1116	0	0	0	0	0	0	0	0	0	0	0	11480	23	16384	0	0
19060	120	96206	0	96206	194	17	1119	0	0	0	0	0	0	0	0	0	0	0	11480	20	16384	0	0
19060	121	96201	4	96205	190	20	1116	0	0	0	0	0	0	0	0	0	0	0	11480	20	16384	0	0
19060	122	96205	1	96206	190	19	1117	0	0	0	0	0	0	0	0	0	0	0	11480	23	16384	0	0
19060	123	96200	2	96202	192	21	1114	0	0	0	0	0	0	0	0	0	0	0	11480	20	16384	0	0
19060	124	96202	2	96204	196	16	1117	0	0	0	0	0	0	0	0	0	0	0	11480	20	16384	0	0
19060	125	96202	1	96203	186	26	1115	0	0	0	0	0	0	0	0	0	0	0	11480	23	12288	0	0
19060	126	96199	4	96203	194	17	1121	0	0	0	0	0	0	0	0	0	0	0	11480	20	12288	0	0
19060	127	96204	2	96206	195	15	1121	0	0	0	0	0	0	0	0	0	0	0	11480	20	16384	0	0
19060	128	96203	2	96205	194	17	1116	0	0	0	0	0	0	0	0	0	0	0	11480	23	16384	0	0
19060	129	96203	1	96204	195	13	1116	0	0	0	0	0	0	0	0	0	0	0	11480	20	16384	0	0
19060	130	96198	6	96204	196	16	1117	0	0	0	0	0	0	0	0	0	0	0	11480	20	16384	0	0
19060	131	96204	2	96206	192	17	1117	0	0	0	0	0	0	0	0	0	0	0	11480	20	16384	0	0
19060	132	96199	3	96202	196	15	1115	0	0	0	0	0	0	0	0	0	0	0	11480	23	16384	0	0
19060	133	96205	2	96207	192	19	1117	0	0	0	0	0	0	0	0	0	0	0	11480	20	16384	0	0
19060	134	96203	2	96205	194	17	1115	0	0	0	0	0	0	0	0	0	0	0	11480	20	16384	0	0
19060	135	96203	2	96205	192	16	1120	0	0	0	0	0	0	0	0	0	0	0	11480	23	16384	0	0
19060	136	96204	1	96205	194	18	1121	0	0	0	0	0	0	0	0	0	0	0	11480	20	16384	0	0
19060	137	96202	3	96205	192	19	1117	0	0	0	0	0	0	0	0	0	0	0	11480	20	16384	0	0
19060	138	96203	6	96209	190	19	1118	0	0	0	0	0	0	0	0	0	0	0	11480	23	53248	7	0
19060	139	96203	2	96205	190	20	1117	0	0	0	0	0	0	0	0	0	0	0	11480	20	16384	0	0
19060	140	96205	0	96205	194	16	1117	0	0	0	0	0	0	0	0	0	0	0	11480	20	12288	0	0
19060	141	96204	2	96206	194	13	1115	0	0	0	0	0	0	0	0	0	0	0	11480	23	12288	0	0
19060	142	96202	4	96206	194	16	1116	0	0	0	0	0	0	0	0	0	0	0	11480	20	16384	0	0
19060	143	96203	3	96206	195	16	1114	0	0	0	0	0	0	0	0	0	0	0	11480	20	12288	0	0
19060	144	96201	4	96205	188	19	1121	0	0	0	0	0	0	0	0	0	0	0	11480	23	16384	0	0
19060	145	96204	2	96206	190	19	1121	0	0	0	0	0	0	0	0	0	0	0	11480	20	16384	0	0
19060	146	96205	3	96208	194	14	1117	0	0	0	0	0	0	0	0	0	0	0	11480	20	16384	0	0
19060	147	96203	2	96205	196	14	1117	0	0	0	0	0	0	0	0	0	0	0	11480	23	16384	0	0
19060	148	96201	4	96205	196	16	1117	0	0	0	0	0	0	0	0	0	0	0	11480	20	16384	0	0
19060	149	96204	2	96206	192	17	1116	0	0	0	0	0	0	0	0	0	0	0	11480	20	12288	0	0
19060	150	96200	5	96205	194	14	1114	0	0	0	0	0	0	0	0	0	0	0	11480	23	12288	0	0
19060	151	96201	3	96204	194	19	1116	0	0	0	0	0	0	0	0	0	0	0	11480	20	16384	0	0
19060	152	96202	2	96204	190	19	1114	0	0	0	0	0	0	0	0	0	0	0	11480	20	12288	0	0
19060	153	96202	3	96205	188	21	1120	0	0	0	0	0	0	0	0	0	0	0	11480	23	16384	0	0
19060	154	96199	5	96204	194	16	1120	0	0	0	0	0	0	0	0	0	0	0	11480	20	16384	0	0
19060	155	96201	2	96203	192	18	1117	0	0	0	0	0	0	0	0	0	0	0	11480	20	16384	0	0
19060	156	96204	1	96205	194	15	1116	0	0	0	0	0	0	0	0	0	0	0	11480	23	16384	0	0
19060	157	96200	4	96204	194	16	1117	0	0	0	0	0	0	0	0	0	0	0	11480	20	12288	0	0
19060	158	96202	3	96205	192	16	1116	0	0	0	0	0	0	0	0	0	0	0	11480	20	16384	0	0
19060	159	96202	5	96207	192	18	1116	0	0	0	0	0	0	0	0	0	0	0	11480	20	16384	0	0
19060	160	96203	0	96203	196	17	1117	0	0	0	0	0	0	0	0	0	0	0	11480	23	12288	0	0
19060	161	96203	1	96204	192	17	1114	0	0	0	0	0	0	0	0	0	0	0	11480	20	12288	0	0
19060	162	96202	2	96204	196	17	1121	0	0	0	0	0	0	0	0	0	0	0	11480	20	16384	0	0
19060	163	96204	1	96205	192	18	1120	0	0	0	0	0	0	0	0	0	0	0	11480	23	16384	0	0
19060	164	96202	3	96205	194	14	1116	0	0	0	0	0	0	0	0	0	0	0	11480	20	12288	0	0
19060	165	96199	5	96204	194	17	1116	0	0	0	0	0	0	0	0	0	0	0	11480	20	16384	0	0
19060	166	96202	3	96205	197	16	1116	0	0	0	0	0	0	0	0	0	0	0	11480	23	16384	0	0
19060	167	96200	3	96203	190	19	1116	0	0	0	0	0	0	0	0	0	0	0	11480	20	16384	0	0
19060	168	96203	2	96205	197	16	1114	0	0	0	0	0	0	0	0	0	0	0	11480	20	12288	0	0
19060	169	96205	1	96206	190	19	1116	0	0	0	0	0	0	0	0	0	0	0	11480	23	16384	0	0
19060	170	96203	2	96205	196	14	1114	0	0	0	0	0	0	0	0	0	0	0	11480	20	16384	0	0
19060	171	96201	1	96202	194	20	1120	0	0	0	0	0	0	0	0	0	0	0	11480	20	16384	0	0
19060	172	96203	4	96207	192	17	1121	0	0	0	0	0	0	0	0	0	0	0	11480	23	36864	0	0
19060	173	96202	2	96204	194	18	1116	0	0	0	0	0	0	0	0	0	0	0	11480	20	16384	0	0
19060	174	96205	3	96208	192	21	1117	0	0	0	0	0	0	0	0	0	0	0	11480	20	32768	0	0
19060	175	96205	2	96207	188	25	1117	0	0	0	0	0	0	0	0	0	0	0	11480	23	53248	7	0
19060	176	96201	2	96203	195	15	1116	0	0	0	0	0	0	0	0	0	0	0	11480	20	12288	0	0
19060	177	96205	0	96205	186	26	1114	0	0	0	0	0	0	0	0	0	0	0	11480	20	12288	0	0
19060	178	96203	4	96207	194	16	1116	0	0	0	0	0	0	0	0	0	0	0	11480	23	16384	0	0
19060	179	96204	1	96205	194	17	1116	0	0	0	0	0	0	0	0	0	0	0	11480	20	16384	0	0
19060	180	96199	4	96203	194	17	1120	0	0	0	0	0	0	0	0	0	0	0	11480	20	16384	0	0
19060	181	96201	2	96203	194	15	1120	0	0	0	0	0	0	0	0	0	0	0	11480	23	16384	0	0
19060	182	96200	4	96204	190	20	1116	0	0	0	0	0	0	0	0	0	0	0	11480	20	16384	0	0
19060	183	96207	3	96210	196	12	1117	0	0	0	0	0	0	0	0	0	0	0	11480	20	32768	0	0
19060	184	96203	1	96204	194	15	1117	0	0	0	0	0	0	0	0	0	0	0	11480	23	16384	0	0
19060	185	96201	3	96204	194	15	1116	0	0	0	0	0	0	0	0	0	0	0	11480	20	16384	0	0
19060	186	96204	1	96205	194	18	2230	0	0	0	0	0	0	0	0	0	0	0	22960	40	20480	0	0
19060	187	96202	2	96204	192	19	1116	0	0	0	0	0	0	0	0	0	0	0	11480	23	16384	0	0
19060	188	96204	1	96205	196	14	1114	0	0	0	0	0	0	0	0	0	0	0	11480	20	16384	0	0
19060	189	96199	5	96204	194	17	1121	0	0	0	0	0	0	0	0	0	0	0	11480	20	12288	0	0
19060	190	96203	1	96204	190	18	1120	0	0	0	0	0	0	0	0	0	0	0	11480	20	16384	0	0
19060	191	96200	3	96203	196	14	1118	0	0	0	0	0	0	0	0	0	0	0	11480	23	16384	0	0
19060	192	96203	1	96204	194	17	1116	0	0	0	0	0	0	0	0	0	0	0	11480	20	12288	0	0
19060	193	96202	1	96203	192	18	1117	0	0	0	0	0	0	0	0	0	0	0	11480	20	16384	0	0
19060	194	96207	1	96208	194	17	1116	0	0	0	0	0	0	0	0	0	0	0	11480	23	16384	0	0
19060	195	96201	5	96206	196	16	1114	0	0	0	0	0	0	0	0	0	0	0	11480	20	16384	0	0
19060	196	96200	3	96203	192	16	1117	0	0	0	0	0	0	0	0	0	0	0	11480	20	16384	0	0
19060	197	96202	7	96209	188	20	1114	0	0	0	0	0	0	0	0	0	0	0	11480	23	16384	0	0
19060	198	96202	3	96205	195	14	1121	0	0	0	0	0	0	0	0	0	0	0	11480	20	16384	0	0
19060	199	96206	1	96207	194	14	1120	0	0	0	0	0	0	0	0	0	0	0	11480	20	16384	0	0
19060	200	96197	8	96205	196	15	1117	0	0	0	0	0	0	0	0	0	0	0	11480	23	16384	0	0
19060	201	96205	1	96206	192	17	1116	0	0	0	0	0	0	0	0	0	0	0	11480	20	16384	0	0
19060	202	96202	2	96204	188	20	1116	0	0	0	0	0	0	0	0	0	0	0	11480	20	16384	0	0
19060	203	96202	4	96206	192	18	1116	0	0	0	0	0	0	0	0	0	0	0	11480	23	16384	0	0
19060	204	96205	4	96209	196	12	1114	0	0	0	0	0	0	0	0	0	0	0	11480	20	12288	0	0
19060	205	96199	3	96202	195	16	1117	0	0	0	0	0	0	0	0	0	0	0	11480	20	16384	0	0
19060	206	96203	2	96205	196	16	1114	0	0	0	0	0	0	0	0	0	0	0	11480	23	16384	0	0
19060	207	96203	3	96206	194	16	1121	0	0	0	0	0	0	0	0	0	0	0	11480	20	16384	0	0
19060	208	96199	3	96202	194	16	1120	0	0	0	0	0	0	0	0	0	0	0	11480	20	16384	0	0
19060	209	96200	3	96203	192	21	1117	0	0	0	0	0	0	0	0	0	0	0	11480	23	16384	0	0
19060	210	96199	3	96202	192	21	1117	0	0	0	0	0	0	0	0	0	0	0	11480	20	16384	0	0
19060	211	96206	1	96207	192	20	1116	0	0	0	0	0	0	0	0	0	0	0	11480	20	32768	0	0
19060	212	96205	2	96207	192	19	1118	0	0	0	0	0	0	0	0	0	0	0	11480	23	53248	7	0
19060	213	96206	2	96208	188	21	1115	0	0	0	0	0	0	0	0	0	0	0	11480	20	16384	0	0
19060	214	96198	2	96200	194	18	1116	0	0	0	0	0	0	0	0	0	0	0	11480	20	16384	0	0
19060	215	96204	3	96207	192	18	1115	0	0	0	0	0	0	0	0	0	0	0	11480	23	12288	0	0
19060	216	96202	2	96204	194	20	1121	0	0	0	0	0	0	0	0	0	0	0	11480	20	16384	0	0
19060	217	96202	4	96206	194	15	1120	0	0	0	0	0	0	0	0	0	0	0	11480	20	16384	0	0
19060	218	96202	3	96205	194	19	1117	0	0	0	0	0	0	0	0	0	0	0	11480	20	16384	0	0
19060	219	96195	4	96199	198	12	1117	0	0	0	0	0	0	0	0	0	0	0	11480	23	12288	0	0
19060	220	96205	1	96206	194	17	1116	0	0	0	0	0	0	0	0	0	0	0	11480	20	32768	0	0
19060	221	96204	0	96204	195	20	1116	0	0	0	0	0	0	0	0	0	0	0	11480	20	16384	0	0
19060	222	96197	6	96203	194	17	1114	0	0	0	0	0	0	0	0	0	0	0	11480	23	12288	0	0
19060	223	96203	2	96205	192	20	1117	0	0	0	0	0	0	0	0	0	0	0	11480	20	12288	0	0
19060	224	96201	5	96206	193	19	1114	0	0	0	0	0	0	0	0	0	0	0	11480	20	16384	0	0
19060	225	96195	2	96197	194	16	1120	0	0	0	0	0	0	0	0	0	0	0	11480	23	16384	0	0
19060	226	96199	6	96205	192	21	1120	0	0	0	0	0	0	0	0	0	0	0	11480	20	16384	0	0
19060	227	96206	1	96207	192	17	1117	0	0	0	0	0	0	0	0	0	0	0	11480	20	12288	0	0
19060	228	96200	4	96204	196	17	1117	0	0	0	0	0	0	0	0	0	0	0	11480	23	16384	0	0
19060	229	96205	2	96207	192	17	1117	0	0	0	0	0	0	0	0	0	0	0	11480	20	12288	0	0
19060	230	96203	4	96207	192	17	1116	0	0	0	0	0	0	0	0	0	0	0	11570	23	20480	0	0
19060	231	96195	2	96197	196	16	1114	0	0	0	0	0	0	0	0	0	0	0	11480	23	16384	0	0
19060	232	96205	3	96208	196	15	1116	0	0	0	0	0	0	0	0	0	0	0	11480	20	16384	0	0
19060	233	96205	4	96209	196	12	1114	0	0	0	0	0	0	0	0	0	0	0	11480	20	16384	0	0
19060	234	96204	1	96205	190	18	1120	0	0	0	0	0	0	0	0	0	0	0	11480	23	12288	0	0
19060	235	96200	3	96203	194	17	1120	0	0	0	0	0	0	0	0	0	0	0	11480	20	16384	0	0
19060	236	96204	3	96207	198	13	1117	0	0	0	0	0	0	0	0	0	0	0	11480	20	32768	0	0
19060	237	96202	2	96204	196	19	1116	0	0	0	0	0	0	0	0	0	0	0	11480	23	16384	0	0
19060	238	96206	1	96207	192	18	1117	0	0	0	0	0	0	0	0	0	0	0	11480	20	12288	0	0
19060	239	96207	4	96211	190	18	1117	0	0	0	0	0	0	0	0	0	0	0	11480	20	32768	0	0
19060	240	96198	1	96199	194	14	1114	0	0	0	0	0	0	0	0	0	0	0	11480	23	16384	0	0
19060	241	96205	2	96207	192	19	1117	0	0	0	0	0	0	0	0	0	0	0	11480	20	16384	0	0
19060	242	96203	2	96205	195	18	1114	0	0	0	0	0	0	0	0	0	0	0	11480	20	12288	0	0
19060	243	96200	4	96204	194	16	1122	0	0	0	0	0	0	0	0	0	0	0	11480	23	16384	0	0
19060	244	96204	3	96207	190	18	1120	0	0	0	0	0	0	0	0	0	0	0	11480	20	16384	0	0
19060	245	96198	3	96201	196	15	1116	0	0	0	0	0	0	0	0	0	0	0	11480	20	12288	0	0
19060	246	96201	2	96203	190	21	1116	0	0	0	0	0	0	0	0	0	0	0	11480	20	16384	0	0
19060	247	96204	2	96206	194	17	1118	0	0	0	0	0	0	0	0	0	0	0	11480	23	16384	0	0
19060	248	96204	3	96207	196	15	1117	0	0	0	0	0	0	0	0	0	0	0	11480	20	16384	0	0
19060	249	96201	5	96206	191	20	2230	0	0	0	0	0	0	0	0	0	0	0	22960	40	20480	0	0
19060	250	96203	4	96207	194	16	1117	0	0	0	0	0	0	0	0	0	0	0	11480	23	53248	7	0
19060	251	96200	2	96202	197	16	1114	0	0	0	0	0	0	0	0	0	0	0	11480	20	12288	0	0
19060	252	96202	1	96203	192	16	1120	0	0	0	0	0	0	0	0	0	0	0	11480	20	16384	0	0
19060	253	96206	3	96209	192	16	1120	0	0	0	0	0	0	0	0	0	0	0	11480	23	16384	0	0
19060	254	96200	3	96203	194	18	1116	0	0	0	0	0	0	0	0	0	0	0	11532	22	16384	52	0
19060	255	96196	2	96198	194	16	1116	0	0	0	0	0	0	0	0	0	0	0	11480	20	16384	0	0
19060	256	96201	4	96205	194	17	1116	0	0	0	0	0	0	0	0	0	0	0	11480	23	16384	0	0
19060	257	96204	2	96206	196	13	1116	0	0	0	0	0	0	0	0	0	0	0	11480	20	16384	0	0
19060	258	96201	3	96204	194	18	1114	0	0	0	0	0	0	0	0	0	0	0	11480	20	16384	0	0
19060	259	96205	1	96206	192	18	1116	0	0	0	0	0	0	0	0	0	0	0	11480	23	16384	0	0
19060	260	96202	3	96205	192	16	1115	0	0	0	0	0	0	0	0	0	0	0	11480	20	16384	0	0
19060	261	96202	2	96204	194	16	1120	0	0	0	0	0	0	0	0	0	0	0	11480	20	16384	0	0
19060	262	96196	6	96202	196	13	1120	0	0	0	0	0	0	0	0	0	0	0	11480	23	16384	0	0
19060	263	96203	3	96206	194	17	1116	0	0	0	0	0	0	0	0	0	0	0	11480	20	12288	0	0
19060	264	96204	1	96205	194	17	1116	0	0	0	0	0	0	0	0	0	0	0	11480	20	16384	0	0
19060	265	96206	2	96208	194	15	1117	0	0	0	0	0	0	0	0	0	0	0	11480	23	16384	0	0
19060	266	96202	3	96205	194	14	1117	0	0	0	0	0	0	0	0	0	0	0	11480	20	16384	0	0
19060	267	96204	3	96207	192	20	1115	0	0	0	0	0	0	0	0	0	0	0	11480	20	32768	0	0
19060	268	96205	3	96208	190	18	1117	0	0	0	0	0	0	0	0	0	0	0	11480	23	16384	0	0
19060	269	96200	3	96203	196	15	1114	0	0	0	0	0	0	0	0	0	0	0	11480	20	16384	0	0
19060	270	96201	1	96202	194	16	1120	0	0	0	0	0	0	0	0	0	0	0	11480	20	16384	0	0
19060	271	96204	4	96208	192	17	1119	0	0	0	0	0	0	0	0	0	0	0	11480	23	16384	0	0
19060	272	96204	1	96205	196	15	1116	0	0	0	0	0	0	0	0	0	0	0	11480	20	16384	0	0
19060	273	96203	4	96207	194	16	1116	0	0	0	0	0	0	0	0	0	0	0	11480	20	16384	0	0
19060	274	96203	3	96206	194	18	1116	0	0	0	0	0	0	0	0	0	0	0	11480	23	16384	0	0
19060	275	96201	3	96204	195	14	1117	0	0	0	0	0	0	0	0	0	0	0	11480	20	16384	0	0
19060	276	96208	0	96208	196	15	1114	0	0	0	0	0	0	0	0	0	0	0	11480	20	16384	0	0
19060	277	96201	1	96202	190	20	1117	0	0	0	0	0	0	0	0	0	0	0	11480	20	16384	0	0
19060	278	96202	2	96204	190	20	1114	0	0	0	0	0	0	0	0	0	0	0	11480	23	12288	0	0
19060	279	96207	1	96208	194	15	1120	0	0	0	0	0	0	0	0	0	0	0	11480	20	16384	0	0
19060	280	96203	4	96207	194	15	1118	0	0	0	0	0	0	0	0	0	0	0	11480	20	16384	0	0
19060	281	96196	7	96203	194	15	1116	0	0	0	0	0	0	0	0	0	0	0	11480	23	16384	0	0
19060	282	96207	0	96207	194	18	1117	0	0	0	0	0	0	0	0	0	0	0	11480	20	16384	0	0
19060	283	96205	3	96208	192	16	1116	0	0	0	0	0	0	0	0	0	0	0	11480	20	16384	0	0
19060	284	96205	0	96205	191	18	1119	0	0	0	0	0	0	0	0	0	0	0	11480	23	16384	0	0
19060	285	96203	3	96206	190	22	1114	0	0	0	0	0	0	0	0	0	0	0	11480	20	16384	0	0
19060	286	96202	3	96205	194	17	1118	0	0	0	0	0	0	0	0	0	0	0	11480	20	16384	0	0
19060	287	96204	4	96208	194	16	1115	0	0	0	0	0	0	0	0	0	0	0	11480	23	53248	7	0
19060	288	96204	2	96206	196	14	1120	0	0	0	0	0	0	0	0	0	0	0	11480	20	16384	0	0
19060	289	96209	3	96212	192	16	1120	0	0	0	0	0	0	0	0	0	0	0	11480	20	16384	0	0
19060	290	96204	1	96205	190	21	1116	0	0	0	0	0	0	0	0	0	0	0	11480	23	16384	0	0
19060	291	96203	0	96203	197	15	1117	0	0	0	0	0	0	0	0	0	0	0	11480	20	16384	0	0
19060	292	96201	1	96202	196	15	1116	0	0	0	0	0	0	0	0	0	0	0	11480	20	16384	0	0
19060	293	96204	2	96206	190	18	1116	0	0	0	0	0	0	0	0	0	0	0	11480	23	16384	0	0
19060	294	96203	2	96205	192	17	1115	0	0	0	0	0	0	0	0	0	0	0	11480	20	12288	0	0
19060	295	96199	1	96200	190	23	1116	0	0	0	0	0	0	0	0	0	0	0	11480	20	16384	0	0
19060	296	96203	2	96205	190	18	1114	0	0	0	0	0	0	0	0	0	0	0	11480	23	16384	0	0
19060	297	96205	0	96205	192	17	1120	0	0	0	0	0	0	0	0	0	0	0	11480	20	12288	0	0
19060	298	96202	2	96204	194	18	1121	0	0	0	0	0	0	0	0	0	0	0	11480	20	12288	0	0
19060	299	96206	4	96210	196	14	1116	0	0	0	0	0	0	0	0	0	0	0	11480	23	16384	0	0
19060	300	96202	4	96206	190	21	1117	0	0	0	0	0	0	0	0	0	0	0	11480	20	32768	0	0
19060	301	96198	4	96202	196	14	1117	0	0	0	0	0	0	0	0	0	0	0	11480	20	16384	0	0
19060	302	96203	4	96207	190	19	1116	0	0	0	0	0	0	0	0	0	0	0	11480	23	16384	0	0
19060	303	96203	2	96205	194	19	1115	0	0	0	0	0	0	0	0	0	0	0	11480	20	16384	0	0
19060	304	96201	2	96203	194	14	1116	0	0	0	0	0	0	0	0	0	0	0	11480	20	16384	0	0
19060	305	96205	1	96206	192	19	1115	0	0	0	0	0	0	0	0	0	0	0	11480	20	16384	0	0
19060	306	96206	0	96206	197	16	1120	0	0	0	0	0	0	0	0	0	0	0	11480	23	16384	0	0
19060	307	96199	3	96202	192	17	1121	0	0	0	0	0	0	0	0	0	0	0	11480	20	16384	0	0
19060	308	96205	0	96205	194	15	1116	0	0	0	0	0	0	0	0	0	0	0	11480	20	12288	0	0
19060	309	96206	2	96208	196	14	1116	0	0	0	0	0	0	0	0	0	0	0	11480	23	12288	0	0
19060	310	96200	2	96202	190	19	1117	0	0	0	0	0	0	0	0	0	0	0	11480	20	16384	0	0
19060	311	96212	0	96212	194	17	1116	0	0	0	0	0	0	0	0	0	0	0	11480	20	16384	0	0
19060	312	96198	5	96203	195	17	2230	0	0	0	0	0	0	0	0	0	0	0	22960	43	20480	0	0
19060	313	96202	6	96208	196	15	1117	0	0	0	0	0	0	0	0	0	0	0	11480	20	16384	0	0
19060	314	96209	3	96212	196	15	1114	0	0	0	0	0	0	0	0	0	0	0	11480	20	16384	0	0
19060	315	96201	2	96203	196	17	1120	0	0	0	0	0	0	0	0	0	0	0	11480	23	12288	0	0
19060	316	96202	2	96204	192	16	1120	0	0	0	0	0	0	0	0	0	0	0	11480	20	12288	0	0
19060	317	96202	1	96203	192	20	1117	0	0	0	0	0	0	0	0	0	0	0	11480	20	16384	0	0
19060	318	96206	3	96209	190	21	1116	0	0	0	0	0	0	0	0	0	0	0	11480	23	16384	0	0
19060	319	96202	1	96203	190	20	1117	0	0	0	0	0	0	0	0	0	0	0	11480	20	12288	0	0
19060	320	96201	3	96204	195	15	1117	0	0	0	0	0	0	0	0	0	0	0	11480	20	12288	0	0
19060	321	96199	2	96201	194	16	1114	0	0	0	0	0	0	0	0	0	0	0	11480	23	16384	0	0
19060	322	96204	4	96208	196	13	1116	0	0	0	0	0	0	0	0	0	0	0	11480	20	16384	0	0
19060	323	96195	10	96205	193	18	1115	0	0	0	0	0	0	0	0	0	0	0	11480	20	32768	0	0
19060	324	96199	5	96204	194	17	1121	0	0	0	0	0	0	0	0	0	0	0	11480	23	53248	7	0
19060	325	96202	2	96204	193	15	1120	0	0	0	0	0	0	0	0	0	0	0	11480	20	16384	0	0
19060	326	96207	2	96209	194	18	1116	0	0	0	0	0	0	0	0	0	0	0	11480	20	16384	0	0
19060	327	96203	2	96205	198	13	1117	0	0	0	0	0	0	0	0	0	0	0	11480	23	16384	0	0
19060	328	96200	3	96203	192	18	1117	0	0	0	0	0	0	0	0	0	0	0	11480	20	12288	0	0
19060	329	96200	3	96203	196	14	1116	0	0	0	0	0	0	0	0	0	0	0	11480	20	12288	0	0
19060	330	96208	2	96210	192	17	1114	0	0	0	0	0	0	0	0	0	0	0	11480	23	16384	0	0
19060	331	96199	3	96202	196	13	1117	0	0	0	0	0	0	0	0	0	0	0	11480	20	16384	0	0
19060	332	96203	3	96206	190	23	1114	0	0	0	0	0	0	0	0	0	0	0	11480	20	32768	0	0
19060	333	96197	4	96201	194	17	1121	0	0	0	0	0	0	0	0	0	0	0	11480	23	16384	0	0
19060	334	96211	1	96212	196	15	1121	0	0	0	0	0	0	0	0	0	0	0	11480	20	16384	0	0
19060	335	96204	2	96206	190	18	1116	0	0	0	0	0	0	0	0	0	0	0	11480	20	16384	0	0
19060	336	96202	1	96203	196	14	1117	0	0	0	0	0	0	0	0	0	0	0	11480	20	16384	0	0
19060	337	96201	4	96205	192	18	1116	0	0	0	0	0	0	0	0	0	0	0	11480	23	16384	0	0
19060	338	96206	2	96208	194	15	1116	0	0	0	0	0	0	0	0	0	0	0	11480	20	16384	0	0
19060	339	96208	1	96209	190	19	1114	0	0	0	0	0	0	0	0	0	0	0	11480	20	16384	0	0
19060	340	96203	2	96205	194	16	1117	0	0	0	0	0	0	0	0	0	0	0	11480	23	16384	0	0
19060	341	96204	2	96206	196	15	1115	0	0	0	0	0	0	0	0	0	0	0	11480	20	32768	0	0
19060	342	96200	2	96202	190	19	1120	0	0	0	0	0	0	0	0	0	0	0	11480	20	16384	0	0
19060	343	96206	3	96209	196	15	1121	0	0	0	0	0	0	0	0	0	0	0	11480	23	16384	0	0
19060	344	96200	3	96203	194	17	1116	0	0	0	0	0	0	0	0	0	0	0	11480	20	16384	0	0
19060	345	96202	2	96204	188	22	1117	0	0	0	0	0	0	0	0	0	0	0	11480	20	16384	0	0
19060	346	96206	3	96209	194	15	1117	0	0	0	0	0	0	0	0	0	0	0	11480	23	16384	0	0
19060	347	96203	1	96204	196	14	1117	0	0	0	0	0	0	0	0	0	0	0	11480	20	16384	0	0
19060	348	96196	5	96201	196	15	1114	0	0	0	0	0	0	0	0	0	0	0	11480	20	16384	0	0
19060	349	96204	3	96207	192	20	1116	0	0	0	0	0	0	0	0	0	0	0	11480	23	16384	0	0
19060	350	96207	2	96209	196	14	1114	0	0	0	0	0	0	0	0	0	0	0	11480	20	16384	0	0
19060	351	96201	0	96201	190	20	1120	0	0	0	0	0	0	0	0	0	0	0	11480	20	16384	0	0
19060	352	96204	0	96204	188	21	1120	0	0	0	0	0	0	0	0	0	0	0	11480	23	12288	0	0
19060	353	96207	1	96208	192	21	1117	0	0	0	0	0	0	0	0	0	0	0	11480	20	16384	0	0
19060	354	96199	2	96201	194	15	1117	0	0	0	0	0	0	0	0	0	0	0	11480	20	16384	0	0
19060	355	96199	4	96203	198	13	1117	0	0	0	0	0	0	0	0	0	0	0	11480	23	16384	0	0
19060	356	96205	0	96205	192	20	1117	0	0	0	0	0	0	0	0	0	0	0	11480	20	16384	0	0
19060	357	96207	1	96208	196	13	1115	0	0	0	0	0	0	0	0	0	0	0	11480	20	16384	0	0
19060	358	96205	0	96205	192	22	1117	0	0	0	0	0	0	0	0	0	0	0	11480	23	16384	0	0
19060	359	96203	2	96205	190	21	1114	0	0	0	0	0	0	0	0	0	0	0	11480	20	16384	0	0
19060	360	96207	3	96210	198	13	1120	0	0	0	0	0	0	0	0	0	0	0	11480	20	16384	0	0
19060	361	96203	3	96206	192	17	1121	0	0	0	0	0	0	0	0	0	0	0	11480	23	53248	7	0
19060	362	96201	3	96204	196	15	1117	0	0	0	0	0	0	0	0	0	0	0	11480	20	12288	0	0
19060	363	96198	2	96200	190	20	1116	0	0	0	0	0	0	0	0	0	0	0	11480	20	16384	0	0
19060	364	96208	4	96212	196	15	1116	0	0	0	0	0	0	0	0	0	0	0	11480	20	36864	0	0
19060	365	96201	5	96206	190	22	1117	0	0	0	0	0	0	0	0	0	0	0	11480	23	16384	0	0
19060	366	96201	2	96203	194	18	1114	0	0	0	0	0	0	0	0	0	0	0	11480	20	16384	0	0
19060	367	96201	3	96204	196	16	1118	0	0	0	0	0	0	0	0	0	0	0	11480	20	16384	0	0
19060	368	96199	5	96204	196	13	1114	0	0	0	0	0	0	0	0	0	0	0	11480	23	16384	0	0
19060	369	96208	4	96212	196	11	1120	0	0	0	0	0	0	0	0	0	0	0	11480	20	16384	0	0
19060	370	96204	1	96205	193	18	1120	0	0	0	0	0	0	0	0	0	0	0	11480	20	16384	0	0
19060	371	96198	4	96202	192	18	1116	0	0	0	0	0	0	0	0	0	0	0	11480	23	16384	0	0
19060	372	96202	3	96205	195	17	1117	0	0	0	0	0	0	0	0	0	0	0	11480	20	16384	0	0
19060	373	96207	2	96209	194	15	1117	0	0	0	0	0	0	0	0	0	0	0	11480	20	16384	0	0
19060	374	96203	2	96205	194	16	1116	0	0	0	0	0	0	0	0	0	0	0	11480	23	12288	0	0
19060	375	96201	2	96203	197	16	2230	0	0	0	0	0	0	0	0	0	0	0	22960	40	20480	0	0
19060	376	96200	2	96202	194	19	1117	0	0	0	0	0	0	0	0	0	0	0	11480	20	16384	0	0
19060	377	96201	4	96205	192	16	1114	0	0	0	0	0	0	0	0	0	0	0	11480	23	16384	0	0
19060	378	96209	2	96211	190	22	1121	0	0	0	0	0	0	0	0	0	0	0	11480	20	16384	0	0
19060	379	96202	5	96207	196	15	1121	0	0	0	0	0	0	0	0	0	0	0	11480	20	28672	0	0
19060	380	96200	0	96200	195	17	1117	0	0	0	0	0	0	0	0	0	0	0	11480	23	16384	0	0
19060	381	96199	5	96204	194	14	1118	0	0	0	0	0	0	0	0	0	0	0	11480	20	16384	0	0
19060	382	96204	3	96207	196	14	1118	0	0	0	0	0	0	0	0	0	0	0	11480	20	16384	0	0
19060	383	96207	3	96210	192	19	1116	0	0	0	0	0	0	0	0	0	0	0	11480	23	16384	0	0
19060	384	96202	1	96203	194	18	1114	0	0	0	0	0	0	0	0	0	0	0	11480	20	16384	0	0
19060	385	96202	3	96205	192	18	1116	0	0	0	0	0	0	0	0	0	0	0	11480	20	16384	0	0
19060	386	96200	4	96204	190	19	1114	0	0	0	0	0	0	0	0	0	0	0	11480	23	16384	0	0
19060	387	96200	2	96202	198	15	1121	0	0	0	0	0	0	0	0	0	0	0	11480	20	16384	0	0
19060	388	96205	3	96208	188	21	1120	0	0	0	0	0	0	0	0	0	0	0	11480	20	16384	0	0
19060	389	96203	4	96207	195	17	1116	0	0	0	0	0	0	0	0	0	0	0	11480	23	16384	0	0
19060	390	96197	5	96202	192	20	1116	0	0	0	0	0	0	0	0	0	0	0	11480	20	16384	0	0
19060	391	96203	2	96205	192	18	1116	0	0	0	0	0	0	0	0	0	0	0	11480	20	16384	0	0
19060	392	96199	5	96204	197	15	1117	0	0	0	0	0	0	0	0	0	0	0	11480	23	16384	0	0
19060	393	96204	3	96207	193	16	1114	0	0	0	0	0	0	0	0	0	0	0	11480	20	16384	0	0
19060	394	96205	2	96207	188	23	1116	0	0	0	0	0	0	0	0	0	0	0	11480	20	12288	0	0
19060	395	96204	3	96207	196	14	1114	0	0	0	0	0	0	0	0	0	0	0	11480	20	16384	0	0
19060	396	96204	1	96205	194	16	1120	0	0	0	0	0	0	0	0	0	0	0	11480	23	12288	0	0
19060	397	96201	4	96205	196	15	1120	0	0	0	0	0	0	0	0	0	0	0	11480	20	16384	0	0
19060	398	96199	5	96204	192	16	1117	0	0	0	0	0	0	0	0	0	0	0	11480	20	16384	0	0
19060	399	96204	3	96207	192	21	1118	0	0	0	0	0	0	0	0	0	0	0	11480	23	53248	7	0
19060	400	96201	4	96205	192	17	1117	0	0	0	0	0	0	0	0	0	0	0	11480	20	16384	0	0
19060	401	96202	3	96205	196	15	1116	0	0	0	0	0	0	0	0	0	0	0	11480	20	16384	0	0
19060	402	96204	3	96207	194	18	1114	0	0	0	0	0	0	0	0	0	0	0	11480	23	16384	0	0
19060	403	96201	3	96204	192	18	1116	0	0	0	0	0	0	0	0	0	0	0	11480	20	16384	0	0
19060	404	96199	4	96203	190	21	1114	0	0	0	0	0	0	0	0	0	0	0	11480	20	12288	0	0
19060	405	96206	1	96207	192	17	1120	0	0	0	0	0	0	0	0	0	0	0	11480	23	16384	0	0
19060	406	96203	1	96204	196	16	1120	0	0	0	0	0	0	0	0	0	0	0	11480	20	16384	0	0
19060	407	96202	3	96205	196	14	1116	0	0	0	0	0	0	0	0	0	0	0	11480	20	16384	0	0
19060	408	96201	4	96205	190	19	1117	0	0	0	0	0	0	0	0	0	0	0	11480	23	16384	0	0
19060	409	96205	3	96208	197	13	1118	0	0	0	0	0	0	0	0	0	0	0	11480	20	16384	0	0
19060	410	96204	4	96208	194	15	1116	0	0	0	0	0	0	0	0	0	0	0	11480	20	16384	0	0
19060	411	96203	2	96205	192	17	1114	0	0	0	0	0	0	0	0	0	0	0	11480	23	12288	0	0
19060	412	96200	3	96203	194	14	1117	0	0	0	0	0	0	0	0	0	0	0	11480	20	16384	0	0
19060	413	96204	0	96204	194	16	1114	0	0	0	0	0	0	0	0	0	0	0	11480	20	16384	0	0
19060	414	96201	3	96204	196	16	1120	0	0	0	0	0	0	0	0	0	0	0	11480	23	16384	0	0
19060	415	96200	4	96204	192	16	1120	0	0	0	0	0	0	0	0	0	0	0	11480	20	16384	0	0
19060	416	96208	3	96211	192	16	1116	0	0	0	0	0	0	0	0	0	0	0	11480	20	32768	0	0
19060	417	96201	4	96205	192	20	1117	0	0	0	0	0	0	0	0	0	0	0	11480	23	16384	0	0
19060	418	96200	3	96203	194	16	1117	0	0	0	0	0	0	0	0	0	0	0	11480	20	16384	0	0
19060	419	96201	3	96204	194	17	1117	0	0	0	0	0	0	0	0	0	0	0	11480	20	16384	0	0
19060	420	96201	4	96205	196	13	1115	0	0	0	0	0	0	0	0	0	0	0	11480	23	16384	0	0
19060	421	96203	1	96204	193	17	1116	0	0	0	0	0	0	0	0	0	0	0	11480	20	16384	0	0
19060	422	96202	4	96206	198	14	1115	0	0	0	0	0	0	0	0	0	0	0	11480	20	16384	0	0
19060	423	96204	2	96206	192	17	1120	0	0	0	0	0	0	0	0	0	0	0	11480	20	12288	0	0
19060	424	96202	3	96205	190	20	1121	0	0	0	0	0	0	0	0	0	0	0	11480	23	12288	0	0
19060	425	96201	4	96205	194	19	1117	0	0	0	0	0	0	0	0	0	0	0	11480	20	32768	0	0
19060	426	96201	3	96204	192	16	1116	0	0	0	0	0	0	0	0	0	0	0	11480	20	16384	0	0
19060	427	96201	3	96204	192	15	1116	0	0	0	0	0	0	0	0	0	0	0	11480	23	16384	0	0
19060	428	96205	2	96207	196	16	1117	0	0	0	0	0	0	0	0	0	0	0	11480	20	36864	0	0
19060	429	96201	2	96203	196	16	1114	0	0	0	0	0	0	0	0	0	0	0	11480	20	16384	0	0
19060	430	96201	3	96204	196	15	1116	0	0	0	0	0	0	0	0	0	0	0	11480	23	16384	0	0
19060	431	96207	1	96208	194	15	1114	0	0	0	0	0	0	0	0	0	0	0	11480	20	16384	0	0
19060	432	96204	2	96206	190	21	1121	0	0	0	0	0	0	0	0	0	0	0	11480	20	12288	0	0
19060	433	96204	1	96205	194	14	1120	0	0	0	0	0	0	0	0	0	0	0	11480	23	12288	0	0
19060	434	96200	3	96203	192	21	1117	0	0	0	0	0	0	0	0	0	0	0	11480	20	12288	0	0
19060	435	96204	2	96206	194	17	1116	0	0	0	0	0	0	0	0	0	0	0	11480	20	12288	0	0
19060	436	96206	3	96209	190	21	1117	0	0	0	0	0	0	0	0	0	0	0	11480	23	53248	7	0
19060	437	96198	3	96201	190	20	1117	0	0	0	0	0	0	0	0	0	0	0	11480	20	16384	0	0
19060	438	96205	1	96206	194	16	2232	0	0	0	0	0	0	0	0	0	0	0	22960	40	20480	0	0
19060	439	96204	1	96205	195	15	1116	0	0	0	0	0	0	0	0	0	0	0	11480	23	16384	0	0
19060	440	96202	3	96205	194	16	1115	0	0	0	0	0	0	0	0	0	0	0	11480	20	16384	0	0
19060	441	96200	1	96201	194	18	1120	0	0	0	0	0	0	0	0	0	0	0	11480	20	16384	0	0
19060	442	96204	1	96205	192	18	1119	0	0	0	0	0	0	0	0	0	0	0	11480	23	16384	0	0
19060	443	96205	0	96205	196	16	1117	0	0	0	0	0	0	0	0	0	0	0	11480	20	16384	0	0
19060	444	96202	2	96204	192	17	1116	0	0	0	0	0	0	0	0	0	0	0	11480	20	16384	0	0
19060	445	96204	2	96206	196	15	1117	0	0	0	0	0	0	0	0	0	0	0	11480	23	16384	0	0
19060	446	96202	2	96204	194	15	1116	0	0	0	0	0	0	0	0	0	0	0	11480	20	16384	0	0
19060	447	96204	3	96207	194	14	1115	0	0	0	0	0	0	0	0	0	0	0	11480	20	16384	0	0
19060	448	96203	3	96206	192	19	1116	0	0	0	0	0	0	0	0	0	0	0	11480	23	12288	0	0
19060	449	96203	2	96205	192	20	1114	0	0	0	0	0	0	0	0	0	0	0	11480	20	16384	0	0
19060	450	96205	1	96206	197	11	1121	0	0	0	0	0	0	0	0	0	0	0	11480	20	16384	0	0
19060	451	96202	2	96204	192	21	1121	0	0	0	0	0	0	0	0	0	0	0	11480	20	16384	0	0
19060	452	96197	3	96200	190	21	1116	0	0	0	0	0	0	0	0	0	0	0	11480	23	16384	0	0
19060	453	96201	6	96207	198	12	1116	0	0	0	0	0	0	0	0	0	0	0	11480	20	16384	0	0
19060	454	96207	2	96209	196	12	1116	0	0	0	0	0	0	0	0	0	0	0	11480	20	16384	0	0
19060	455	96201	3	96204	192	17	1116	0	0	0	0	0	0	0	0	0	0	0	11480	23	16384	0	0
19060	456	96202	2	96204	194	15	1114	0	0	0	0	0	0	0	0	0	0	0	11480	20	12288	0	0
19060	457	96204	1	96205	194	14	1117	0	0	0	0	0	0	0	0	0	0	0	11480	20	16384	0	0
19060	458	96204	3	96207	194	16	1116	0	0	0	0	0	0	0	0	0	0	0	11480	23	16384	0	0
19060	459	96205	1	96206	196	13	1121	0	0	0	0	0	0	0	0	0	0	0	11480	20	12288	0	0
19060	460	96204	2	96206	192	18	1121	0	0	0	0	0	0	0	0	0	0	0	11480	20	16384	0	0
19060	461	96203	2	96205	196	16	1116	0	0	0	0	0	0	0	0	0	0	0	11480	23	12288	0	0
19060	462	96204	0	96204	193	17	1117	0	0	0	0	0	0	0	0	0	0	0	11480	20	16384	0	0
19060	463	96202	4	96206	194	17	1116	0	0	0	0	0	0	0	0	0	0	0	11480	20	28672	0	0
19060	464	96204	0	96204	196	15	1116	0	0	0	0	0	0	0	0	0	0	0	11480	23	12288	0	0
19060	465	96197	5	96202	194	18	1115	0	0	0	0	0	0	0	0	0	0	0	11480	20	16384	0	0
19060	466	96197	6	96203	192	18	1116	0	0	0	0	0	0	0	0	0	0	0	11480	20	16384	0	0
19060	467	96204	1	96205	194	18	1114	0	0	0	0	0	0	0	0	0	0	0	11480	23	12288	0	0
19060	468	96202	4	96206	194	15	1121	0	0	0	0	0	0	0	0	0	0	0	11480	20	12288	0	0
19060	469	96203	1	96204	193	18	1121	0	0	0	0	0	0	0	0	0	0	0	11480	20	16384	0	0
19060	470	96201	5	96206	194	17	1116	0	0	0	0	0	0	0	0	0	0	0	11480	23	16384	0	0
19060	471	96201	2	96203	192	18	1116	0	0	0	0	0	0	0	0	0	0	0	11480	20	16384	0	0
19060	472	96201	4	96205	194	16	1117	0	0	0	0	0	0	0	0	0	0	0	11480	20	32768	0	0
19060	473	96205	2	96207	192	19	1117	0	0	0	0	0	0	0	0	0	0	0	11480	23	53248	7	0
19060	474	96206	11	96217	209	20	5248	0	0	0	0	0	0	0	0	0	0	0	847677	645	24576	26318	0
19060	475	96204	2	96206	198	14	1116	0	0	0	0	0	0	0	0	0	0	0	11480	20	16384	0	0
19060	476	96203	2	96205	194	15	1115	0	0	0	0	0	0	0	0	0	0	0	11480	23	12288	0	0
19060	477	96192	6	96198	194	15	1120	0	0	0	0	0	0	0	0	0	0	0	11480	20	16384	0	0
19060	478	96208	1	96209	196	14	1120	0	0	0	0	0	0	0	0	0	0	0	11480	20	16384	0	0
19060	479	96199	3	96202	194	18	1117	0	0	0	0	0	0	0	0	0	0	0	11480	23	12288	0	0
19060	480	96201	4	96205	194	17	1116	0	0	0	0	0	0	0	0	0	0	0	11480	20	16384	0	0
19060	481	96202	3	96205	194	18	1117	0	0	0	0	0	0	0	0	0	0	0	11480	20	16384	0	0
19060	482	96197	3	96200	192	17	1117	0	0	0	0	0	0	0	0	0	0	0	11480	20	16384	0	0
19060	483	96205	1	96206	196	16	1114	0	0	0	0	0	0	0	0	0	0	0	11480	23	16384	0	0
19060	484	96202	5	96207	196	15	1116	0	0	0	0	0	0	0	0	0	0	0	11480	20	16384	0	0
19060	485	96203	1	96204	192	19	1115	0	0	0	0	0	0	0	0	0	0	0	11480	20	16384	0	0
19060	486	96204	2	96206	192	18	1121	0	0	0	0	0	0	0	0	0	0	0	11480	23	16384	0	0
19060	487	96203	2	96205	194	17	1121	0	0	0	0	0	0	0	0	0	0	0	11480	20	16384	0	0
19060	488	96197	3	96200	194	16	1116	0	0	0	0	0	0	0	0	0	0	0	11480	20	12288	0	0
19060	489	96205	2	96207	192	19	1117	0	0	0	0	0	0	0	0	0	0	0	11480	23	16384	0	0
19060	490	96203	4	96207	194	16	1116	0	0	0	0	0	0	0	0	0	0	0	11480	20	16384	0	0
19060	491	96204	4	96208	192	15	1116	0	0	0	0	0	0	0	0	0	0	0	11480	20	16384	0	0
19060	492	96204	2	96206	192	19	1114	0	0	0	0	0	0	0	0	0	0	0	11480	23	36864	0	0
19060	493	96203	1	96204	194	17	1116	0	0	0	0	0	0	0	0	0	0	0	11480	20	16384	0	0
19060	494	96198	1	96199	196	15	1114	0	0	0	0	0	0	0	0	0	0	0	11480	20	16384	0	0
19060	495	96204	1	96205	192	19	1121	0	0	0	0	0	0	0	0	0	0	0	11480	23	16384	0	0
19060	496	96204	1	96205	194	17	1121	0	0	0	0	0	0	0	0	0	0	0	11480	20	12288	0	0
19060	497	96200	5	96205	192	19	1116	0	0	0	0	0	0	0	0	0	0	0	11480	20	16384	0	0
19060	498	96204	1	96205	194	16	1118	0	0	0	0	0	0	0	0	0	0	0	11480	23	12288	0	0
19060	499	96194	4	96198	192	20	1117	0	0	0	0	0	0	0	0	0	0	0	11480	20	16384	0	0
19060	500	96203	1	96204	193	20	1117	0	0	0	0	0	0	0	0	0	0	0	11480	20	16384	0	0
19060	501	96206	1	96207	196	13	1115	0	0	0	0	0	0	0	0	0	0	0	11480	23	16384	0	0
19060	502	96205	2	96207	194	16	1116	0	0	0	0	0	0	0	0	0	0	0	11480	20	12288	0	0
19060	503	96201	3	96204	192	20	1115	0	0	0	0	0	0	0	0	0	0	0	11480	20	16384	0	0
19060	504	96204	0	96204	194	18	1121	0	0	0	0	0	0	0	0	0	0	0	11480	23	16384	0	0
19060	505	96205	0	96205	188	21	1120	0	0	0	0	0	0	0	0	0	0	0	11480	20	16384	0	0
19060	506	96199	3	96202	192	18	1116	0	0	0	0	0	0	0	0	0	0	0	11480	20	12288	0	0
19060	507	96204	2	96206	194	15	1116	0	0	0	0	0	0	0	0	0	0	0	11480	23	16384	0	0
19060	508	96205	1	96206	196	15	1117	0	0	0	0	0	0	0	0	0	0	0	11480	20	12288	0	0
19060	509	96201	3	96204	195	18	1116	0	0	0	0	0	0	0	0	0	0	0	11480	20	12288	0	0
19060	510	96204	2	96206	192	21	1114	0	0	0	0	0	0	0	0	0	0	0	11480	20	16384	0	0
19060	511	96205	2	96207	194	15	1117	0	0	0	0	0	0	0	0	0	0	0	11480	23	53248	7	0
19060	512	96201	3	96204	194	13	1114	0	0	0	0	0	0	0	0	0	0	0	11480	20	12288	0	0
19060	513	96201	4	96205	190	20	1120	0	0	0	0	0	0	0	0	0	0	0	11480	20	16384	0	0
19060	514	96202	3	96205	194	19	1121	0	0	0	0	0	0	0	0	0	0	0	11480	23	16384	0	0
19060	515	96202	4	96206	194	16	1117	0	0	0	0	0	0	0	0	0	0	0	11480	20	16384	0	0
19060	516	96204	2	96206	196	15	1116	0	0	0	0	0	0	0	0	0	0	0	11480	20	12288	0	0
19060	517	96202	2	96204	192	20	1117	0	0	0	0	0	0	0	0	0	0	0	11480	23	16384	0	0
19060	518	96201	2	96203	194	17	1116	0	0	0	0	0	0	0	0	0	0	0	11480	20	16384	0	0
19060	519	96204	2	96206	196	12	1115	0	0	0	0	0	0	0	0	0	0	0	11480	20	16384	0	0
19060	520	96199	2	96201	190	20	1117	0	0	0	0	0	0	0	0	0	0	0	11480	23	16384	0	0
19060	521	96202	4	96206	192	18	1114	0	0	0	0	0	0	0	0	0	0	0	11480	20	16384	0	0
19060	522	96202	3	96205	196	16	1120	0	0	0	0	0	0	0	0	0	0	0	11480	20	16384	0	0
19060	523	96201	2	96203	194	17	1120	0	0	0	0	0	0	0	0	0	0	0	11480	23	16384	0	0
19060	524	96206	1	96207	190	19	1116	0	0	0	0	0	0	0	0	0	0	0	11480	20	16384	0	0
19060	525	96204	1	96205	196	15	1116	0	0	0	0	0	0	0	0	0	0	0	11480	20	12288	0	0
19060	526	96205	0	96205	188	20	1116	0	0	0	0	0	0	0	0	0	0	0	11480	23	16384	0	0
19060	527	96203	2	96205	192	21	1116	0	0	0	0	0	0	0	0	0	0	0	11480	20	12288	0	0
19060	528	96197	4	96201	194	17	1114	0	0	0	0	0	0	0	0	0	0	0	11480	20	16384	0	0
19060	529	96199	5	96204	196	14	1117	0	0	0	0	0	0	0	0	0	0	0	11480	23	16384	0	0
19060	530	96203	2	96205	191	21	1114	0	0	0	0	0	0	0	0	0	0	0	11480	20	16384	0	0
19060	531	96204	3	96207	192	19	1121	0	0	0	0	0	0	0	0	0	0	0	11480	20	16384	0	0
19060	532	96203	3	96206	194	15	1122	0	0	0	0	0	0	0	0	0	0	0	11480	23	16384	0	0
19060	533	96201	3	96204	194	18	1117	0	0	0	0	0	0	0	0	0	0	0	11480	20	16384	0	0
19060	534	96201	4	96205	196	16	1117	0	0	0	0	0	0	0	0	0	0	0	11480	20	16384	0	0
19060	535	96201	3	96204	197	13	1117	0	0	0	0	0	0	0	0	0	0	0	11480	23	16384	0	0
19060	536	96199	0	96199	190	21	1116	0	0	0	0	0	0	0	0	0	0	0	11480	20	16384	0	0
19060	537	96206	1	96207	196	14	1115	0	0	0	0	0	0	0	0	0	0	0	11480	20	16384	0	0
19060	538	96200	5	96205	194	15	1117	0	0	0	0	0	0	0	0	0	0	0	11480	23	16384	0	0
19060	539	96205	2	96207	192	18	1114	0	0	0	0	0	0	0	0	0	0	0	11480	20	16384	0	0
19060	540	96204	2	96206	194	17	1121	0	0	0	0	0	0	0	0	0	0	0	11480	20	12288	0	0
19060	541	96205	2	96207	194	14	1120	0	0	0	0	0	0	0	0	0	0	0	11480	20	16384	0	0
19060	542	96205	1	96206	196	16	1116	0	0	0	0	0	0	0	0	0	0	0	11480	23	12288	0	0
19060	543	96205	3	96208	193	19	1116	0	0	0	0	0	0	0	0	0	0	0	11480	20	32768	0	0
19060	544	96202	2	96204	194	14	1117	0	0	0	0	0	0	0	0	0	0	0	11480	20	12288	0	0
19060	545	96202	2	96204	194	17	1116	0	0	0	0	0	0	0	0	0	0	0	11480	23	16384	0	0
19060	546	96201	4	96205	198	12	1115	0	0	0	0	0	0	0	0	0	0	0	11480	20	12288	0	0
19060	547	96199	5	96204	190	20	1117	0	0	0	0	0	0	0	0	0	0	0	11480	20	16384	0	0
19060	548	96206	3	96209	192	20	1116	0	0	0	0	0	0	0	0	0	0	0	11480	23	53248	7	0
19060	549	96200	4	96204	196	14	1120	0	0	0	0	0	0	0	0	0	0	0	11480	20	16384	0	0
19060	550	96204	0	96204	196	15	1121	0	0	0	0	0	0	0	0	0	0	0	11480	20	16384	0	0
19060	551	96204	3	96207	190	19	1116	0	0	0	0	0	0	0	0	0	0	0	11480	23	16384	0	0
19060	552	96203	2	96205	196	14	1117	0	0	0	0	0	0	0	0	0	0	0	11480	20	12288	0	0
19060	553	96201	4	96205	192	18	1116	0	0	0	0	0	0	0	0	0	0	0	11480	20	16384	0	0
19060	554	96201	1	96202	196	15	1117	0	0	0	0	0	0	0	0	0	0	0	11480	23	16384	0	0
19060	555	96203	4	96207	196	11	1114	0	0	0	0	0	0	0	0	0	0	0	11480	20	16384	0	0
19060	556	96205	3	96208	196	15	1116	0	0	0	0	0	0	0	0	0	0	0	11480	20	36864	0	0
19060	557	96203	4	96207	190	20	1114	0	0	0	0	0	0	0	0	0	0	0	11480	23	16384	0	0
19060	558	96200	5	96205	198	14	1121	0	0	0	0	0	0	0	0	0	0	0	11480	20	16384	0	0
19060	559	96206	1	96207	194	17	1121	0	0	0	0	0	0	0	0	0	0	0	11480	20	12288	0	0
19060	560	96203	4	96207	194	18	1117	0	0	0	0	0	0	0	0	0	0	0	11480	23	16384	0	0
19060	561	96202	2	96204	195	16	1116	0	0	0	0	0	0	0	0	0	0	0	11480	20	12288	0	0
19060	562	96205	1	96206	194	14	1116	0	0	0	0	0	0	0	0	0	0	0	11480	20	16384	0	0
19060	563	96204	1	96205	192	17	1116	0	0	0	0	0	0	0	0	0	0	0	11480	23	16384	0	0
19060	564	96195	4	96199	194	17	1115	0	0	0	0	0	0	0	0	0	0	0	11480	20	12288	0	0
19060	565	96205	2	96207	194	17	1116	0	0	0	0	0	0	0	0	0	0	0	11480	20	16384	0	0
19060	566	96203	2	96205	194	17	1114	0	0	0	0	0	0	0	0	0	0	0	11480	23	16384	0	0
19060	567	96202	3	96205	192	17	1120	0	0	0	0	0	0	0	0	0	0	0	11480	20	16384	0	0
19060	568	96201	4	96205	192	19	1121	0	0	0	0	0	0	0	0	0	0	0	11480	20	16384	0	0
19060	569	96204	4	96208	194	16	1116	0	0	0	0	0	0	0	0	0	0	0	11480	20	16384	0	0
19060	570	96204	2	96206	190	20	1116	0	0	0	0	0	0	0	0	0	0	0	11480	23	16384	0	0
19060	571	96208	2	96210	194	14	1116	0	0	0	0	0	0	0	0	0	0	0	11480	20	32768	0	0
19060	572	96204	2	96206	194	14	1117	0	0	0	0	0	0	0	0	0	0	0	11480	20	16384	0	0
19060	573	96201	4	96205	194	14	1114	0	0	0	0	0	0	0	0	0	0	0	11480	23	16384	0	0
19060	574	96201	3	96204	188	21	1116	0	0	0	0	0	0	0	0	0	0	0	11480	20	16384	0	0
19060	575	96202	2	96204	190	19	1115	0	0	0	0	0	0	0	0	0	0	0	11480	20	16384	0	0
19060	576	96203	2	96205	190	18	1121	0	0	0	0	0	0	0	0	0	0	0	11480	23	16384	0	0
19060	577	96201	3	96204	191	21	1120	0	0	0	0	0	0	0	0	0	0	0	11480	20	16384	0	0
19060	578	96204	1	96205	198	14	1116	0	0	0	0	0	0	0	0	0	0	0	11480	20	16384	0	0
19060	579	96206	1	96207	190	18	1116	0	0	0	0	0	0	0	0	0	0	0	11480	23	16384	0	0
19060	580	96205	1	96206	192	16	1117	0	0	0	0	0	0	0	0	0	0	0	11480	20	12288	0	0
19060	581	96200	4	96204	194	16	1118	0	0	0	0	0	0	0	0	0	0	0	11480	20	12288	0	0
19060	582	96204	0	96204	196	12	1114	0	0	0	0	0	0	0	0	0	0	0	11480	23	16384	0	0
19060	583	96206	3	96209	193	16	1116	0	0	0	0	0	0	0	0	0	0	0	11480	20	16384	0	0
19060	584	96201	2	96203	190	21	1115	0	0	0	0	0	0	0	0	0	0	0	11480	20	16384	0	0
19060	585	96206	3	96209	192	20	1122	0	0	0	0	0	0	0	0	0	0	0	11480	23	49152	7	0
19060	586	96204	1	96205	196	14	1122	0	0	0	0	0	0	0	0	0	0	0	11480	20	16384	0	0
19060	587	96202	4	96206	191	19	1116	0	0	0	0	0	0	0	0	0	0	0	11480	20	16384	0	0
19060	588	96204	1	96205	196	14	1117	0	0	0	0	0	0	0	0	0	0	0	11480	23	16384	0	0
19060	589	96202	3	96205	190	21	1116	0	0	0	0	0	0	0	0	0	0	0	11480	20	16384	0	0
19060	590	96201	7	96208	196	15	1118	0	0	0	0	0	0	0	0	0	0	0	11480	20	32768	0	0
19060	591	96201	5	96206	194	16	1116	0	0	0	0	0	0	0	0	0	0	0	11480	23	16384	0	0
19060	592	96203	1	96204	200	14	1117	0	0	0	0	0	0	0	0	0	0	0	11480	20	12288	0	0
19060	593	96202	2	96204	198	12	1115	0	0	0	0	0	0	0	0	0	0	0	11480	20	16384	0	0
19060	594	96200	6	96206	194	18	1121	0	0	0	0	0	0	0	0	0	0	0	11480	23	16384	0	0
19060	595	96202	2	96204	197	18	1121	0	0	0	0	0	0	0	0	0	0	0	11480	20	16384	0	0
19060	596	96203	2	96205	196	15	1116	0	0	0	0	0	0	0	0	0	0	0	11480	20	16384	0	0
19060	597	96201	2	96203	192	20	1118	0	0	0	0	0	0	0	0	0	0	0	11480	23	16384	0	0
19060	598	96211	17	96228	230	24	9102	0	0	0	0	0	0	0	0	0	0	0	1678995	1260	208896	51872	0
19060	599	96201	3	96204	190	19	1116	0	0	0	0	0	0	0	0	0	0	0	11480	20	12288	0	0
19060	600	96203	1	96204	195	17	1116	0	0	0	0	0	0	0	0	0	0	0	11480	20	16384	0	0
19060	601	96203	1	96204	190	22	1117	0	0	0	0	0	0	0	0	0	0	0	11480	23	16384	0	0
19060	602	96201	2	96203	194	15	1114	0	0	0	0	0	0	0	0	0	0	0	11480	20	16384	0	0
19060	603	96200	4	96204	192	18	1120	0	0	0	0	0	0	0	0	0	0	0	11480	20	16384	0	0
19060	604	96202	3	96205	192	17	1118	0	0	0	0	0	0	0	0	0	0	0	11480	23	16384	0	0
19060	605	96204	2	96206	194	14	1117	0	0	0	0	0	0	0	0	0	0	0	11480	20	16384	0	0
19060	606	96199	4	96203	196	15	1117	0	0	0	0	0	0	0	0	0	0	0	11480	20	16384	0	0
19060	607	96203	2	96205	190	21	1117	0	0	0	0	0	0	0	0	0	0	0	11480	23	16384	0	0
19060	608	96202	3	96205	196	11	1117	0	0	0	0	0	0	0	0	0	0	0	11480	20	16384	0	0
19060	609	96205	3	96208	194	16	1114	0	0	0	0	0	0	0	0	0	0	0	11480	20	16384	0	0
19060	610	96206	0	96206	192	18	1116	0	0	0	0	0	0	0	0	0	0	0	11480	23	16384	0	0
19060	611	96203	1	96204	196	16	1115	0	0	0	0	0	0	0	0	0	0	0	11480	20	16384	0	0
19060	612	96205	0	96205	192	18	1120	0	0	0	0	0	0	0	0	0	0	0	11480	20	16384	0	0
19060	613	96202	2	96204	197	14	1119	0	0	0	0	0	0	0	0	0	0	0	11480	23	12288	0	0
19060	614	96206	0	96206	192	16	1119	0	0	0	0	0	0	0	0	0	0	0	11480	20	16384	0	0
19060	615	96203	2	96205	190	20	1116	0	0	0	0	0	0	0	0	0	0	0	11480	20	16384	0	0
19060	616	96205	1	96206	194	19	1118	0	0	0	0	0	0	0	0	0	0	0	11480	23	16384	0	0
19060	617	96204	2	96206	196	14	1116	0	0	0	0	0	0	0	0	0	0	0	11480	20	16384	0	0
19060	618	96201	5	96206	190	20	1114	0	0	0	0	0	0	0	0	0	0	0	11480	20	28672	0	0
19060	619	96201	4	96205	194	13	1117	0	0	0	0	0	0	0	0	0	0	0	11480	23	16384	0	0
19060	620	96204	1	96205	196	14	1115	0	0	0	0	0	0	0	0	0	0	0	11480	20	36864	0	0
19060	621	96202	4	96206	192	21	1121	0	0	0	0	0	0	0	0	0	0	0	11480	20	16384	0	0
19060	622	96201	5	96206	196	17	1121	0	0	0	0	0	0	0	0	0	0	0	11480	23	53248	7	0
19060	623	96203	2	96205	198	12	1116	0	0	0	0	0	0	0	0	0	0	0	11480	20	16384	0	0
19060	624	96201	6	96207	194	17	1116	0	0	0	0	0	0	0	0	0	0	0	11480	20	16384	0	0
19060	625	96204	1	96205	194	17	1117	0	0	0	0	0	0	0	0	0	0	0	11480	23	16384	0	0
19060	626	96202	3	96205	192	18	1116	0	0	0	0	0	0	0	0	0	0	0	11480	20	16384	0	0
19060	627	96210	0	96210	190	22	1114	0	0	0	0	0	0	0	0	0	0	0	11480	20	32768	0	0
19060	628	96200	3	96203	190	20	1117	0	0	0	0	0	0	0	0	0	0	0	11480	20	16384	0	0
19060	629	96203	5	96208	192	18	1115	0	0	0	0	0	0	0	0	0	0	0	11480	23	12288	0	0
19060	630	96202	3	96205	192	16	1120	0	0	0	0	0	0	0	0	0	0	0	11480	20	16384	0	0
19060	631	96198	5	96203	190	20	1120	0	0	0	0	0	0	0	0	0	0	0	11480	20	12288	0	0
19060	632	96204	1	96205	194	17	1116	0	0	0	0	0	0	0	0	0	0	0	11480	23	16384	0	0
19060	633	96199	4	96203	192	20	1116	0	0	0	0	0	0	0	0	0	0	0	11480	20	16384	0	0
19060	634	96200	3	96203	190	20	1116	0	0	0	0	0	0	0	0	0	0	0	11480	20	16384	0	0
19060	635	96203	0	96203	190	21	1117	0	0	0	0	0	0	0	0	0	0	0	11480	23	16384	0	0
19060	636	96202	4	96206	194	19	1115	0	0	0	0	0	0	0	0	0	0	0	11480	20	32768	0	0
19060	637	96203	1	96204	192	18	1116	0	0	0	0	0	0	0	0	0	0	0	11480	20	12288	0	0
19060	638	96209	1	96210	196	13	1114	0	0	0	0	0	0	0	0	0	0	0	11480	23	16384	0	0
19060	639	96208	2	96210	197	15	1120	0	0	0	0	0	0	0	0	0	0	0	11480	20	16384	0	0
19060	640	96203	2	96205	190	21	1120	0	0	0	0	0	0	0	0	0	0	0	11480	20	12288	0	0
19060	641	96204	3	96207	191	19	1117	0	0	0	0	0	0	0	0	0	0	0	11480	23	16384	0	0
19060	642	96202	3	96205	196	17	1117	0	0	0	0	0	0	0	0	0	0	0	11480	20	12288	0	0
19060	643	96204	2	96206	196	11	1116	0	0	0	0	0	0	0	0	0	0	0	11480	20	12288	0	0
19060	644	96205	1	96206	196	13	1116	0	0	0	0	0	0	0	0	0	0	0	11480	23	16384	0	0
19060	645	96203	2	96205	194	15	1115	0	0	0	0	0	0	0	0	0	0	0	11480	20	12288	0	0
19060	646	96204	2	96206	194	15	1116	0	0	0	0	0	0	0	0	0	0	0	11480	20	32768	0	0
19060	647	96200	5	96205	190	22	1115	0	0	0	0	0	0	0	0	0	0	0	11480	23	16384	0	0
19060	648	96203	3	96206	188	25	1120	0	0	0	0	0	0	0	0	0	0	0	11480	20	16384	0	0
19060	649	96202	3	96205	194	16	1121	0	0	0	0	0	0	0	0	0	0	0	11480	20	12288	0	0
19060	650	96206	1	96207	192	16	1116	0	0	0	0	0	0	0	0	0	0	0	11480	23	16384	0	0
19060	651	96203	2	96205	194	18	1116	0	0	0	0	0	0	0	0	0	0	0	11480	20	16384	0	0
19060	652	96204	1	96205	192	18	1117	0	0	0	0	0	0	0	0	0	0	0	11480	20	16384	0	0
19060	653	96203	3	96206	192	18	1117	0	0	0	0	0	0	0	0	0	0	0	11480	23	16384	0	0
19060	654	96200	4	96204	196	14	1114	0	0	0	0	0	0	0	0	0	0	0	11480	20	16384	0	0
19060	655	96205	1	96206	190	17	1116	0	0	0	0	0	0	0	0	0	0	0	11480	20	12288	0	0
19060	656	96203	1	96204	194	16	1114	0	0	0	0	0	0	0	0	0	0	0	11480	20	16384	0	0
19060	657	96199	6	96205	190	19	1121	0	0	0	0	0	0	0	0	0	0	0	11480	23	16384	0	0
19060	658	96199	5	96204	194	18	1120	0	0	0	0	0	0	0	0	0	0	0	11480	20	16384	0	0
19060	659	96203	2	96205	196	15	1116	0	0	0	0	0	0	0	0	0	0	0	11480	20	16384	0	0
19060	660	96206	2	96208	194	17	1118	0	0	0	0	0	0	0	0	0	0	0	11480	23	53248	7	0
19060	661	96204	3	96207	192	17	1117	0	0	0	0	0	0	0	0	0	0	0	11480	20	16384	0	0
19060	662	96207	0	96207	192	16	1117	0	0	0	0	0	0	0	0	0	0	0	11480	20	16384	0	0
19060	663	96202	1	96203	196	14	1115	0	0	0	0	0	0	0	0	0	0	0	11480	23	16384	0	0
19060	664	96204	3	96207	192	18	1117	0	0	0	0	0	0	0	0	0	0	0	11480	20	16384	0	0
19060	665	96201	4	96205	190	20	1114	0	0	0	0	0	0	0	0	0	0	0	11480	20	16384	0	0
19060	666	96204	2	96206	194	16	1120	0	0	0	0	0	0	0	0	0	0	0	11480	23	16384	0	0
19060	667	96203	3	96206	194	17	1121	0	0	0	0	0	0	0	0	0	0	0	11480	20	16384	0	0
19060	668	96200	5	96205	193	19	1117	0	0	0	0	0	0	0	0	0	0	0	11480	20	16384	0	0
19060	669	96205	0	96205	192	16	1116	0	0	0	0	0	0	0	0	0	0	0	11480	23	12288	0	0
19060	670	96202	3	96205	192	17	1116	0	0	0	0	0	0	0	0	0	0	0	11480	20	16384	0	0
19060	671	96202	4	96206	192	17	1116	0	0	0	0	0	0	0	0	0	0	0	11480	20	12288	0	0
19060	672	96201	3	96204	194	15	1114	0	0	0	0	0	0	0	0	0	0	0	11480	23	16384	0	0
19060	673	96201	3	96204	196	17	1116	0	0	0	0	0	0	0	0	0	0	0	11480	20	16384	0	0
19060	674	96201	4	96205	190	20	1114	0	0	0	0	0	0	0	0	0	0	0	11480	20	12288	0	0
19060	675	96198	4	96202	194	15	1121	0	0	0	0	0	0	0	0	0	0	0	11480	23	16384	0	0
19060	676	96205	2	96207	194	15	1121	0	0	0	0	0	0	0	0	0	0	0	11480	20	16384	0	0
19060	677	96204	1	96205	192	19	1116	0	0	0	0	0	0	0	0	0	0	0	11480	20	16384	0	0
19060	678	96203	1	96204	188	21	1117	0	0	0	0	0	0	0	0	0	0	0	11480	23	16384	0	0
19060	679	96205	1	96206	194	16	1116	0	0	0	0	0	0	0	0	0	0	0	11480	20	16384	0	0
19060	680	96204	2	96206	192	17	1116	0	0	0	0	0	0	0	0	0	0	0	11480	20	16384	0	0
19060	681	96201	4	96205	195	15	1114	0	0	0	0	0	0	0	0	0	0	0	11480	23	16384	0	0
19060	682	96204	1	96205	192	19	1117	0	0	0	0	0	0	0	0	0	0	0	11480	20	16384	0	0
19060	683	96204	3	96207	195	14	1115	0	0	0	0	0	0	0	0	0	0	0	11480	20	16384	0	0
19060	684	96204	2	96206	192	17	1121	0	0	0	0	0	0	0	0	0	0	0	11480	23	36864	0	0
19060	685	96202	3	96205	192	19	1121	0	0	0	0	0	0	0	0	0	0	0	11480	20	16384	0	0
19060	686	96205	2	96207	190	18	1117	0	0	0	0	0	0	0	0	0	0	0	11480	20	16384	0	0
19060	687	96199	4	96203	192	18	1116	0	0	0	0	0	0	0	0	0	0	0	11480	20	16384	0	0
19060	688	96204	4	96208	198	12	1117	0	0	0	0	0	0	0	0	0	0	0	11480	23	16384	0	0
19060	689	96205	1	96206	194	13	1116	0	0	0	0	0	0	0	0	0	0	0	11480	20	16384	0	0
19060	690	96201	2	96203	192	17	1114	0	0	0	0	0	0	0	0	0	0	0	11480	20	12288	0	0
19060	691	96207	1	96208	194	20	1117	0	0	0	0	0	0	0	0	0	0	0	11480	23	16384	0	0
19060	692	96203	2	96205	194	15	1114	0	0	0	0	0	0	0	0	0	0	0	11480	20	16384	0	0
19060	693	96205	1	96206	190	19	1120	0	0	0	0	0	0	0	0	0	0	0	11480	20	16384	0	0
19060	694	96206	0	96206	194	16	1120	0	0	0	0	0	0	0	0	0	0	0	11480	23	16384	0	0
19060	695	96203	3	96206	190	18	1116	0	0	0	0	0	0	0	0	0	0	0	11480	20	16384	0	0
19060	696	96205	0	96205	194	16	1116	0	0	0	0	0	0	0	0	0	0	0	11480	20	16384	0	0
19060	697	96204	6	96210	192	18	1117	0	0	0	0	0	0	0	0	0	0	0	11480	23	53248	7	0
19060	698	96204	3	96207	194	14	1117	0	0	0	0	0	0	0	0	0	0	0	11480	20	16384	0	0
19060	699	96201	6	96207	196	17	1114	0	0	0	0	0	0	0	0	0	0	0	11480	20	16384	0	0
19060	700	96205	2	96207	194	17	1117	0	0	0	0	0	0	0	0	0	0	0	11480	23	16384	0	0
19060	701	96202	3	96205	196	13	1115	0	0	0	0	0	0	0	0	0	0	0	11480	20	12288	0	0
19060	702	96205	3	96208	192	16	1120	0	0	0	0	0	0	0	0	0	0	0	11480	20	16384	0	0
19060	703	96206	0	96206	194	18	1121	0	0	0	0	0	0	0	0	0	0	0	11480	23	16384	0	0
19060	704	96200	4	96204	190	22	1116	0	0	0	0	0	0	0	0	0	0	0	11480	20	16384	0	0
19060	705	96202	3	96205	196	17	1116	0	0	0	0	0	0	0	0	0	0	0	11480	20	16384	0	0
19060	706	96203	2	96205	194	15	1117	0	0	0	0	0	0	0	0	0	0	0	11480	23	16384	0	0
19060	707	96203	1	96204	194	15	1116	0	0	0	0	0	0	0	0	0	0	0	11480	20	16384	0	0
19060	708	96204	3	96207	196	13	1114	0	0	0	0	0	0	0	0	0	0	0	11480	20	12288	0	0
19060	709	96205	2	96207	190	21	1116	0	0	0	0	0	0	0	0	0	0	0	11480	23	16384	0	0
19060	710	96202	3	96205	188	21	1115	0	0	0	0	0	0	0	0	0	0	0	11480	20	12288	0	0
19060	711	96203	3	96206	192	19	1121	0	0	0	0	0	0	0	0	0	0	0	11480	20	16384	0	0
19060	712	96203	2	96205	196	14	1121	0	0	0	0	0	0	0	0	0	0	0	11480	23	16384	0	0
19060	713	96204	1	96205	194	17	1116	0	0	0	0	0	0	0	0	0	0	0	11480	20	16384	0	0
19060	714	96203	2	96205	186	22	1117	0	0	0	0	0	0	0	0	0	0	0	11480	20	16384	0	0
19060	715	96205	2	96207	196	13	1117	0	0	0	0	0	0	0	0	0	0	0	11480	20	16384	0	0
19060	716	96205	0	96205	194	18	1116	0	0	0	0	0	0	0	0	0	0	0	11480	23	16384	0	0
19060	717	96204	4	96208	194	15	1115	0	0	0	0	0	0	0	0	0	0	0	11480	20	16384	0	0
19060	718	96202	5	96207	188	20	1116	0	0	0	0	0	0	0	0	0	0	0	11480	20	12288	0	0
19060	719	96201	4	96205	192	16	1114	0	0	0	0	0	0	0	0	0	0	0	11480	23	12288	0	0
19060	720	96199	5	96204	192	18	1120	0	0	0	0	0	0	0	0	0	0	0	11480	20	12288	0	0
19060	721	96206	5	96211	192	17	1121	0	0	0	0	0	0	0	0	0	0	0	11480	20	16384	0	0
19060	722	96201	1	96202	188	25	1116	0	0	0	0	0	0	0	0	0	0	0	11480	23	16384	0	0
19060	723	96203	1	96204	194	16	1117	0	0	0	0	0	0	0	0	0	0	0	11480	20	16384	0	0
19060	724	96200	2	96202	192	17	1117	0	0	0	0	0	0	0	0	0	0	0	11480	20	16384	0	0
19060	725	96206	0	96206	190	19	1116	0	0	0	0	0	0	0	0	0	0	0	11480	23	16384	0	0
19060	726	96204	2	96206	188	21	1114	0	0	0	0	0	0	0	0	0	0	0	11480	20	16384	0	0
19060	727	96201	3	96204	196	16	1118	0	0	0	0	0	0	0	0	0	0	0	11480	20	16384	0	0
19060	728	96201	3	96204	194	19	1114	0	0	0	0	0	0	0	0	0	0	0	11480	23	12288	0	0
19060	729	96204	1	96205	194	17	1120	0	0	0	0	0	0	0	0	0	0	0	11480	20	12288	0	0
19060	730	96203	1	96204	196	13	1120	0	0	0	0	0	0	0	0	0	0	0	11480	20	16384	0	0
19060	731	96206	1	96207	192	16	1116	0	0	0	0	0	0	0	0	0	0	0	11480	23	16384	0	0
19060	732	96204	3	96207	196	13	1116	0	0	0	0	0	0	0	0	0	0	0	11480	20	16384	0	0
19060	733	96200	5	96205	188	25	1116	0	0	0	0	0	0	0	0	0	0	0	11480	20	16384	0	0
19060	734	96205	1	96206	192	18	1118	0	0	0	0	0	0	0	0	0	0	0	11480	23	53248	7	0
19060	735	96205	0	96205	198	15	1115	0	0	0	0	0	0	0	0	0	0	0	11480	20	16384	0	0
19060	736	96202	2	96204	194	16	1117	0	0	0	0	0	0	0	0	0	0	0	11480	20	16384	0	0
19060	737	96201	3	96204	192	19	1114	0	0	0	0	0	0	0	0	0	0	0	11480	23	16384	0	0
19060	738	96205	3	96208	190	18	1120	0	0	0	0	0	0	0	0	0	0	0	11480	20	16384	0	0
19060	739	96200	2	96202	196	16	1121	0	0	0	0	0	0	0	0	0	0	0	11480	20	12288	0	0
19060	740	96203	3	96206	196	13	1116	0	0	0	0	0	0	0	0	0	0	0	11480	23	12288	0	0
19060	741	96205	2	96207	198	12	1117	0	0	0	0	0	0	0	0	0	0	0	11480	20	16384	0	0
19060	742	96198	5	96203	196	15	1117	0	0	0	0	0	0	0	0	0	0	0	11480	20	16384	0	0
19060	743	96201	2	96203	196	17	1116	0	0	0	0	0	0	0	0	0	0	0	11480	23	16384	0	0
19060	744	96203	1	96204	194	18	1114	0	0	0	0	0	0	0	0	0	0	0	11480	20	16384	0	0
19060	745	96203	2	96205	194	17	1117	0	0	0	0	0	0	0	0	0	0	0	11480	20	16384	0	0
19060	746	96202	1	96203	192	20	1115	0	0	0	0	0	0	0	0	0	0	0	11480	20	16384	0	0
19060	747	96203	2	96205	196	14	1121	0	0	0	0	0	0	0	0	0	0	0	11480	23	16384	0	0
19060	748	96199	6	96205	194	15	1120	0	0	0	0	0	0	0	0	0	0	0	11480	20	36864	0	0
19060	749	96206	1	96207	192	16	1116	0	0	0	0	0	0	0	0	0	0	0	11480	20	16384	0	0
19060	750	96201	3	96204	196	17	1116	0	0	0	0	0	0	0	0	0	0	0	11480	23	16384	0	0
19060	751	96204	1	96205	194	15	1117	0	0	0	0	0	0	0	0	0	0	0	11480	20	16384	0	0
19060	752	96204	2	96206	190	19	1118	0	0	0	0	0	0	0	0	0	0	0	11480	20	16384	0	0
19060	753	96204	1	96205	192	18	1116	0	0	0	0	0	0	0	0	0	0	0	11480	23	16384	0	0
19060	754	96200	4	96204	198	12	1116	0	0	0	0	0	0	0	0	0	0	0	11480	20	16384	0	0
19060	755	96203	3	96206	194	16	1115	0	0	0	0	0	0	0	0	0	0	0	11480	20	16384	0	0
19060	756	96201	2	96203	192	18	1121	0	0	0	0	0	0	0	0	0	0	0	11480	23	12288	0	0
19060	757	96202	3	96205	190	18	1122	0	0	0	0	0	0	0	0	0	0	0	11480	20	16384	0	0
19060	758	96203	2	96205	196	16	1117	0	0	0	0	0	0	0	0	0	0	0	11480	20	16384	0	0
19060	759	96201	4	96205	198	13	1116	0	0	0	0	0	0	0	0	0	0	0	11480	23	16384	0	0
19060	760	96205	2	96207	190	19	1116	0	0	0	0	0	0	0	0	0	0	0	11480	20	16384	0	0
19060	761	96202	3	96205	196	13	1117	0	0	0	0	0	0	0	0	0	0	0	11480	20	16384	0	0
19060	762	96207	1	96208	194	13	1116	0	0	0	0	0	0	0	0	0	0	0	11480	23	16384	0	0
19060	763	96201	3	96204	192	20	1117	0	0	0	0	0	0	0	0	0	0	0	11480	20	16384	0	0
19060	764	96203	3	96206	192	20	1114	0	0	0	0	0	0	0	0	0	0	0	11480	20	16384	0	0
19060	765	96203	2	96205	194	15	1121	0	0	0	0	0	0	0	0	0	0	0	11480	23	16384	0	0
19060	766	96206	1	96207	194	17	1120	0	0	0	0	0	0	0	0	0	0	0	11480	20	16384	0	0
19060	767	96206	1	96207	192	17	1116	0	0	0	0	0	0	0	0	0	0	0	11480	20	16384	0	0
19060	768	96201	4	96205	192	17	1117	0	0	0	0	0	0	0	0	0	0	0	11480	23	16384	0	0
19060	769	96205	2	96207	191	18	1116	0	0	0	0	0	0	0	0	0	0	0	11480	20	12288	0	0
19060	770	96202	2	96204	196	15	1116	0	0	0	0	0	0	0	0	0	0	0	11480	20	16384	0	0
19060	771	96201	7	96208	196	11	1116	0	0	0	0	0	0	0	0	0	0	0	11480	23	53248	7	0
19060	772	96205	2	96207	192	19	1116	0	0	0	0	0	0	0	0	0	0	0	11480	20	16384	0	0
19060	773	96202	6	96208	192	18	1115	0	0	0	0	0	0	0	0	0	0	0	11480	20	16384	0	0
19060	774	96204	1	96205	196	14	1120	0	0	0	0	0	0	0	0	0	0	0	11480	20	16384	0	0
19060	775	96202	3	96205	195	14	1118	0	0	0	0	0	0	0	0	0	0	0	11480	23	16384	0	0
19060	776	96202	4	96206	194	16	1116	0	0	0	0	0	0	0	0	0	0	0	11480	20	16384	0	0
19060	777	96198	7	96205	199	12	1117	0	0	0	0	0	0	0	0	0	0	0	11480	20	16384	0	0
19060	778	96204	2	96206	190	19	1118	0	0	0	0	0	0	0	0	0	0	0	11480	23	16384	0	0
19060	779	96204	0	96204	198	13	1117	0	0	0	0	0	0	0	0	0	0	0	11480	20	16384	0	0
19060	780	96203	3	96206	192	18	1115	0	0	0	0	0	0	0	0	0	0	0	11480	20	16384	0	0
19060	781	96205	3	96208	194	15	1116	0	0	0	0	0	0	0	0	0	0	0	11480	23	12288	0	0
19060	782	96206	1	96207	194	15	1114	0	0	0	0	0	0	0	0	0	0	0	11480	20	16384	0	0
19060	783	96198	5	96203	192	18	1122	0	0	0	0	0	0	0	0	0	0	0	11480	20	16384	0	0
19060	784	96201	2	96203	190	23	1120	0	0	0	0	0	0	0	0	0	0	0	11480	23	12288	0	0
19060	785	96200	4	96204	194	19	1117	0	0	0	0	0	0	0	0	0	0	0	11480	20	16384	0	0
19060	786	96203	1	96204	192	19	1117	0	0	0	0	0	0	0	0	0	0	0	11480	20	12288	0	0
19060	787	96203	2	96205	194	19	1116	0	0	0	0	0	0	0	0	0	0	0	11480	23	16384	0	0
19060	788	96200	4	96204	194	20	1116	0	0	0	0	0	0	0	0	0	0	0	11480	20	12288	0	0
19060	789	96202	2	96204	192	17	1114	0	0	0	0	0	0	0	0	0	0	0	11480	20	16384	0	0
19060	790	96202	3	96205	194	16	1116	0	0	0	0	0	0	0	0	0	0	0	11480	23	12288	0	0
19060	791	96200	4	96204	192	18	1114	0	0	0	0	0	0	0	0	0	0	0	11480	20	12288	0	0
19060	792	96198	6	96204	194	16	1120	0	0	0	0	0	0	0	0	0	0	0	11480	20	16384	0	0
19060	793	96208	0	96208	196	13	1121	0	0	0	0	0	0	0	0	0	0	0	11480	23	16384	0	0
19060	794	96204	1	96205	196	15	1116	0	0	0	0	0	0	0	0	0	0	0	11480	20	16384	0	0
19060	795	96201	4	96205	190	20	1117	0	0	0	0	0	0	0	0	0	0	0	11480	20	16384	0	0
19060	796	96203	2	96205	192	20	1117	0	0	0	0	0	0	0	0	0	0	0	11480	23	16384	0	0
19060	797	96199	4	96203	194	16	1116	0	0	0	0	0	0	0	0	0	0	0	11480	20	16384	0	0
19060	798	96198	5	96203	194	18	1114	0	0	0	0	0	0	0	0	0	0	0	11480	20	16384	0	0
19060	799	96200	4	96204	198	16	1116	0	0	0	0	0	0	0	0	0	0	0	11480	23	16384	0	0
19060	800	96202	2	96204	192	18	1114	0	0	0	0	0	0	0	0	0	0	0	11480	20	16384	0	0
19060	801	96202	3	96205	196	16	1120	0	0	0	0	0	0	0	0	0	0	0	11480	20	16384	0	0
19060	802	96203	1	96204	198	15	1122	0	0	0	0	0	0	0	0	0	0	0	11480	20	16384	0	0
19060	803	96202	4	96206	196	14	1117	0	0	0	0	0	0	0	0	0	0	0	11480	23	16384	0	0
19060	804	96203	4	96207	195	18	1117	0	0	0	0	0	0	0	0	0	0	0	11480	20	16384	0	0
19060	805	96201	5	96206	194	17	1116	0	0	0	0	0	0	0	0	0	0	0	11480	20	12288	0	0
19060	806	96202	0	96202	194	19	1117	0	0	0	0	0	0	0	0	0	0	0	11480	23	16384	0	0
19060	807	96205	1	96206	192	18	1114	0	0	0	0	0	0	0	0	0	0	0	11480	20	16384	0	0
19060	808	96206	3	96209	192	18	1116	0	0	0	0	0	0	0	0	0	0	0	11480	20	16384	0	0
19060	809	96210	4	96214	194	15	1116	0	0	0	0	0	0	0	0	0	0	0	11480	23	53248	7	0
19060	810	96200	5	96205	192	17	1120	0	0	0	0	0	0	0	0	0	0	0	11480	20	12288	0	0
19060	811	96205	2	96207	194	14	1120	0	0	0	0	0	0	0	0	0	0	0	11480	20	12288	0	0
19060	812	96203	2	96205	194	14	1117	0	0	0	0	0	0	0	0	0	0	0	11480	23	32768	0	0
19060	813	96201	3	96204	196	13	1116	0	0	0	0	0	0	0	0	0	0	0	11480	20	16384	0	0
19060	814	96204	4	96208	188	20	1116	0	0	0	0	0	0	0	0	0	0	0	11480	20	16384	0	0
19060	815	96202	2	96204	192	19	1116	0	0	0	0	0	0	0	0	0	0	0	11480	23	16384	0	0
19060	816	96204	4	96208	192	18	1114	0	0	0	0	0	0	0	0	0	0	0	11480	20	16384	0	0
19060	817	96205	1	96206	192	16	1116	0	0	0	0	0	0	0	0	0	0	0	11480	20	12288	0	0
19060	818	96199	5	96204	196	12	1114	0	0	0	0	0	0	0	0	0	0	0	11480	23	16384	0	0
19060	819	96202	5	96207	194	17	1120	0	0	0	0	0	0	0	0	0	0	0	11480	20	16384	0	0
19060	820	96205	0	96205	192	18	1120	0	0	0	0	0	0	0	0	0	0	0	11480	20	12288	0	0
19060	821	96203	3	96206	196	11	1116	0	0	0	0	0	0	0	0	0	0	0	11480	23	16384	0	0
19060	822	96204	2	96206	194	17	1116	0	0	0	0	0	0	0	0	0	0	0	11480	20	12288	0	0
19060	823	96201	3	96204	194	17	1117	0	0	0	0	0	0	0	0	0	0	0	11480	20	16384	0	0
19060	824	96204	0	96204	190	17	1117	0	0	0	0	0	0	0	0	0	0	0	11480	23	16384	0	0
19060	825	96204	3	96207	196	15	1115	0	0	0	0	0	0	0	0	0	0	0	11480	20	16384	0	0
19060	826	96200	6	96206	192	16	1116	0	0	0	0	0	0	0	0	0	0	0	11480	20	16384	0	0
19060	827	96201	3	96204	194	14	1114	0	0	0	0	0	0	0	0	0	0	0	11480	23	16384	0	0
19060	828	96203	2	96205	198	16	1121	0	0	0	0	0	0	0	0	0	0	0	11480	20	16384	0	0
19060	829	96203	1	96204	197	12	1120	0	0	0	0	0	0	0	0	0	0	0	11480	20	16384	0	0
19060	830	96203	3	96206	194	17	1116	0	0	0	0	0	0	0	0	0	0	0	11480	23	16384	0	0
19060	831	96203	6	96209	196	15	1117	0	0	0	0	0	0	0	0	0	0	0	11480	20	16384	0	0
19060	832	96205	2	96207	192	17	1116	0	0	0	0	0	0	0	0	0	0	0	11480	20	12288	0	0
19060	833	96201	3	96204	194	17	1116	0	0	0	0	0	0	0	0	0	0	0	11480	20	16384	0	0
19060	834	96203	4	96207	198	13	1114	0	0	0	0	0	0	0	0	0	0	0	11480	23	16384	0	0
19060	835	96205	1	96206	192	18	1117	0	0	0	0	0	0	0	0	0	0	0	11480	20	16384	0	0
19060	836	96205	0	96205	194	17	1115	0	0	0	0	0	0	0	0	0	0	0	11480	20	12288	0	0
19060	837	96203	3	96206	194	18	1121	0	0	0	0	0	0	0	0	0	0	0	11480	23	16384	0	0
19060	838	96201	1	96202	194	17	1120	0	0	0	0	0	0	0	0	0	0	0	11480	20	12288	0	0
19060	839	96204	1	96205	192	17	1117	0	0	0	0	0	0	0	0	0	0	0	11480	20	16384	0	0
19060	840	96202	2	96204	196	16	1117	0	0	0	0	0	0	0	0	0	0	0	11480	23	16384	0	0
19060	841	96205	5	96210	190	18	1117	0	0	0	0	0	0	0	0	0	0	0	11480	20	16384	0	0
19060	842	96201	5	96206	194	16	1116	0	0	0	0	0	0	0	0	0	0	0	11480	20	16384	0	0
19060	843	96200	5	96205	194	17	1115	0	0	0	0	0	0	0	0	0	0	0	11480	23	16384	0	0
19060	844	96204	2	96206	197	14	1116	0	0	0	0	0	0	0	0	0	0	0	11480	20	16384	0	0
19060	845	96201	5	96206	196	16	1114	0	0	0	0	0	0	0	0	0	0	0	11480	20	16384	0	0
19060	846	96205	5	96210	194	18	1122	0	0	0	0	0	0	0	0	0	0	0	11480	23	53248	7	0
19060	847	96201	2	96203	188	23	1120	0	0	0	0	0	0	0	0	0	0	0	11480	20	12288	0	0
19060	848	96204	3	96207	192	19	1116	0	0	0	0	0	0	0	0	0	0	0	11480	20	16384	0	0
19060	849	96205	2	96207	194	17	1117	0	0	0	0	0	0	0	0	0	0	0	11480	23	16384	0	0
19060	850	96203	2	96205	194	14	1116	0	0	0	0	0	0	0	0	0	0	0	11480	20	16384	0	0
19060	851	96204	1	96205	193	16	1116	0	0	0	0	0	0	0	0	0	0	0	11480	20	16384	0	0
19060	852	96200	4	96204	196	13	1114	0	0	0	0	0	0	0	0	0	0	0	11480	23	16384	0	0
19060	853	96204	3	96207	194	14	1116	0	0	0	0	0	0	0	0	0	0	0	11480	20	16384	0	0
19060	854	96201	6	96207	194	16	1114	0	0	0	0	0	0	0	0	0	0	0	11480	20	16384	0	0
19060	855	96203	3	96206	192	17	1120	0	0	0	0	0	0	0	0	0	0	0	11480	23	16384	0	0
19060	856	96201	3	96204	194	16	1120	0	0	0	0	0	0	0	0	0	0	0	11480	20	16384	0	0
19060	857	96201	3	96204	196	14	1116	0	0	0	0	0	0	0	0	0	0	0	11480	20	12288	0	0
19060	858	96205	2	96207	196	14	1117	0	0	0	0	0	0	0	0	0	0	0	11480	23	12288	0	0
19060	859	96204	1	96205	194	17	1117	0	0	0	0	0	0	0	0	0	0	0	11480	20	16384	0	0
19060	860	96204	4	96208	194	15	1116	0	0	0	0	0	0	0	0	0	0	0	11480	20	28672	0	0
19060	861	96202	2	96204	196	14	1114	0	0	0	0	0	0	0	0	0	0	0	11480	20	12288	0	0
19060	862	96203	1	96204	196	14	1117	0	0	0	0	0	0	0	0	0	0	0	11480	23	16384	0	0
19060	863	96204	1	96205	198	14	1115	0	0	0	0	0	0	0	0	0	0	0	11480	20	12288	0	0
19060	864	96204	1	96205	194	17	1121	0	0	0	0	0	0	0	0	0	0	0	11480	20	16384	0	0
19060	865	96198	4	96202	192	20	1120	0	0	0	0	0	0	0	0	0	0	0	11480	23	12288	0	0
19060	866	96202	4	96206	190	23	1116	0	0	0	0	0	0	0	0	0	0	0	11480	20	16384	0	0
19060	867	96201	2	96203	192	19	1116	0	0	0	0	0	0	0	0	0	0	0	11480	20	16384	0	0
19060	868	96202	4	96206	194	14	1116	0	0	0	0	0	0	0	0	0	0	0	11480	23	12288	0	0
19060	869	96204	3	96207	194	19	1117	0	0	0	0	0	0	0	0	0	0	0	11480	20	28672	0	0
19060	870	96202	1	96203	190	20	1114	0	0	0	0	0	0	0	0	0	0	0	11480	20	16384	0	0
19060	871	96198	6	96204	196	16	1116	0	0	0	0	0	0	0	0	0	0	0	11480	23	12288	0	0
19060	872	96197	4	96201	195	20	1115	0	0	0	0	0	0	0	0	0	0	0	11480	20	16384	0	0
19060	873	96204	2	96206	190	19	1121	0	0	0	0	0	0	0	0	0	0	0	11480	20	16384	0	0
19060	874	96204	1	96205	194	17	1120	0	0	0	0	0	0	0	0	0	0	0	11480	23	16384	0	0
19060	875	96203	3	96206	194	15	1117	0	0	0	0	0	0	0	0	0	0	0	11480	20	12288	0	0
19060	876	96201	6	96207	194	15	1117	0	0	0	0	0	0	0	0	0	0	0	11480	20	32768	0	0
19060	877	96204	4	96208	196	13	1116	0	0	0	0	0	0	0	0	0	0	0	11480	23	16384	0	0
19060	878	96203	4	96207	194	18	1116	0	0	0	0	0	0	0	0	0	0	0	11480	20	16384	0	0
19060	879	96202	6	96208	194	19	1114	0	0	0	0	0	0	0	0	0	0	0	11480	20	32768	0	0
19060	880	96201	4	96205	192	19	1116	0	0	0	0	0	0	0	0	0	0	0	11480	23	16384	0	0
19060	881	96205	1	96206	194	18	1114	0	0	0	0	0	0	0	0	0	0	0	11480	20	16384	0	0
19060	882	96203	1	96204	193	18	1121	0	0	0	0	0	0	0	0	0	0	0	11480	20	12288	0	0
19060	883	96204	4	96208	194	15	1122	0	0	0	0	0	0	0	0	0	0	0	11480	23	53248	7	0
19060	884	96204	1	96205	194	16	1116	0	0	0	0	0	0	0	0	0	0	0	11480	20	16384	0	0
19060	885	96198	5	96203	194	18	1116	0	0	0	0	0	0	0	0	0	0	0	11480	20	16384	0	0
19060	886	96204	1	96205	190	23	1116	0	0	0	0	0	0	0	0	0	0	0	11480	23	16384	0	0
19060	887	96204	2	96206	196	15	1116	0	0	0	0	0	0	0	0	0	0	0	11480	20	16384	0	0
19060	888	96202	5	96207	190	21	1115	0	0	0	0	0	0	0	0	0	0	0	11480	20	32768	0	0
19060	889	96202	2	96204	194	16	1117	0	0	0	0	0	0	0	0	0	0	0	11480	23	16384	0	0
19060	890	96201	4	96205	192	20	1115	0	0	0	0	0	0	0	0	0	0	0	11480	20	16384	0	0
19060	891	96202	2	96204	192	18	1120	0	0	0	0	0	0	0	0	0	0	0	11480	20	16384	0	0
19060	892	96203	4	96207	193	16	1120	0	0	0	0	0	0	0	0	0	0	0	11480	20	16384	0	0
19060	893	96202	2	96204	196	15	1117	0	0	0	0	0	0	0	0	0	0	0	11480	23	12288	0	0
19060	894	96204	2	96206	194	16	1116	0	0	0	0	0	0	0	0	0	0	0	11480	20	16384	0	0
19060	895	96204	2	96206	198	12	1117	0	0	0	0	0	0	0	0	0	0	0	11480	20	12288	0	0
19060	896	96203	6	96209	192	19	1117	0	0	0	0	0	0	0	0	0	0	0	11480	23	16384	0	0
19060	897	96203	5	96208	196	13	1115	0	0	0	0	0	0	0	0	0	0	0	11480	20	32768	0	0
19060	898	96202	2	96204	196	15	1117	0	0	0	0	0	0	0	0	0	0	0	11480	20	12288	0	0
19060	899	96201	4	96205	192	19	1115	0	0	0	0	0	0	0	0	0	0	0	11480	23	16384	0	0
19060	900	96203	2	96205	194	17	1120	0	0	0	0	0	0	0	0	0	0	0	11480	20	16384	0	0
19060	901	96206	0	96206	196	14	1120	0	0	0	0	0	0	0	0	0	0	0	11480	20	16384	0	0
19060	902	96201	2	96203	192	20	1117	0	0	0	0	0	0	0	0	0	0	0	11480	23	12288	0	0
19060	903	96200	1	96201	196	14	1117	0	0	0	0	0	0	0	0	0	0	0	11480	20	16384	0	0
19060	904	96201	2	96203	192	19	1116	0	0	0	0	0	0	0	0	0	0	0	11480	20	16384	0	0
19060	905	96205	2	96207	190	18	1117	0	0	0	0	0	0	0	0	0	0	0	11480	23	16384	0	0
19060	906	96202	3	96205	196	13	1114	0	0	0	0	0	0	0	0	0	0	0	11480	20	16384	0	0
19060	907	96202	2	96204	192	19	1116	0	0	0	0	0	0	0	0	0	0	0	11480	20	16384	0	0
19060	908	96205	1	96206	190	19	1114	0	0	0	0	0	0	0	0	0	0	0	11480	23	16384	0	0
19060	909	96203	1	96204	194	14	1121	0	0	0	0	0	0	0	0	0	0	0	11480	20	12288	0	0
19060	910	96204	2	96206	194	20	1120	0	0	0	0	0	0	0	0	0	0	0	11480	20	16384	0	0
19060	911	96201	4	96205	192	19	1117	0	0	0	0	0	0	0	0	0	0	0	11480	23	16384	0	0
19060	912	96202	4	96206	190	20	1116	0	0	0	0	0	0	0	0	0	0	0	11480	20	16384	0	0
19060	913	96203	3	96206	190	19	1116	0	0	0	0	0	0	0	0	0	0	0	11480	20	16384	0	0
19060	914	96200	5	96205	195	15	1117	0	0	0	0	0	0	0	0	0	0	0	11480	23	16384	0	0
19060	915	96198	3	96201	191	21	1115	0	0	0	0	0	0	0	0	0	0	0	11480	20	16384	0	0
19060	916	96204	4	96208	198	12	1117	0	0	0	0	0	0	0	0	0	0	0	11480	20	32768	0	0
19060	917	96202	3	96205	196	13	1114	0	0	0	0	0	0	0	0	0	0	0	11480	23	16384	0	0
19060	918	96202	4	96206	188	21	1121	0	0	0	0	0	0	0	0	0	0	0	11480	20	16384	0	0
19060	919	96203	2	96205	194	16	1120	0	0	0	0	0	0	0	0	0	0	0	11480	20	16384	0	0
19060	920	96200	2	96202	192	18	1117	0	0	0	0	0	0	0	0	0	0	0	11480	20	12288	0	0
19060	921	96201	5	96206	192	18	1117	0	0	0	0	0	0	0	0	0	0	0	11480	23	53248	7	0
19060	922	96207	2	96209	196	12	1116	0	0	0	0	0	0	0	0	0	0	0	11480	20	16384	0	0
19060	923	96201	2	96203	196	13	1116	0	0	0	0	0	0	0	0	0	0	0	11480	20	16384	0	0
19060	924	96204	2	96206	192	20	1114	0	0	0	0	0	0	0	0	0	0	0	11480	23	16384	0	0
19060	925	96205	2	96207	191	19	1116	0	0	0	0	0	0	0	0	0	0	0	11480	20	16384	0	0
19060	926	96197	7	96204	192	20	1115	0	0	0	0	0	0	0	0	0	0	0	11480	20	16384	0	0
19060	927	96204	3	96207	192	18	1121	0	0	0	0	0	0	0	0	0	0	0	11480	23	16384	0	0
19060	928	96200	6	96206	194	14	1120	0	0	0	0	0	0	0	0	0	0	0	11480	20	16384	0	0
19060	929	96201	2	96203	192	17	1116	0	0	0	0	0	0	0	0	0	0	0	11480	20	16384	0	0
19060	930	96205	0	96205	192	21	1117	0	0	0	0	0	0	0	0	0	0	0	11480	23	16384	0	0
19060	931	96203	2	96205	194	15	1116	0	0	0	0	0	0	0	0	0	0	0	11480	20	12288	0	0
19060	932	96199	5	96204	196	14	1116	0	0	0	0	0	0	0	0	0	0	0	11480	20	16384	0	0
19060	933	96201	4	96205	197	16	1116	0	0	0	0	0	0	0	0	0	0	0	11480	23	12288	0	0
19060	934	96203	2	96205	193	17	1117	0	0	0	0	0	0	0	0	0	0	0	11480	20	12288	0	0
19060	935	96201	2	96203	197	14	1115	0	0	0	0	0	0	0	0	0	0	0	11480	20	12288	0	0
19060	936	96201	3	96204	197	14	1120	0	0	0	0	0	0	0	0	0	0	0	11480	23	16384	0	0
19060	937	96205	1	96206	194	15	1118	0	0	0	0	0	0	0	0	0	0	0	11480	20	16384	0	0
19060	938	96196	3	96199	194	18	1116	0	0	0	0	0	0	0	0	0	0	0	11480	20	16384	0	0
19060	939	96205	2	96207	194	16	1116	0	0	0	0	0	0	0	0	0	0	0	11480	23	16384	0	0
19060	940	96203	3	96206	192	18	1117	0	0	0	0	0	0	0	0	0	0	0	11480	20	36864	0	0
19060	941	96205	1	96206	188	20	1117	0	0	0	0	0	0	0	0	0	0	0	11480	20	16384	0	0
19060	942	96208	1	96209	192	16	1114	0	0	0	0	0	0	0	0	0	0	0	11480	23	16384	0	0
19060	943	96203	1	96204	200	13	1117	0	0	0	0	0	0	0	0	0	0	0	11480	20	12288	0	0
19060	944	96203	2	96205	190	20	1115	0	0	0	0	0	0	0	0	0	0	0	11480	20	12288	0	0
19060	945	96202	3	96205	198	12	1121	0	0	0	0	0	0	0	0	0	0	0	11480	23	16384	0	0
19060	946	96203	2	96205	190	19	1120	0	0	0	0	0	0	0	0	0	0	0	11480	20	16384	0	0
19060	947	96201	2	96203	194	17	1116	0	0	0	0	0	0	0	0	0	0	0	11480	20	16384	0	0
19060	948	96195	5	96200	194	16	1116	0	0	0	0	0	0	0	0	0	0	0	11480	23	16384	0	0
19060	949	96205	1	96206	194	16	1116	0	0	0	0	0	0	0	0	0	0	0	11480	20	16384	0	0
19060	950	96201	5	96206	192	18	1117	0	0	0	0	0	0	0	0	0	0	0	11480	20	16384	0	0
19060	951	96205	0	96205	190	19	1117	0	0	0	0	0	0	0	0	0	0	0	11480	20	16384	0	0
19060	952	96201	2	96203	194	15	1116	0	0	0	0	0	0	0	0	0	0	0	11480	23	16384	0	0
19060	953	96203	1	96204	192	19	1114	0	0	0	0	0	0	0	0	0	0	0	11480	20	12288	0	0
19060	954	96206	1	96207	194	18	1121	0	0	0	0	0	0	0	0	0	0	0	11480	20	16384	0	0
19060	955	96205	1	96206	199	13	1120	0	0	0	0	0	0	0	0	0	0	0	11480	23	16384	0	0
19060	956	96202	3	96205	190	23	1117	0	0	0	0	0	0	0	0	0	0	0	11480	20	16384	0	0
19060	957	96197	6	96203	190	20	1117	0	0	0	0	0	0	0	0	0	0	0	11480	20	16384	0	0
19060	958	96201	2	96203	193	17	1117	0	0	0	0	0	0	0	0	0	0	0	11480	23	53248	7	0
19060	959	96204	1	96205	196	14	1116	0	0	0	0	0	0	0	0	0	0	0	11480	20	16384	0	0
19060	960	96202	2	96204	198	15	1116	0	0	0	0	0	0	0	0	0	0	0	11480	20	12288	0	0
19060	961	96199	4	96203	192	18	1116	0	0	0	0	0	0	0	0	0	0	0	11480	23	16384	0	0
19060	962	96204	4	96208	192	17	1114	0	0	0	0	0	0	0	0	0	0	0	11480	20	16384	0	0
19060	963	96203	3	96206	194	15	1120	0	0	0	0	0	0	0	0	0	0	0	11480	20	16384	0	0
19060	964	96201	3	96204	196	16	1120	0	0	0	0	0	0	0	0	0	0	0	11480	23	16384	0	0
19060	965	96204	4	96208	190	20	1116	0	0	0	0	0	0	0	0	0	0	0	11480	20	12288	0	0
19060	966	96205	2	96207	194	16	1118	0	0	0	0	0	0	0	0	0	0	0	11480	20	16384	0	0
19060	967	96203	1	96204	194	16	1117	0	0	0	0	0	0	0	0	0	0	0	11480	23	16384	0	0
19060	968	96201	1	96202	194	17	1116	0	0	0	0	0	0	0	0	0	0	0	11480	20	12288	0	0
19060	969	96205	2	96207	194	16	1114	0	0	0	0	0	0	0	0	0	0	0	11480	20	16384	0	0
19060	970	96201	3	96204	194	18	1116	0	0	0	0	0	0	0	0	0	0	0	11480	23	16384	0	0
19060	971	96201	4	96205	194	15	1115	0	0	0	0	0	0	0	0	0	0	0	11480	20	16384	0	0
19060	972	96200	4	96204	188	21	1121	0	0	0	0	0	0	0	0	0	0	0	11480	20	16384	0	0
19060	973	96201	5	96206	192	15	1120	0	0	0	0	0	0	0	0	0	0	0	11480	23	16384	0	0
19060	974	96202	3	96205	192	20	1116	0	0	0	0	0	0	0	0	0	0	0	11480	20	16384	0	0
19060	975	96204	1	96205	191	19	1117	0	0	0	0	0	0	0	0	0	0	0	11480	20	16384	0	0
19060	976	96201	3	96204	196	13	1116	0	0	0	0	0	0	0	0	0	0	0	11480	23	16384	0	0
19060	977	96202	4	96206	194	15	1116	0	0	0	0	0	0	0	0	0	0	0	11480	20	16384	0	0
19060	978	96206	0	96206	194	18	1115	0	0	0	0	0	0	0	0	0	0	0	11480	20	16384	0	0
19060	979	96202	3	96205	194	15	1117	0	0	0	0	0	0	0	0	0	0	0	11480	20	16384	0	0
19060	980	96204	2	96206	197	13	1114	0	0	0	0	0	0	0	0	0	0	0	11480	23	12288	0	0
19060	981	96202	3	96205	196	16	1121	0	0	0	0	0	0	0	0	0	0	0	11480	20	12288	0	0
19060	982	96201	2	96203	196	15	1120	0	0	0	0	0	0	0	0	0	0	0	11480	20	16384	0	0
19060	983	96203	3	96206	190	22	1117	0	0	0	0	0	0	0	0	0	0	0	11480	23	16384	0	0
19060	984	96204	1	96205	194	18	1116	0	0	0	0	0	0	0	0	0	0	0	11480	20	16384	0	0
19060	985	96204	1	96205	194	16	1117	0	0	0	0	0	0	0	0	0	0	0	11480	20	16384	0	0
19060	986	96204	1	96205	192	18	1117	0	0	0	0	0	0	0	0	0	0	0	11480	23	12288	0	0
19060	987	96201	3	96204	194	15	1115	0	0	0	0	0	0	0	0	0	0	0	11480	20	16384	0	0
19060	988	96204	2	96206	194	16	1116	0	0	0	0	0	0	0	0	0	0	0	11480	20	12288	0	0
19060	989	96206	1	96207	196	15	1115	0	0	0	0	0	0	0	0	0	0	0	11480	23	16384	0	0
19060	990	96201	3	96204	192	16	1120	0	0	0	0	0	0	0	0	0	0	0	11480	20	16384	0	0
19060	991	96199	5	96204	194	16	1121	0	0	0	0	0	0	0	0	0	0	0	11480	20	16384	0	0
19060	992	96201	2	96203	194	20	1116	0	0	0	0	0	0	0	0	0	0	0	11480	23	16384	0	0
19060	993	96200	4	96204	186	22	1117	0	0	0	0	0	0	0	0	0	0	0	11480	20	16384	0	0
19060	994	96206	0	96206	194	17	1117	0	0	0	0	0	0	0	0	0	0	0	11480	20	12288	0	0
19060	995	96201	9	96210	192	20	1118	0	0	0	0	0	0	0	0	0	0	0	11480	23	53248	7	0
19060	996	96201	1	96202	194	17	1115	0	0	0	0	0	0	0	0	0	0	0	11480	20	12288	0	0
19060	997	96205	1	96206	194	16	1117	0	0	0	0	0	0	0	0	0	0	0	11480	20	16384	0	0
19060	998	96204	3	96207	194	16	1114	0	0	0	0	0	0	0	0	0	0	0	11480	23	16384	0	0
19060	999	96200	4	96204	190	20	1121	0	0	0	0	0	0	0	0	0	0	0	11480	20	12288	0	0
19060	1000	96201	4	96205	196	16	1120	0	0	0	0	0	0	0	0	0	0	0	11480	20	12288	0	0
