RUNID	INC_NUM	ITERNUM	METIME	PRTIME
25461	1	1	1002	16418018.997
25461	1	2	1003	16418002.997
25461	1	3	1003	16417946.997
25461	1	4	1004	16418013.997
25461	1	5	1003	16417956.997
25461	1	6	999	16418019.997
25461	1	7	1002	16417962.997
25461	1	8	1003	16417942.997
25461	1	9	1002	16417947.997
25461	1	10	1003	16417947.997
25461	1	11	1003	16418013.997
25461	1	12	1003	16417978.997
25461	1	13	1003	16417948.997
25461	1	14	1003	16417953.997
25461	1	15	1003	16417919.997
25461	1	16	1003	16417942.997
25461	1	17	1003	16417968.997
25461	1	18	1005	16418005.997
25461	1	19	1003	16417929.997
25461	1	20	1002	16418001.997
25461	1	21	1001	16417993.997
25461	1	22	1002	16417920.997
25461	1	23	1003	16417936.997
25461	1	24	1003	16417947.997
25461	1	25	1003	16418007.997
25461	1	26	1003	16417978.997
25461	1	27	1003	16417960.997
25461	1	28	1003	16418004.997
25461	1	29	1003	16417922.997
25461	1	30	1003	16417966.997
25461	2	1	1999	16418018.997
25461	2	2	2005	16418002.997
25461	2	3	2005	16417946.997
25461	2	4	2004	16418013.997
25461	2	5	2002	16417956.997
25461	2	6	2005	16418019.997
25461	2	7	2005	16417962.997
25461	2	8	2004	16417942.997
25461	2	9	2005	16417947.997
25461	2	10	2005	16417947.997
25461	2	11	2005	16418013.997
25461	2	12	2005	16417978.997
25461	2	13	2005	16417948.997
25461	2	14	2007	16417953.997
25461	2	15	2007	16417919.997
25461	2	16	2005	16417942.997
25461	2	17	2000	16417968.997
25461	2	18	2005	16418005.997
25461	2	19	2007	16417929.997
25461	2	20	2007	16418001.997
25461	2	21	2005	16417993.997
25461	2	22	2004	16417920.997
25461	2	23	2004	16417936.997
25461	2	24	2005	16417947.997
25461	2	25	2007	16418007.997
25461	2	26	2005	16417978.997
25461	2	27	2001	16417960.997
25461	2	28	2005	16418004.997
25461	2	29	2005	16417922.997
25461	2	30	2007	16417966.997
25461	4	1	4010	16418018.997
25461	4	2	4012	16418002.997
25461	4	3	4012	16417946.997
25461	4	4	4003	16418013.997
25461	4	5	4009	16417956.997
25461	4	6	4009	16418019.997
25461	4	7	4004	16417962.997
25461	4	8	4012	16417942.997
25461	4	9	4009	16417947.997
25461	4	10	4010	16417947.997
25461	4	11	4006	16418013.997
25461	4	12	4011	16417978.997
25461	4	13	4009	16417948.997
25461	4	14	4010	16417953.997
25461	4	15	4010	16417919.997
25461	4	16	4010	16417942.997
25461	4	17	4012	16417968.997
25461	4	18	4009	16418005.997
25461	4	19	4010	16417929.997
25461	4	20	4010	16418001.997
25461	4	21	4009	16417993.997
25461	4	22	4011	16417920.997
25461	4	23	4011	16417936.997
25461	4	24	4008	16417947.997
25461	4	25	4009	16418007.997
25461	4	26	4008	16417978.997
25461	4	27	4012	16417960.997
25461	4	28	4006	16418004.997
25461	4	29	4003	16417922.997
25461	4	30	4009	16417966.997
25461	8	1	8022	16418018.997
25461	8	2	8016	16418002.997
25461	8	3	8015	16417946.997
25461	8	4	8020	16418013.997
25461	8	5	8022	16417956.997
25461	8	6	8022	16418019.997
25461	8	7	8022	16417962.997
25461	8	8	8020	16417942.997
25461	8	9	8020	16417947.997
25461	8	10	8016	16417947.997
25461	8	11	8022	16418013.997
25461	8	12	8021	16417978.997
25461	8	13	8016	16417948.997
25461	8	14	8016	16417953.997
25461	8	15	8016	16417919.997
25461	8	16	8021	16417942.997
25461	8	17	8021	16417968.997
25461	8	18	8013	16418005.997
25461	8	19	8020	16417929.997
25461	8	20	8016	16418001.997
25461	8	21	8022	16417993.997
25461	8	22	8021	16417920.997
25461	8	23	8014	16417936.997
25461	8	24	8022	16417947.997
25461	8	25	8020	16418007.997
25461	8	26	8022	16417978.997
25461	8	27	8022	16417960.997
25461	8	28	8020	16418004.997
25461	8	29	8020	16417922.997
25461	8	30	8015	16417966.997
25461	16	1	16035	16418018.997
25461	16	2	16036	16418002.997
25461	16	3	16033	16417946.997
25461	16	4	16034	16418013.997
25461	16	5	16035	16417956.997
25461	16	6	16039	16418019.997
25461	16	7	16034	16417962.997
25461	16	8	16034	16417942.997
25461	16	9	16035	16417947.997
25461	16	10	16036	16417947.997
25461	16	11	16036	16418013.997
25461	16	12	16033	16417978.997
25461	16	13	16033	16417948.997
25461	16	14	16040	16417953.997
25461	16	15	16040	16417919.997
25461	16	16	16036	16417942.997
25461	16	17	16033	16417968.997
25461	16	18	16034	16418005.997
25461	16	19	16036	16417929.997
25461	16	20	16042	16418001.997
25461	16	21	16038	16417993.997
25461	16	22	16033	16417920.997
25461	16	23	16034	16417936.997
25461	16	24	16035	16417947.997
25461	16	25	16035	16418007.997
25461	16	26	16035	16417978.997
25461	16	27	16034	16417960.997
25461	16	28	16034	16418004.997
25461	16	29	16035	16417922.997
25461	16	30	16036	16417966.997
25461	32	1	32068	16418018.997
25461	32	2	32074	16418002.997
25461	32	3	32076	16417946.997
25461	32	4	32070	16418013.997
25461	32	5	32069	16417956.997
25461	32	6	32068	16418019.997
25461	32	7	32067	16417962.997
25461	32	8	32070	16417942.997
25461	32	9	32069	16417947.997
25461	32	10	32074	16417947.997
25461	32	11	32071	16418013.997
25461	32	12	32076	16417978.997
25461	32	13	32074	16417948.997
25461	32	14	32074	16417953.997
25461	32	15	32074	16417919.997
25461	32	16	32069	16417942.997
25461	32	17	32070	16417968.997
25461	32	18	32074	16418005.997
25461	32	19	32069	16417929.997
25461	32	20	32074	16418001.997
25461	32	21	32069	16417993.997
25461	32	22	32072	16417920.997
25461	32	23	32076	16417936.997
25461	32	24	32074	16417947.997
25461	32	25	32074	16418007.997
25461	32	26	32068	16417978.997
25461	32	27	32068	16417960.997
25461	32	28	32070	16418004.997
25461	32	29	32067	16417922.997
25461	32	30	32074	16417966.997
25461	64	1	64143	16418018.997
25461	64	2	64142	16418002.997
25461	64	3	64134	16417946.997
25461	64	4	64142	16418013.997
25461	64	5	64143	16417956.997
25461	64	6	64144	16418019.997
25461	64	7	64141	16417962.997
25461	64	8	64140	16417942.997
25461	64	9	64143	16417947.997
25461	64	10	64144	16417947.997
25461	64	11	64141	16418013.997
25461	64	12	64134	16417978.997
25461	64	13	64138	16417948.997
25461	64	14	64139	16417953.997
25461	64	15	64138	16417919.997
25461	64	16	64140	16417942.997
25461	64	17	64144	16417968.997
25461	64	18	64139	16418005.997
25461	64	19	64143	16417929.997
25461	64	20	64140	16418001.997
25461	64	21	64143	16417993.997
25461	64	22	64140	16417920.997
25461	64	23	64136	16417936.997
25461	64	24	64137	16417947.997
25461	64	25	64146	16418007.997
25461	64	26	64141	16417978.997
25461	64	27	64144	16417960.997
25461	64	28	64141	16418004.997
25461	64	29	64140	16417922.997
25461	64	30	64137	16417966.997
25461	128	1	128282	16418018.997
25461	128	2	128277	16418002.997
25461	128	3	128403	16417946.997
25461	128	4	128279	16418013.997
25461	128	5	128279	16417956.997
25461	128	6	128277	16418019.997
25461	128	7	128281	16417962.997
25461	128	8	128278	16417942.997
25461	128	9	128284	16417947.997
25461	128	10	128285	16417947.997
25461	128	11	128283	16418013.997
25461	128	12	128285	16417978.997
25461	128	13	128285	16417948.997
25461	128	14	128285	16417953.997
25461	128	15	128286	16417919.997
25461	128	16	128278	16417942.997
25461	128	17	128279	16417968.997
25461	128	18	128283	16418005.997
25461	128	19	128290	16417929.997
25461	128	20	128285	16418001.997
25461	128	21	128280	16417993.997
25461	128	22	128285	16417920.997
25461	128	23	128283	16417936.997
25461	128	24	128282	16417947.997
25461	128	25	128283	16418007.997
25461	128	26	128282	16417978.997
25461	128	27	128278	16417960.997
25461	128	28	128278	16418004.997
25461	128	29	128283	16417922.997
25461	128	30	128285	16417966.997
25461	256	1	256562	16418018.997
25461	256	2	256562	16418002.997
25461	256	3	256560	16417946.997
25461	256	4	256563	16418013.997
25461	256	5	256563	16417956.997
25461	256	6	256559	16418019.997
25461	256	7	256566	16417962.997
25461	256	8	256562	16417942.997
25461	256	9	256564	16417947.997
25461	256	10	256559	16417947.997
25461	256	11	256556	16418013.997
25461	256	12	256568	16417978.997
25461	256	13	256563	16417948.997
25461	256	14	256562	16417953.997
25461	256	15	256558	16417919.997
25461	256	16	256561	16417942.997
25461	256	17	256565	16417968.997
25461	256	18	256680	16418005.997
25461	256	19	256563	16417929.997
25461	256	20	256559	16418001.997
25461	256	21	256562	16417993.997
25461	256	22	256568	16417920.997
25461	256	23	256560	16417936.997
25461	256	24	256569	16417947.997
25461	256	25	256564	16418007.997
25461	256	26	256560	16417978.997
25461	256	27	256561	16417960.997
25461	256	28	256560	16418004.997
25461	256	29	256567	16417922.997
25461	256	30	256560	16417966.997
25461	512	1	513130	16418018.997
25461	512	2	513125	16418002.997
25461	512	3	513119	16417946.997
25461	512	4	513131	16418013.997
25461	512	5	513123	16417956.997
25461	512	6	513127	16418019.997
25461	512	7	513116	16417962.997
25461	512	8	513127	16417942.997
25461	512	9	513114	16417947.997
25461	512	10	513119	16417947.997
25461	512	11	513122	16418013.997
25461	512	12	513125	16417978.997
25461	512	13	513129	16417948.997
25461	512	14	513115	16417953.997
25461	512	15	513115	16417919.997
25461	512	16	513125	16417942.997
25461	512	17	513115	16417968.997
25461	512	18	513123	16418005.997
25461	512	19	513123	16417929.997
25461	512	20	513128	16418001.997
25461	512	21	513120	16417993.997
25461	512	22	513127	16417920.997
25461	512	23	513121	16417936.997
25461	512	24	513117	16417947.997
25461	512	25	513118	16418007.997
25461	512	26	513121	16417978.997
25461	512	27	513131	16417960.997
25461	512	28	513129	16418004.997
25461	512	29	513122	16417922.997
25461	512	30	513123	16417966.997
25461	1024	1	1026366	16418018.997
25461	1024	2	1026251	16418002.997
25461	1024	3	1026251	16417946.997
25461	1024	4	1026245	16418013.997
25461	1024	5	1026242	16417956.997
25461	1024	6	1026242	16418019.997
25461	1024	7	1026235	16417962.997
25461	1024	8	1026236	16417942.997
25461	1024	9	1026231	16417947.997
25461	1024	10	1026246	16417947.997
25461	1024	11	1026242	16418013.997
25461	1024	12	1026242	16417978.997
25461	1024	13	1026250	16417948.997
25461	1024	14	1026246	16417953.997
25461	1024	15	1026236	16417919.997
25461	1024	16	1026391	16417942.997
25461	1024	17	1026233	16417968.997
25461	1024	18	1026244	16418005.997
25461	1024	19	1026246	16417929.997
25461	1024	20	1026244	16418001.997
25461	1024	21	1026242	16417993.997
25461	1024	22	1026251	16417920.997
25461	1024	23	1026241	16417936.997
25461	1024	24	1026241	16417947.997
25461	1024	25	1026233	16418007.997
25461	1024	26	1026231	16417978.997
25461	1024	27	1026248	16417960.997
25461	1024	28	1026245	16418004.997
25461	1024	29	1026242	16417922.997
25461	1024	30	1026242	16417966.997
25461	2048	1	2052467	16418018.997
25461	2048	2	2052483	16418002.997
25461	2048	3	2052487	16417946.997
25461	2048	4	2052485	16418013.997
25461	2048	5	2052479	16417956.997
25461	2048	6	2052471	16418019.997
25461	2048	7	2052469	16417962.997
25461	2048	8	2052461	16417942.997
25461	2048	9	2052481	16417947.997
25461	2048	10	2052498	16417947.997
25461	2048	11	2052483	16418013.997
25461	2048	12	2052612	16417978.997
25461	2048	13	2052468	16417948.997
25461	2048	14	2052713	16417953.997
25461	2048	15	2052464	16417919.997
25461	2048	16	2052475	16417942.997
25461	2048	17	2052482	16417968.997
25461	2048	18	2052496	16418005.997
25461	2048	19	2052489	16417929.997
25461	2048	20	2052474	16418001.997
25461	2048	21	2052544	16417993.997
25461	2048	22	2052483	16417920.997
25461	2048	23	2052477	16417936.997
25461	2048	24	2052474	16417947.997
25461	2048	25	2052481	16418007.997
25461	2048	26	2052494	16417978.997
25461	2048	27	2052603	16417960.997
25461	2048	28	2052468	16418004.997
25461	2048	29	2052594	16417922.997
25461	2048	30	2052467	16417966.997
25461	4096	1	4104972	16418018.997
25461	4096	2	4105274	16418002.997
25461	4096	3	4104942	16417946.997
25461	4096	4	4105098	16418013.997
25461	4096	5	4104957	16417956.997
25461	4096	6	4105089	16418019.997
25461	4096	7	4104972	16417962.997
25461	4096	8	4105092	16417942.997
25461	4096	9	4104953	16417947.997
25461	4096	10	4105065	16417947.997
25461	4096	11	4104945	16418013.997
25461	4096	12	4104943	16417978.997
25461	4096	13	4104954	16417948.997
25461	4096	14	4104953	16417953.997
25461	4096	15	4104960	16417919.997
25461	4096	16	4104959	16417942.997
25461	4096	17	4105081	16417968.997
25461	4096	18	4104944	16418005.997
25461	4096	19	4105070	16417929.997
25461	4096	20	4104946	16418001.997
25461	4096	21	4105205	16417993.997
25461	4096	22	4104953	16417920.997
25461	4096	23	4105122	16417936.997
25461	4096	24	4104959	16417947.997
25461	4096	25	4105071	16418007.997
25461	4096	26	4104950	16417978.997
25461	4096	27	4104939	16417960.997
25461	4096	28	4105004	16418004.997
25461	4096	29	4104960	16417922.997
25461	4096	30	4104963	16417966.997
25461	8192	1	8210034	16418018.997
25461	8192	2	8209918	16418002.997
25461	8192	3	8210026	16417946.997
25461	8192	4	8209905	16418013.997
25461	8192	5	8209983	16417956.997
25461	8192	6	8209881	16418019.997
25461	8192	7	8210030	16417962.997
25461	8192	8	8209908	16417942.997
25461	8192	9	8210215	16417947.997
25461	8192	10	8209896	16417947.997
25461	8192	11	8210068	16418013.997
25461	8192	12	8209896	16417978.997
25461	8192	13	8210023	16417948.997
25461	8192	14	8209889	16417953.997
25461	8192	15	8210037	16417919.997
25461	8192	16	8210213	16417942.997
25461	8192	17	8209911	16417968.997
25461	8192	18	8210089	16418005.997
25461	8192	19	8209882	16417929.997
25461	8192	20	8210027	16418001.997
25461	8192	21	8209932	16417993.997
25461	8192	22	8210040	16417920.997
25461	8192	23	8209971	16417936.997
25461	8192	24	8210010	16417947.997
25461	8192	25	8209901	16418007.997
25461	8192	26	8210032	16417978.997
25461	8192	27	8209895	16417960.997
25461	8192	28	8210170	16418004.997
25461	8192	29	8209892	16417922.997
25461	8192	30	8210065	16417966.997
25461	16384	1	16420000	16418018.997
25461	16384	2	16419963	16418002.997
25461	16384	3	16419903	16417946.997
25461	16384	4	16420140	16418013.997
25461	16384	5	16419915	16417956.997
25461	16384	6	16420040	16418019.997
25461	16384	7	16419913	16417962.997
25461	16384	8	16419898	16417942.997
25461	16384	9	16419915	16417947.997
25461	16384	10	16419897	16417947.997
25461	16384	11	16420127	16418013.997
25461	16384	12	16420062	16417978.997
25461	16384	13	16419950	16417948.997
25461	16384	14	16420036	16417953.997
25461	16384	15	16419890	16417919.997
25461	16384	16	16419904	16417942.997
25461	16384	17	16419924	16417968.997
25461	16384	18	16420107	16418005.997
25461	16384	19	16419901	16417929.997
25461	16384	20	16419977	16418001.997
25461	16384	21	16419948	16417993.997
25461	16384	22	16419885	16417920.997
25461	16384	23	16420028	16417936.997
25461	16384	24	16419913	16417947.997
25461	16384	25	16420044	16418007.997
25461	16384	26	16419943	16417978.997
25461	16384	27	16420074	16417960.997
25461	16384	28	16419946	16418004.997
25461	16384	29	16419993	16417922.997
25461	16384	30	16420100	16417966.997
