RUNID	ITERNUM	METIME	PRTIME	TPRTIME	DIFF	TDIFF	NRPROCS	NPROCS
19300	1	80180	80170	80383	10	213	7	94
19300	2	80181	80173	80381	8	208	5	94
19300	3	80181	80172	80380	9	208	6	94
19300	4	80180	80172	80380	8	208	6	94
19300	5	80180	80171	80381	9	210	6	94
19300	6	80175	80164	80375	11	211	7	94
19300	7	80181	80170	80381	11	211	6	94
19300	8	80181	80173	80380	8	207	5	94
19300	9	80181	80171	80381	10	210	6	94
19300	10	80185	80177	80387	8	210	6	94
19300	11	80181	80171	80382	10	211	6	94
19300	12	80181	80172	80381	9	209	5	94
19300	13	80175	80167	80376	8	209	5	94
19300	14	80180	80172	80383	8	211	7	94
19300	15	80181	80171	80382	10	211	7	94
19300	16	80181	80172	80380	9	208	6	94
19300	17	80181	80172	80382	9	210	6	94
19300	18	80181	80171	80382	10	211	6	94
19300	19	80175	80164	80376	11	212	6	94
19300	20	80181	80173	80383	8	210	6	94
19300	21	80185	80175	80385	10	210	6	94
19300	22	80181	80173	80380	8	207	5	94
19300	23	80181	80172	80382	9	210	6	94
19300	24	80181	80173	80381	8	208	6	94
19300	25	80177	80166	80377	11	211	6	94
19300	26	80181	80171	80382	10	211	7	94
19300	27	80181	80171	80380	10	209	6	94
19300	28	80180	80173	80381	7	208	6	94
19300	29	80181	80173	80383	8	210	5	95
19300	30	80178	80168	80379	10	211	6	94
19300	31	80180	80171	80379	9	208	6	94
19300	32	80181	80171	80382	10	211	7	94
19300	33	80181	80172	80380	9	208	6	94
19300	34	80181	80171	80379	10	208	6	94
19300	35	80180	80170	80381	10	211	7	94
19300	36	80175	80164	80375	11	211	6	94
19300	37	80181	80172	80382	9	210	6	94
19300	38	80181	80173	80382	8	209	5	94
19300	39	80180	80173	80380	7	207	5	94
19300	40	80181	80173	80381	8	208	6	94
19300	41	80178	80170	80378	8	208	6	94
19300	42	80179	80170	80380	9	210	6	94
19300	43	80182	80172	80382	10	210	6	94
19300	44	80181	80172	80381	9	209	6	94
19300	45	80180	80171	80379	9	208	6	94
19300	46	80182	80171	80382	11	211	6	94
19300	47	80179	80171	80378	8	207	5	94
19300	48	80180	80172	80380	8	208	6	94
19300	49	80181	80171	80381	10	210	7	94
19300	50	80181	80174	80382	7	208	6	94
19300	51	80181	80171	80380	10	209	7	94
19300	52	80181	80172	80381	9	209	5	94
19300	53	80176	80165	80375	11	210	7	94
19300	54	80181	80170	80382	11	212	7	94
19300	55	80182	80174	80382	8	208	6	94
19300	56	80180	80171	80382	9	211	6	94
19300	57	80181	80171	80381	10	210	6	94
19300	58	80177	80167	80377	10	210	8	94
19300	59	80180	80171	80379	9	208	6	94
19300	60	80181	80172	80382	9	210	6	94
19300	61	80181	80171	80380	10	209	7	94
19300	62	80181	80171	80382	10	211	7	94
19300	63	80181	80172	80380	9	208	6	94
19300	64	80175	80165	80375	10	210	6	94
19300	65	80181	80173	80382	8	209	5	94
19300	66	80186	80175	80386	11	211	6	94
19300	67	80183	80173	80382	10	209	6	94
19300	68	80181	80171	80380	10	209	6	94
19300	69	80178	80168	80378	10	210	6	94
19300	70	80178	80171	80378	7	207	5	94
19300	71	80180	80172	80382	8	210	6	94
19300	72	80180	80172	80380	8	208	6	94
19300	73	80181	80172	80380	9	208	6	94
19300	74	80178	80170	80375	8	205	5	94
19300	75	80179	80168	80379	11	211	6	94
19300	76	80181	80170	80380	11	210	6	94
19300	77	80185	80176	80385	9	209	6	94
19300	78	80181	80171	80380	10	209	6	94
19300	79	80179	80171	80381	8	210	6	94
19300	80	80177	80169	80376	8	207	5	94
19300	81	80181	80172	80382	9	210	6	94
19300	82	80181	80173	80381	8	208	6	94
19300	83	80181	80172	80382	9	210	6	94
19300	84	80181	80171	80380	10	209	7	94
19300	85	80178	80166	80378	12	212	7	94
19300	86	80181	80171	80383	10	212	8	94
19300	87	80181	80172	80380	9	208	6	94
19300	88	80181	80172	80381	9	209	7	94
19300	89	80181	80171	80380	10	209	6	94
19300	90	80175	80166	80375	9	209	7	94
19300	91	80181	80173	80382	8	209	5	94
19300	92	80185	80174	80383	11	209	6	94
19300	93	80181	80170	80381	11	211	6	94
19300	94	80181	80173	80383	8	210	6	94
19300	95	80175	80165	80375	10	210	6	94
19300	96	80181	80171	80382	10	211	6	94
19300	97	80181	80172	80380	9	208	6	94
19300	98	80181	80172	80381	9	209	5	94
19300	99	80184	80174	80385	10	211	6	94
19300	100	80175	80167	80374	8	207	5	94
19300	101	80181	80172	80380	9	208	6	94
19300	102	80180	80172	80380	8	208	6	94
19300	103	80181	80172	80382	9	210	6	94
19300	104	80181	80172	80380	9	208	6	94
19300	105	80180	80171	80379	9	208	6	94
19300	106	80177	80170	80379	7	209	5	94
19300	107	80181	80172	80383	9	211	7	94
19300	108	80182	80173	80381	9	208	6	94
19300	109	80181	80172	80382	9	210	5	94
19300	110	80184	80173	80382	11	209	6	94
19300	111	80174	80165	80373	9	208	6	94
19300	112	80181	80171	80381	10	210	6	94
19300	113	80181	80171	80380	10	209	7	94
19300	114	80180	80172	80383	8	211	6	94
19300	115	80181	80171	80380	10	209	6	94
19300	116	80177	80170	80378	7	208	5	94
19300	117	80179	80171	80381	8	210	6	94
19300	118	80180	80172	80382	8	210	6	94
19300	119	80184	80174	80384	10	210	6	94
19300	120	80181	80170	80381	11	211	8	94
19300	121	80181	80170	80379	11	209	6	94
19300	122	80177	80166	80377	11	211	6	94
19300	123	80181	80172	80380	9	208	6	94
19300	124	80181	80173	80381	8	208	5	94
19300	125	80181	80170	80382	11	212	6	94
19300	126	80181	80172	80381	9	209	6	94
19300	127	80175	80167	80374	8	207	5	94
19300	128	80181	80172	80380	9	208	6	94
19300	129	80181	80171	80381	10	210	6	94
19300	130	80181	80171	80382	10	211	6	94
19300	131	80181	80172	80381	9	209	5	94
19300	132	80180	80171	80382	9	211	7	94
19300	133	80177	80167	80378	10	211	6	94
19300	134	80181	80171	80380	10	209	6	94
19300	135	80181	80171	80381	10	210	6	94
19300	136	80185	80174	80385	11	211	6	94
19300	137	80181	80171	80382	10	211	7	94
19300	138	80179	80169	80380	10	211	7	94
19300	139	80179	80170	80379	9	209	7	94
19300	140	80181	80172	80382	9	210	6	94
19300	141	80181	80172	80382	9	210	6	94
19300	142	80181	80170	80382	11	212	7	94
19300	143	80181	80171	80381	10	210	6	94
19300	144	80175	80167	80376	8	209	5	94
19300	145	80181	80171	80381	10	210	6	94
19300	146	80181	80171	80381	10	210	6	94
19300	147	80181	80171	80383	10	212	7	94
19300	148	80181	80172	80382	9	210	6	94
19300	149	80181	80173	80380	8	207	5	94
19300	150	80174	80165	80376	9	211	6	94
19300	151	80180	80172	80379	8	207	5	94
19300	152	80181	80173	80383	8	210	6	94
19300	153	80181	80173	80382	8	209	5	94
19300	154	80183	80173	80382	10	209	6	94
19300	155	80181	80173	80382	8	209	5	94
19300	156	80175	80167	80374	8	207	5	94
19300	157	80182	80174	80383	8	209	5	94
19300	158	80181	80171	80382	10	211	6	94
19300	159	80181	80171	80380	10	209	6	94
19300	160	80181	80171	80379	10	208	6	94
19300	161	80179	80170	80378	9	208	6	94
19300	162	80179	80169	80381	10	212	7	94
19300	163	80181	80170	80379	11	209	6	94
19300	164	80181	80172	80381	9	209	7	94
19300	165	80181	80171	80381	10	210	6	94
19300	166	80181	80172	80382	9	210	6	94
19300	167	80175	80165	80376	10	211	6	94
19300	168	80180	80171	80382	9	211	6	94
19300	169	80181	80171	80380	10	209	6	94
19300	170	80182	80172	80382	10	210	6	94
19300	171	80181	80171	80381	10	210	6	94
19300	172	80182	80172	80382	10	210	6	94
19300	173	80177	80169	80378	8	209	5	94
19300	174	80181	80173	80382	8	209	5	94
19300	175	80181	80169	80381	12	212	6	94
19300	176	80181	80171	80382	10	211	6	94
19300	177	80181	80172	80382	9	210	6	94
19300	178	80177	80168	80377	9	209	7	94
19300	179	80180	80170	80381	10	211	7	94
19300	180	80181	80171	80383	10	212	7	94
19300	181	80180	80172	80380	8	208	6	94
19300	182	80181	80173	80381	8	208	6	94
19300	183	80181	80171	80380	10	209	6	94
19300	184	80175	80166	80375	9	209	6	94
19300	185	80181	80171	80382	10	211	6	94
19300	186	80181	80172	80382	9	210	6	94
19300	187	80181	80172	80382	9	210	7	94
19300	188	80181	80172	80380	9	208	6	94
19300	189	80177	80166	80377	11	211	8	94
19300	190	80181	80172	80382	9	210	6	94
19300	191	80181	80173	80382	8	209	5	94
19300	192	80181	80173	80382	8	209	5	94
19300	193	80181	80169	80383	12	214	7	94
19300	194	80176	80167	80377	9	210	6	94
19300	195	80181	80169	80381	12	212	6	94
19300	196	80184	80173	80383	11	210	6	94
19300	197	80181	80171	80380	10	209	7	94
19300	198	80181	80171	80382	10	211	7	94
19300	199	80175	80165	80376	10	211	6	94
19300	200	80181	80170	80379	11	209	7	94
19300	201	80181	80173	80382	8	209	5	94
19300	202	80181	80170	80380	11	210	6	94
19300	203	80181	80172	80382	9	210	6	94
19300	204	80175	80166	80378	9	212	7	94
19300	205	80181	80172	80380	9	208	6	94
19300	206	80181	80173	80380	8	207	6	94
19300	207	80181	80172	80381	9	209	6	94
19300	208	80181	80170	80382	11	212	7	94
19300	209	80176	80168	80377	8	209	5	94
19300	210	80181	80171	80380	10	209	6	94
19300	211	80181	80173	80382	8	209	5	94
19300	212	80182	80171	80382	11	211	6	94
19300	213	80181	80171	80382	10	211	7	94
19300	214	80176	80168	80377	8	209	5	94
19300	215	80180	80171	80380	9	209	6	94
19300	216	80181	80173	80380	8	207	5	94
19300	217	80182	80170	80382	12	212	7	94
19300	218	80181	80173	80381	8	208	6	94
19300	219	80179	80170	80378	9	208	6	94
19300	220	80179	80170	80378	9	208	6	94
19300	221	80180	80173	80380	7	207	5	94
19300	222	80185	80175	80386	10	211	6	94
19300	223	80180	80173	80382	7	209	5	94
19300	224	80176	80166	80376	10	210	6	94
19300	225	80181	80172	80383	9	211	7	94
19300	226	80184	80176	80383	8	207	5	94
19300	227	80180	80172	80382	8	210	6	94
19300	228	80183	80172	80383	11	211	6	94
19300	229	80174	80164	80375	10	211	7	94
19300	230	80181	80172	80380	9	208	6	94
19300	231	80181	80170	80381	11	211	7	94
19300	232	80181	80170	80382	11	212	7	94
19300	233	80180	80170	80381	10	211	6	94
19300	234	80177	80168	80379	9	211	7	94
19300	235	80183	80174	80384	9	210	6	94
19300	236	80182	80173	80383	9	210	6	94
19300	237	80180	80171	80380	9	209	6	94
19300	238	80175	80167	80377	8	210	6	94
19300	239	80181	80173	80382	8	209	6	94
19300	240	80181	80173	80382	8	209	5	94
19300	241	80182	80171	80382	11	211	6	94
19300	242	80181	80172	80380	9	208	6	94
19300	243	80175	80167	80375	8	208	6	94
19300	244	80183	80173	80383	10	210	6	94
19300	245	80181	80173	80382	8	209	5	94
19300	246	80182	80173	80385	9	212	5	95
19300	247	80181	80171	80382	10	211	7	94
19300	248	80175	80165	80376	10	211	6	94
19300	249	80181	80170	80382	11	212	6	94
19300	250	80181	80172	80380	9	208	6	94
19300	251	80181	80172	80382	9	210	6	94
19300	252	80176	80167	80375	9	208	6	94
19300	253	80181	80173	80382	8	209	5	94
19300	254	80181	80172	80379	9	207	5	94
19300	255	80181	80172	80383	9	211	6	94
19300	256	80181	80173	80380	8	207	5	94
19300	257	80175	80165	80377	10	212	6	94
19300	258	80182	80174	80384	8	210	6	94
19300	259	80182	80172	80382	10	210	6	94
19300	260	80181	80174	80381	7	207	5	94
19300	261	80180	80173	80382	7	209	5	94
19300	262	80177	80169	80376	8	207	5	94
19300	263	80181	80173	80381	8	208	6	94
19300	264	80181	80172	80380	9	208	6	94
19300	265	80181	80172	80383	9	211	7	94
19300	266	80176	80166	80376	10	210	6	94
19300	267	80181	80174	80381	7	207	5	94
19300	268	80181	80172	80382	9	210	6	94
19300	269	80181	80170	80381	11	211	7	94
19300	270	80180	80170	80379	10	209	6	94
19300	271	80180	80170	80381	10	211	6	94
19300	272	80181	80171	80385	10	214	6	94
19300	273	80181	80170	80381	11	211	8	94
19300	274	80181	80171	80383	10	212	7	94
19300	275	80175	80166	80376	9	210	6	94
19300	276	80181	80172	80381	9	209	5	94
19300	277	80181	80172	80384	9	212	6	95
19300	278	80181	80173	80380	8	207	5	94
19300	279	80176	80165	80376	11	211	6	94
19300	280	80181	80172	80381	9	209	6	94
19300	281	80180	80171	80382	9	211	6	94
19300	282	80182	80170	80382	12	212	7	94
19300	283	80174	80166	80376	8	210	6	94
19300	284	80181	80171	80381	10	210	7	94
19300	285	80181	80171	80380	10	209	6	94
19300	286	80181	80172	80381	9	209	6	94
19300	287	80179	80168	80378	11	210	6	94
19300	288	80181	80172	80381	9	209	6	94
19300	289	80181	80172	80380	9	208	6	94
19300	290	80180	80172	80382	8	210	6	94
19300	291	80181	80173	80382	8	209	7	94
19300	292	80174	80165	80373	9	208	6	94
19300	293	80181	80171	80382	10	211	6	94
19300	294	80181	80170	80381	11	211	6	94
19300	295	80181	80173	80382	8	209	5	94
19300	296	80176	80166	80376	10	210	6	94
19300	297	80181	80172	80381	9	209	7	94
19300	298	80182	80172	80383	10	211	7	94
19300	299	80181	80172	80383	9	211	7	94
19300	300	80182	80174	80383	8	209	5	94
19300	301	80177	80166	80377	11	211	6	94
19300	302	80181	80173	80382	8	209	5	94
19300	303	80181	80172	80383	9	211	7	94
19300	304	80181	80173	80381	8	208	6	94
19300	305	80176	80165	80377	11	212	8	94
19300	306	80181	80172	80380	9	208	6	94
19300	307	80181	80173	80380	8	207	5	94
19300	308	80181	80172	80385	9	213	6	95
19300	309	80180	80170	80379	10	209	6	94
19300	310	80177	80166	80376	11	210	7	94
19300	311	80182	80172	80381	10	209	6	94
19300	312	80181	80172	80380	9	208	6	94
19300	313	80182	80173	80382	9	209	5	94
19300	314	80175	80165	80374	10	209	7	94
19300	315	80185	80177	80387	8	210	6	94
19300	316	80181	80173	80380	8	207	5	94
19300	317	80182	80172	80380	10	208	6	94
19300	318	80181	80172	80380	9	208	6	94
19300	319	80176	80167	80375	9	208	6	94
19300	320	80181	80172	80382	9	210	6	94
19300	321	80181	80171	80382	10	211	6	94
19300	322	80181	80171	80383	10	212	7	94
19300	323	80175	80165	80375	10	210	7	94
19300	324	80181	80172	80382	9	210	6	94
19300	325	80181	80173	80380	8	207	5	94
19300	326	80182	80172	80382	10	210	6	94
19300	327	80181	80173	80380	8	207	5	94
19300	328	80175	80167	80376	8	209	5	94
19300	329	80181	80171	80382	10	211	6	94
19300	330	80181	80170	80381	11	211	6	94
19300	331	80181	80173	80380	8	207	5	94
19300	332	80182	80172	80382	10	210	6	94
19300	333	80175	80167	80374	8	207	5	94
19300	334	80185	80174	80384	11	210	6	94
19300	335	80181	80173	80380	8	207	5	94
19300	336	80182	80175	80382	7	207	5	94
19300	337	80180	80171	80380	9	209	7	94
19300	338	80178	80170	80379	8	209	5	94
19300	339	80181	80170	80385	11	215	8	95
19300	340	80181	80171	80382	10	211	6	94
19300	341	80181	80173	80383	8	210	6	94
19300	342	80176	80167	80377	9	210	6	94
19300	343	80181	80173	80381	8	208	6	94
19300	344	80182	80172	80380	10	208	6	94
19300	345	80181	80171	80381	10	210	7	94
19300	346	80181	80174	80382	7	208	6	94
19300	347	80175	80164	80373	11	209	6	94
19300	348	80181	80172	80382	9	210	6	94
19300	349	80181	80171	80383	10	212	7	94
19300	350	80181	80170	80381	11	211	6	94
19300	351	80180	80171	80381	9	210	8	94
19300	352	80181	80172	80382	9	210	6	94
19300	353	80175	80167	80376	8	209	5	94
19300	354	80180	80171	80380	9	209	7	94
19300	355	80181	80170	80383	11	213	6	94
19300	356	80181	80172	80380	9	208	6	94
19300	357	80181	80171	80381	10	210	6	94
19300	358	80181	80172	80381	9	209	7	94
19300	359	80180	80170	80381	10	211	7	94
19300	360	80180	80171	80381	9	210	6	94
19300	361	80181	80174	80381	7	207	5	94
19300	362	80181	80172	80380	9	208	6	94
19300	363	80180	80172	80382	8	210	6	94
19300	364	80182	80174	80382	8	208	6	94
19300	365	80181	80171	80380	10	209	6	94
19300	366	80174	80166	80373	8	207	5	94
19300	367	80180	80171	80381	9	210	6	94
19300	368	80181	80171	80380	10	209	6	94
19300	369	80181	80173	80381	8	208	6	94
19300	370	80181	80171	80386	10	215	7	95
19300	371	80181	80172	80380	9	208	6	94
19300	372	80176	80165	80375	11	210	6	94
19300	373	80181	80171	80381	10	210	6	94
19300	374	80181	80170	80382	11	212	7	94
19300	375	80180	80171	80380	9	209	6	94
19300	376	80181	80170	80381	11	211	6	94
19300	377	80180	80171	80381	9	210	6	94
19300	378	80180	80172	80383	8	211	7	94
19300	379	80180	80171	80381	9	210	6	94
19300	380	80180	80172	80382	8	210	6	94
19300	381	80174	80165	80375	9	210	6	94
19300	382	80180	80171	80381	9	210	6	94
19300	383	80180	80171	80382	9	211	7	94
19300	384	80181	80172	80382	9	210	6	94
19300	385	80181	80170	80380	11	210	6	94
19300	386	80181	80170	80380	11	210	6	94
19300	387	80180	80171	80380	9	209	7	94
19300	388	80180	80172	80379	8	207	5	94
19300	389	80179	80172	80382	7	210	6	94
19300	390	80181	80172	80381	9	209	5	94
19300	391	80177	80170	80377	7	207	5	94
19300	392	80179	80168	80379	11	211	6	94
19300	393	80180	80172	80381	8	209	5	94
19300	394	80182	80172	80384	10	212	7	94
19300	395	80181	80171	80381	10	210	6	94
19300	396	80180	80172	80382	8	210	6	94
19300	397	80181	80171	80380	10	209	6	94
19300	398	80180	80170	80379	10	209	6	94
19300	399	80181	80171	80381	10	210	6	94
19300	400	80180	80171	80383	9	212	7	94
19300	401	80181	80171	80384	10	213	6	95
19300	402	80180	80171	80379	9	208	6	94
19300	403	80176	80166	80376	10	210	8	94
19300	404	80182	80172	80382	10	210	6	94
19300	405	80179	80171	80381	8	210	6	94
19300	406	80182	80171	80382	11	211	6	94
19300	407	80180	80172	80381	8	209	5	94
19300	408	80180	80171	80379	9	208	6	94
19300	409	80180	80171	80380	9	209	6	94
19300	410	80180	80173	80382	7	209	5	94
19300	411	80180	80170	80381	10	211	6	94
19300	412	80182	80170	80383	12	213	7	94
19300	413	80180	80171	80379	9	208	6	94
19300	414	80180	80171	80381	9	210	6	94
19300	415	80177	80168	80374	9	206	6	94
19300	416	80179	80171	80377	8	206	5	94
19300	417	80180	80171	80381	9	210	6	94
19300	418	80181	80173	80382	8	209	5	94
19300	419	80180	80173	80380	7	207	5	94
19300	420	80180	80171	80380	9	209	5	94
19300	421	80180	80171	80384	9	213	7	94
19300	422	80181	80168	80380	13	212	6	94
19300	423	80186	80174	80387	12	213	6	94
19300	424	80180	80170	80379	10	209	7	94
19300	425	80181	80170	80381	11	211	6	94
19300	426	80180	80172	80382	8	210	6	94
19300	427	80180	80170	80381	10	211	6	94
19300	428	80178	80168	80377	10	209	7	94
19300	429	80181	80172	80381	9	209	5	94
19300	430	80181	80173	80380	8	207	5	94
19300	431	80180	80171	80380	9	209	6	94
19300	432	80180	80170	80383	10	213	6	95
19300	433	80181	80171	80381	10	210	6	94
19300	434	80181	80172	80379	9	207	5	94
19300	435	80180	80172	80380	8	208	6	94
19300	436	80180	80172	80380	8	208	6	94
19300	437	80181	80171	80381	10	210	6	94
19300	438	80178	80168	80378	10	210	6	94
19300	439	80178	80169	80379	9	210	6	94
19300	440	80180	80170	80380	10	210	6	94
19300	441	80179	80170	80379	9	209	6	94
19300	442	80180	80173	80380	7	207	5	94
19300	443	80180	80170	80379	10	209	6	94
19300	444	80180	80170	80378	10	208	6	94
19300	445	80184	80172	80385	12	213	7	94
19300	446	80182	80173	80382	9	209	7	94
19300	447	80179	80171	80378	8	207	5	94
19300	448	80180	80170	80381	10	211	6	94
19300	449	80184	80174	80385	10	211	6	94
19300	450	80180	80171	80380	9	209	6	94
19300	451	80180	80171	80379	9	208	6	94
19300	452	80179	80170	80379	9	209	7	94
19300	453	80177	80165	80377	12	212	7	94
19300	454	80180	80170	80379	10	209	6	94
19300	455	80182	80172	80382	10	210	6	94
19300	456	80180	80171	80379	9	208	6	94
19300	457	80182	80173	80381	9	208	6	94
19300	458	80179	80171	80381	8	210	6	94
19300	459	80181	80172	80381	9	209	5	94
19300	460	80180	80172	80380	8	208	6	94
19300	461	80181	80170	80381	11	211	6	94
19300	462	80180	80170	80379	10	209	6	94
19300	463	80180	80171	80384	9	213	6	95
19300	464	80179	80171	80379	8	208	6	94
19300	465	80181	80169	80381	12	212	6	94
19300	466	80180	80171	80378	9	207	5	94
19300	467	80176	80166	80375	10	209	6	94
19300	468	80181	80171	80380	10	209	6	94
19300	469	80180	80172	80380	8	208	6	94
19300	470	80180	80170	80381	10	211	6	94
19300	471	80180	80171	80380	9	209	6	94
19300	472	80180	80171	80380	9	209	6	94
19300	473	80180	80172	80379	8	207	5	94
19300	474	80181	80171	80381	10	210	6	94
19300	475	80181	80171	80381	10	210	6	94
19300	476	80181	80172	80381	9	209	5	94
19300	477	80175	80164	80375	11	211	6	94
19300	478	80180	80171	80379	9	208	6	94
19300	479	80181	80171	80381	10	210	6	94
19300	480	80180	80171	80383	9	212	7	94
19300	481	80180	80172	80382	8	210	6	94
19300	482	80181	80170	80381	11	211	6	94
19300	483	80182	80171	80383	11	212	8	94
19300	484	80181	80170	80381	11	211	6	94
19300	485	80175	80165	80374	10	209	7	94
19300	486	80180	80171	80381	9	210	6	94
19300	487	80181	80172	80381	9	209	5	94
19300	488	80181	80172	80381	9	209	5	94
19300	489	80180	80173	80381	7	208	5	94
19300	490	80184	80175	80384	9	209	7	94
19300	491	80177	80166	80377	11	211	6	94
19300	492	80181	80172	80383	9	211	6	94
19300	493	80180	80173	80380	7	207	5	94
19300	494	80185	80174	80389	11	215	6	95
19300	495	80181	80172	80380	9	208	6	94
19300	496	80181	80172	80381	9	209	7	94
19300	497	80177	80166	80378	11	212	7	94
19300	498	80181	80171	80379	10	208	6	94
19300	499	80180	80170	80381	10	211	7	94
19300	500	80180	80173	80382	7	209	5	94
19300	501	80184	80173	80385	11	212	6	94
19300	502	80181	80171	80381	10	210	6	94
19300	503	80176	80166	80377	10	211	6	94
19300	504	80180	80172	80382	8	210	6	94
19300	505	80180	80172	80380	8	208	6	94
19300	506	80181	80173	80380	8	207	5	94
19300	507	80181	80172	80381	9	209	5	94
19300	508	80180	80169	80382	11	213	8	94
19300	509	80175	80166	80374	9	208	6	94
19300	510	80180	80172	80380	8	208	6	94
19300	511	80181	80171	80382	10	211	7	94
19300	512	80181	80171	80383	10	212	7	94
19300	513	80180	80172	80381	8	209	7	94
19300	514	80180	80170	80379	10	209	6	94
19300	515	80177	80168	80378	9	210	6	94
19300	516	80181	80171	80382	10	211	6	94
19300	517	80181	80171	80380	10	209	6	94
19300	518	80181	80171	80382	10	211	6	94
19300	519	80180	80171	80380	9	209	5	94
19300	520	80178	80168	80379	10	211	6	94
19300	521	80181	80171	80379	10	208	6	94
19300	522	80181	80174	80381	7	207	5	94
19300	523	80181	80172	80382	9	210	6	94
19300	524	80181	80174	80382	7	208	6	94
19300	525	80176	80168	80375	8	207	5	94
19300	526	80180	80173	80383	7	210	6	94
19300	527	80181	80172	80381	9	209	6	94
19300	528	80181	80173	80380	8	207	5	94
19300	529	80181	80171	80380	10	209	6	94
19300	530	80176	80167	80375	9	208	6	94
19300	531	80181	80173	80381	8	208	6	94
19300	532	80180	80172	80380	8	208	6	94
19300	533	80180	80170	80380	10	210	7	94
19300	534	80181	80172	80383	9	211	7	94
19300	535	80175	80166	80374	9	208	6	94
19300	536	80181	80172	80382	9	210	6	94
19300	537	80181	80170	80382	11	212	7	94
19300	538	80183	80172	80383	11	211	6	94
19300	539	80180	80173	80382	7	209	5	94
19300	540	80175	80166	80376	9	210	6	94
19300	541	80182	80171	80381	11	210	6	94
19300	542	80181	80171	80381	10	210	6	94
19300	543	80183	80172	80383	11	211	7	94
19300	544	80181	80172	80382	9	210	6	94
19300	545	80175	80166	80377	9	211	7	94
19300	546	80183	80172	80383	11	211	6	94
19300	547	80180	80171	80379	9	208	6	94
19300	548	80181	80171	80382	10	211	7	94
19300	549	80181	80173	80380	8	207	5	94
19300	550	80177	80168	80375	9	207	5	94
19300	551	80180	80171	80381	9	210	6	94
19300	552	80181	80173	80383	8	210	6	94
19300	553	80181	80171	80382	10	211	6	94
19300	554	80178	80167	80377	11	210	7	94
19300	555	80180	80170	80379	10	209	7	94
19300	556	80182	80173	80383	9	210	6	94
19300	557	80184	80175	80386	9	211	7	94
19300	558	80177	80169	80377	8	208	6	94
19300	559	80180	80171	80383	9	212	6	94
19300	560	80181	80172	80382	9	210	6	94
19300	561	80180	80171	80381	9	210	6	94
19300	562	80179	80170	80380	9	210	6	94
19300	563	80178	80169	80379	9	210	6	94
19300	564	80182	80171	80381	11	210	6	94
19300	565	80181	80172	80381	9	209	5	94
19300	566	80181	80171	80382	10	211	6	94
19300	567	80175	80165	80374	10	209	6	94
19300	568	80183	80171	80381	12	210	7	94
19300	569	80180	80172	80382	8	210	6	94
19300	570	80181	80172	80382	9	210	6	94
19300	571	80175	80165	80377	10	212	7	94
19300	572	80181	80172	80381	9	209	7	94
19300	573	80181	80173	80382	8	209	5	94
19300	574	80181	80171	80383	10	212	7	94
19300	575	80174	80165	80374	9	209	6	94
19300	576	80180	80173	80380	7	207	5	94
19300	577	80181	80172	80380	9	208	6	94
19300	578	80181	80172	80382	9	210	6	94
19300	579	80175	80163	80375	12	212	6	94
19300	580	80181	80170	80381	11	211	6	94
19300	581	80182	80171	80383	11	212	7	94
19300	582	80180	80172	80380	8	208	6	94
19300	583	80182	80172	80383	10	211	7	94
19300	584	80181	80174	80381	7	207	5	94
19300	585	80181	80173	80381	8	208	6	94
19300	586	80176	80165	80376	11	211	6	94
19300	587	80182	80171	80381	11	210	6	94
19300	588	80182	80170	80382	12	212	7	94
19300	589	80182	80171	80382	11	211	6	94
19300	590	80176	80167	80376	9	209	5	94
19300	591	80181	80170	80379	11	209	6	94
19300	592	80181	80173	80380	8	207	5	94
19300	593	80183	80173	80382	10	209	6	94
19300	594	80176	80166	80378	10	212	7	94
19300	595	80182	80170	80382	12	212	7	94
19300	596	80181	80173	80382	8	209	5	94
19300	597	80179	80170	80379	9	209	5	94
19300	598	80179	80171	80378	8	207	5	94
19300	599	80181	80172	80382	9	210	6	94
19300	600	80180	80172	80382	8	210	6	94
19300	601	80176	80168	80375	8	207	5	94
19300	602	80181	80174	80381	7	207	5	94
19300	603	80181	80171	80381	10	210	6	94
19300	604	80181	80172	80380	9	208	6	94
19300	605	80179	80170	80381	9	211	7	94
19300	606	80181	80172	80380	9	208	6	94
19300	607	80181	80171	80383	10	212	7	94
19300	608	80181	80172	80380	9	208	6	94
19300	609	80175	80165	80374	10	209	6	94
19300	610	80180	80172	80383	8	211	7	94
19300	611	80181	80173	80382	8	209	6	94
19300	612	80177	80169	80376	8	207	5	94
19300	613	80185	80174	80385	11	211	6	94
19300	614	80181	80172	80380	9	208	6	94
19300	615	80181	80171	80382	10	211	6	94
19300	616	80174	80166	80376	8	210	6	94
19300	617	80181	80172	80380	9	208	6	94
19300	618	80181	80172	80381	9	209	7	94
19300	619	80180	80171	80381	9	210	6	94
19300	620	80177	80168	80378	9	210	6	94
19300	621	80183	80174	80384	9	210	5	94
19300	622	80182	80173	80385	9	212	7	94
19300	623	80181	80173	80380	8	207	5	94
19300	624	80181	80172	80382	9	210	6	94
19300	625	80215	80182	80416	33	234	10	105
19300	626	80182	80172	80382	10	210	6	94
19300	627	80177	80165	80377	12	212	6	94
19300	628	80185	80176	80384	9	208	6	94
19300	629	80183	80172	80383	11	211	6	94
19300	630	80181	80173	80380	8	207	5	94
19300	631	80175	80166	80374	9	208	6	94
19300	632	80182	80172	80384	10	212	7	94
19300	633	80180	80171	80382	9	211	6	94
19300	634	80182	80172	80383	10	211	7	94
19300	635	80179	80169	80380	10	211	7	94
19300	636	80182	80173	80383	9	210	6	94
19300	637	80181	80171	80381	10	210	7	94
19300	638	80181	80171	80383	10	212	7	94
19300	639	80175	80166	80374	9	208	6	94
19300	640	80182	80171	80383	11	212	7	94
19300	641	80181	80172	80381	9	209	5	94
19300	642	80180	80172	80382	8	210	6	94
19300	643	80178	80169	80379	9	210	6	94
19300	644	80181	80173	80380	8	207	5	94
19300	645	80180	80172	80381	8	209	7	94
19300	646	80175	80166	80374	9	208	6	94
19300	647	80181	80173	80381	8	208	6	94
19300	648	80181	80171	80380	10	209	7	94
19300	649	80181	80172	80380	9	208	6	94
19300	650	80175	80167	80375	8	208	5	94
19300	651	80181	80171	80381	10	210	6	94
19300	652	80182	80171	80382	11	211	6	94
19300	653	80180	80173	80380	7	207	5	94
19300	654	80175	80166	80375	9	209	6	94
19300	655	80181	80172	80380	9	208	6	94
19300	656	80180	80172	80382	8	210	6	94
19300	657	80181	80171	80384	10	213	7	94
19300	658	80177	80169	80377	8	208	6	94
19300	659	80182	80173	80381	9	208	6	94
19300	660	80180	80170	80381	10	211	7	94
19300	661	80181	80171	80381	10	210	6	94
19300	662	80181	80171	80382	10	211	7	94
19300	663	80176	80165	80377	11	212	6	94
19300	664	80181	80171	80382	10	211	6	94
19300	665	80181	80173	80380	8	207	5	94
19300	666	80181	80172	80383	9	211	7	94
19300	667	80179	80169	80379	10	210	6	94
19300	668	80179	80169	80379	10	210	6	94
19300	669	80181	80172	80382	9	210	6	94
19300	670	80181	80172	80382	9	210	6	94
19300	671	80181	80172	80382	9	210	6	94
19300	672	80175	80167	80374	8	207	5	94
19300	673	80181	80172	80380	9	208	6	94
19300	674	80181	80172	80380	9	208	6	94
19300	675	80181	80172	80382	9	210	6	94
19300	676	80181	80173	80380	8	207	5	94
19300	677	80175	80166	80375	9	209	7	94
19300	678	80181	80173	80380	8	207	5	94
19300	679	80181	80170	80381	11	211	7	94
19300	680	80182	80173	80382	9	209	5	94
19300	681	80177	80168	80378	9	210	6	94
19300	682	80180	80171	80379	9	208	6	94
19300	683	80181	80172	80380	9	208	6	94
19300	684	80182	80174	80383	8	209	5	94
19300	685	80181	80172	80382	9	210	6	94
19300	686	80175	80166	80377	9	211	7	94
19300	687	80181	80171	80382	10	211	7	94
19300	688	80181	80172	80383	9	211	7	94
19300	689	80181	80171	80382	10	211	6	94
19300	690	80176	80167	80376	9	209	6	94
19300	691	80181	80172	80382	9	210	6	94
19300	692	80180	80170	80379	10	209	6	94
19300	693	80181	80172	80380	9	208	6	94
19300	694	80181	80173	80381	8	208	6	94
19300	695	80181	80171	80380	10	209	6	94
19300	696	80181	80171	80382	10	211	7	94
19300	697	80175	80168	80375	7	207	5	94
19300	698	80180	80171	80382	9	211	6	94
19300	699	80180	80171	80382	9	211	6	94
19300	700	80180	80170	80381	10	211	6	94
19300	701	80182	80174	80383	8	209	5	94
19300	702	80181	80170	80380	11	210	6	94
19300	703	80174	80165	80375	9	210	6	94
19300	704	80180	80172	80380	8	208	6	94
19300	705	80180	80171	80380	9	209	6	94
19300	706	80181	80172	80383	9	211	6	94
19300	707	80180	80170	80383	10	213	6	94
19300	708	80181	80171	80380	10	209	7	94
19300	709	80177	80169	80376	8	207	5	94
19300	710	80180	80168	80380	12	212	6	94
19300	711	80181	80169	80380	12	211	6	94
19300	712	80181	80171	80381	10	210	6	94
19300	713	80180	80172	80382	8	210	6	94
19300	714	80180	80171	80381	9	210	6	94
19300	715	80180	80172	80382	8	210	6	94
19300	716	80175	80166	80376	9	210	6	94
19300	717	80185	80174	80386	11	212	7	94
19300	718	80181	80172	80382	9	210	6	94
19300	719	80181	80171	80381	10	210	6	94
19300	720	80181	80172	80380	9	208	6	94
19300	721	80180	80171	80379	9	208	6	94
19300	722	80175	80164	80375	11	211	6	94
19300	723	80180	80171	80379	9	208	6	94
19300	724	80184	80174	80385	10	211	6	94
19300	725	80181	80171	80379	10	208	6	94
19300	726	80181	80170	80381	11	211	6	94
19300	727	80180	80171	80381	9	210	6	94
19300	728	80176	80166	80378	10	212	7	94
19300	729	80181	80172	80380	9	208	6	94
19300	730	80180	80171	80380	9	209	7	94
19300	731	80180	80171	80381	9	210	6	94
19300	732	80180	80171	80382	9	211	7	94
19300	733	80181	80172	80382	9	210	6	94
19300	734	80175	80165	80375	10	210	6	94
19300	735	80181	80168	80383	13	215	8	94
19300	736	80181	80172	80380	9	208	6	94
19300	737	80180	80173	80380	7	207	5	94
19300	738	80180	80171	80384	9	213	7	94
19300	739	80180	80172	80380	8	208	6	94
19300	740	80175	80166	80374	9	208	6	94
19300	741	80180	80172	80381	8	209	6	94
19300	742	80180	80171	80380	9	209	6	94
19300	743	80181	80172	80380	9	208	6	94
19300	744	80180	80173	80380	7	207	5	94
19300	745	80181	80171	80380	10	209	6	94
19300	746	80177	80167	80377	10	210	6	94
19300	747	80185	80176	80386	9	210	6	94
19300	748	80183	80174	80383	9	209	6	94
19300	749	80182	80171	80384	11	213	8	94
19300	750	80181	80172	80381	9	209	5	94
19300	751	80178	80169	80378	9	209	5	94
19300	752	80179	80172	80379	7	207	5	94
19300	753	80181	80172	80380	9	208	6	94
19300	754	80181	80171	80380	10	209	6	94
19300	755	80181	80171	80381	10	210	6	94
19300	756	80181	80172	80383	9	211	6	94
19300	757	80175	80166	80374	9	208	6	94
19300	758	80181	80172	80379	9	207	5	94
19300	759	80183	80174	80384	9	210	5	94
19300	760	80181	80172	80380	9	208	6	94
19300	761	80181	80172	80380	9	208	6	94
19300	762	80185	80174	80385	11	211	6	94
19300	763	80174	80165	80376	9	211	6	94
19300	764	80183	80174	80382	9	208	6	94
19300	765	80181	80171	80380	10	209	6	94
19300	766	80181	80170	80381	11	211	6	94
19300	767	80181	80172	80382	9	210	6	94
19300	768	80181	80173	80383	8	210	6	94
19300	769	80178	80169	80379	9	210	7	94
19300	770	80181	80171	80379	10	208	6	94
19300	771	80181	80171	80382	10	211	6	94
19300	772	80181	80172	80380	9	208	6	94
19300	773	80180	80171	80380	9	209	6	94
19300	774	80181	80171	80381	10	210	6	94
19300	775	80175	80165	80377	10	212	6	94
19300	776	80181	80172	80382	9	210	6	94
19300	777	80240	80185	80436	55	251	13	112
19300	778	80181	80172	80381	9	209	5	94
19300	779	80181	80173	80380	8	207	5	94
19300	780	80182	80172	80382	10	210	7	94
19300	781	80174	80164	80375	10	211	6	94
19300	782	80180	80172	80381	8	209	6	94
19300	783	80180	80172	80382	8	210	6	94
19300	784	80181	80173	80381	8	208	6	94
19300	785	80181	80172	80381	9	209	5	94
19300	786	80181	80172	80381	9	209	5	94
19300	787	80177	80168	80376	9	208	6	94
19300	788	80180	80169	80379	11	210	7	94
19300	789	80180	80172	80380	8	208	6	94
19300	790	80181	80171	80382	10	211	6	94
19300	791	80182	80172	80380	10	208	6	94
19300	792	80181	80172	80380	9	208	6	94
19300	793	80179	80169	80381	10	212	6	94
19300	794	80180	80172	80380	8	208	6	94
19300	795	80181	80172	80382	9	210	6	94
19300	796	80181	80171	80381	10	210	6	94
19300	797	80181	80172	80382	9	210	6	94
19300	798	80180	80172	80382	8	210	6	94
19300	799	80181	80171	80381	10	210	6	94
19300	800	80175	80165	80375	10	210	6	94
19300	801	80181	80173	80380	8	207	5	94
19300	802	80181	80171	80382	10	211	6	94
19300	803	80184	80175	80384	9	209	6	94
19300	804	80181	80170	80383	11	213	7	94
19300	805	80180	80172	80380	8	208	6	94
19300	806	80176	80165	80374	11	209	6	94
19300	807	80181	80170	80381	11	211	6	94
19300	808	80180	80172	80380	8	208	6	94
19300	809	80181	80172	80382	9	210	6	94
19300	810	80181	80172	80382	9	210	6	94
19300	811	80181	80172	80381	9	209	5	94
19300	812	80176	80166	80376	10	210	6	94
19300	813	80181	80172	80381	9	209	5	94
19300	814	80181	80173	80382	8	209	5	94
19300	815	80181	80172	80381	9	209	5	94
19300	816	80180	80172	80382	8	210	6	94
19300	817	80181	80171	80381	10	210	6	94
19300	818	80176	80168	80376	8	208	6	94
19300	819	80179	80169	80380	10	211	7	94
19300	820	80180	80172	80381	8	209	5	94
19300	821	80180	80170	80380	10	210	6	94
19300	822	80180	80172	80382	8	210	6	94
19300	823	80180	80171	80379	9	208	6	94
19300	824	80181	80171	80381	10	210	6	94
19300	825	80180	80171	80381	9	210	6	94
19300	826	80180	80170	80378	10	208	6	94
19300	827	80182	80172	80383	10	211	6	94
19300	828	80175	80165	80375	10	210	6	94
19300	829	80181	80170	80380	11	210	6	94
19300	830	80180	80169	80381	11	212	7	94
19300	831	80180	80171	80379	9	208	6	94
19300	832	80180	80171	80384	9	213	7	94
19300	833	80180	80171	80379	9	208	6	94
19300	834	80181	80172	80381	9	209	5	94
19300	835	80181	80171	80380	10	209	7	94
19300	836	80181	80172	80382	9	210	6	94
19300	837	80174	80164	80375	10	211	6	94
19300	838	80180	80173	80382	7	209	5	94
19300	839	80180	80170	80381	10	211	6	94
19300	840	80181	80171	80380	10	209	6	94
19300	841	80180	80170	80381	10	211	7	94
19300	842	80180	80171	80383	9	212	6	94
19300	843	80180	80171	80381	9	210	6	94
19300	844	80182	80173	80383	9	210	5	94
19300	845	80179	80172	80381	7	209	5	94
19300	846	80180	80172	80380	8	208	6	94
19300	847	80180	80169	80377	11	208	6	94
19300	848	80177	80170	80377	7	207	5	94
19300	849	80180	80171	80379	9	208	6	94
19300	850	80180	80170	80381	10	211	6	94
19300	851	80185	80175	80385	10	210	6	94
19300	852	80180	80167	80379	13	212	7	94
19300	853	80180	80171	80379	9	208	6	94
19300	854	80180	80169	80378	11	209	6	94
19300	855	80180	80170	80379	10	209	7	94
19300	856	80180	80170	80381	10	211	6	94
19300	857	80180	80171	80380	9	209	7	94
19300	858	80182	80172	80382	10	210	6	94
19300	859	80180	80171	80381	9	210	6	94
19300	860	80180	80171	80381	9	210	6	94
19300	861	80180	80172	80381	8	209	5	94
19300	862	80177	80167	80378	10	211	7	94
19300	863	80180	80172	80381	8	209	5	94
19300	864	80180	80173	80380	7	207	5	94
19300	865	80180	80169	80381	11	212	6	94
19300	866	80181	80171	80382	10	211	7	94
19300	867	80180	80173	80380	7	207	5	94
19300	868	80180	80170	80381	10	211	6	94
19300	869	80180	80170	80382	10	212	7	94
19300	870	80180	80171	80380	9	209	6	94
19300	871	80180	80171	80379	9	208	6	94
19300	872	80180	80170	80379	10	209	6	94
19300	873	80181	80172	80383	9	211	6	94
19300	874	80180	80170	80380	10	210	6	94
19300	875	80176	80167	80377	9	210	6	94
19300	876	80181	80171	80383	10	212	7	94
19300	877	80180	80171	80381	9	210	6	94
19300	878	80182	80172	80382	10	210	7	94
19300	879	80180	80170	80382	10	212	7	94
19300	880	80180	80172	80380	8	208	6	94
19300	881	80180	80170	80381	10	211	6	94
19300	882	80181	80171	80381	10	210	6	94
19300	883	80180	80172	80381	8	209	5	94
19300	884	80180	80172	80381	8	209	5	94
19300	885	80178	80169	80379	9	210	6	94
19300	886	80178	80169	80380	9	211	7	94
19300	887	80181	80171	80381	10	210	6	94
19300	888	80180	80170	80379	10	209	6	94
19300	889	80181	80172	80381	9	209	5	94
19300	890	80180	80170	80379	10	209	6	94
19300	891	80180	80172	80380	8	208	6	94
19300	892	80180	80172	80381	8	209	5	94
19300	893	80180	80171	80381	9	210	6	94
19300	894	80181	80171	80381	10	210	6	94
19300	895	80180	80170	80379	10	209	6	94
19300	896	80179	80170	80380	9	210	6	94
19300	897	80179	80172	80380	7	208	6	94
19300	898	80182	80171	80382	11	211	6	94
19300	899	80180	80171	80381	9	210	6	94
19300	900	80180	80172	80379	8	207	5	94
19300	901	80180	80170	80382	10	212	8	94
19300	902	80180	80171	80380	9	209	6	94
19300	903	80181	80171	80381	10	210	6	94
19300	904	80181	80170	80381	11	211	7	94
19300	905	80182	80173	80383	9	210	6	94
19300	906	80181	80172	80382	9	210	6	94
19300	907	80176	80166	80376	10	210	6	94
19300	908	80180	80172	80382	8	210	6	94
19300	909	80181	80171	80381	10	210	6	94
19300	910	80181	80170	80381	11	211	6	94
19300	911	80180	80172	80382	8	210	6	94
19300	912	80181	80173	80382	8	209	5	94
19300	913	80181	80172	80380	9	208	6	94
19300	914	80179	80167	80379	12	212	6	94
19300	915	80181	80171	80381	10	210	6	94
19300	916	80180	80172	80380	8	208	6	94
19300	917	80181	80173	80380	8	207	5	94
19300	918	80181	80172	80381	9	209	5	94
19300	919	80181	80171	80381	10	210	6	94
19300	920	80181	80171	80382	10	211	7	94
19300	921	80177	80169	80378	8	209	5	94
19300	922	80179	80169	80380	10	211	7	94
19300	923	80180	80171	80381	9	210	8	94
19300	924	80181	80172	80382	9	210	6	94
19300	925	80181	80172	80380	9	208	6	94
19300	926	80181	80171	80381	10	210	6	94
19300	927	80180	80170	80381	10	211	6	94
19300	928	80178	80169	80378	9	209	5	94
19300	929	80180	80171	80380	9	209	5	94
19300	930	80180	80171	80383	9	212	7	94
19300	931	80182	80172	80381	10	209	6	94
19300	932	80181	80172	80380	9	208	6	94
19300	933	80181	80171	80379	10	208	6	94
19300	934	80181	80172	80381	9	209	5	94
19300	935	80179	80170	80380	9	210	6	94
19300	936	80178	80168	80379	10	211	7	94
19300	937	80181	80170	80382	11	212	7	94
19300	938	80181	80172	80380	9	208	6	94
19300	939	80181	80170	80381	11	211	6	94
19300	940	80181	80171	80381	10	210	6	94
19300	941	80181	80172	80382	9	210	6	94
19300	942	80180	80171	80381	9	210	6	94
19300	943	80176	80168	80376	8	208	6	94
19300	944	80181	80170	80381	11	211	6	94
19300	945	80181	80171	80382	10	211	7	94
19300	946	80181	80171	80382	10	211	7	94
19300	947	80180	80172	80383	8	211	6	94
19300	948	80180	80170	80381	10	211	7	94
19300	949	80179	80168	80378	11	210	6	94
19300	950	80180	80170	80379	10	209	6	94
19300	951	80182	80172	80382	10	210	6	94
19300	952	80180	80173	80383	7	210	6	94
19300	953	80181	80172	80380	9	208	6	94
19300	954	80175	80166	80374	9	208	6	94
19300	955	80182	80172	80382	10	210	6	94
19300	956	80181	80171	80381	10	210	6	94
19300	957	80181	80171	80381	10	210	6	94
19300	958	80182	80172	80382	10	210	6	94
19300	959	80175	80166	80376	9	210	6	94
19300	960	80181	80172	80382	9	210	6	94
19300	961	80181	80171	80382	10	211	6	94
19300	962	80182	80171	80382	11	211	6	94
19300	963	80181	80171	80381	10	210	6	94
19300	964	80175	80164	80376	11	212	6	94
19300	965	80181	80170	80381	11	211	6	94
19300	966	80181	80171	80380	10	209	7	94
19300	967	80181	80173	80380	8	207	5	94
19300	968	80177	80170	80375	7	205	5	94
19300	969	80179	80171	80379	8	208	6	94
19300	970	80184	80175	80384	9	209	6	94
19300	971	80180	80171	80379	9	208	6	94
19300	972	80181	80171	80381	10	210	6	94
19300	973	80177	80165	80375	12	210	6	94
19300	974	80180	80171	80380	9	209	6	94
19300	975	80181	80171	80381	10	210	6	94
19300	976	80181	80171	80383	10	212	6	94
19300	977	80181	80172	80380	9	208	6	94
19300	978	80181	80171	80380	10	209	6	94
19300	979	80178	80169	80379	9	210	6	94
19300	980	80180	80172	80379	8	207	5	94
19300	981	80181	80170	80380	11	210	6	94
19300	982	80180	80173	80381	7	208	6	94
19300	983	80181	80171	80382	10	211	7	94
19300	984	80177	80169	80377	8	208	6	94
19300	985	80184	80176	80386	8	210	6	94
19300	986	80182	80173	80383	9	210	6	94
19300	987	80175	80167	80376	8	209	5	94
19300	988	80181	80173	80380	8	207	5	94
19300	989	80181	80173	80381	8	208	6	94
19300	990	80181	80171	80383	10	212	6	94
19300	991	80175	80166	80374	9	208	6	94
19300	992	80181	80171	80381	10	210	6	94
19300	993	80183	80173	80382	10	209	7	94
19300	994	80181	80172	80380	9	208	6	94
19300	995	80176	80165	80375	11	210	6	94
19300	996	80182	80173	80383	9	210	6	94
19300	997	80181	80171	80381	10	210	6	94
19300	998	80181	80171	80381	10	210	6	94
19300	999	80178	80168	80378	10	210	6	94
19300	1000	80181	80173	80383	8	210	5	94
