RUNID	ITERNUM	METIME	PRTIME	TPRTIME	DIFF	TDIFF	NRPROCS	NPROCS
23321	1	1020407	1020207	1020520	200	313	7	93
23321	2	822986	822789	823128	197	339	8	93
23321	3	344154	344097	344333	57	236	6	93
23321	4	344154	344104	344338	50	234	7	93
23321	5	344153	344099	344337	54	238	7	93
23321	6	344159	344103	344342	56	239	7	93
23321	7	344157	344099	344336	58	237	7	93
23321	8	344156	344098	344336	58	238	7	93
23321	9	344151	344099	344342	52	243	8	93
23321	10	344146	344081	344323	65	242	8	93
23321	11	344156	344100	344336	56	236	7	93
23321	12	344150	344086	344327	64	241	7	93
23321	13	344151	344095	344333	56	238	7	93
23321	14	344150	344095	344330	55	235	6	93
23321	15	344159	344096	344338	63	242	7	93
23321	16	344152	344092	344329	60	237	8	93
23321	17	344153	344092	344331	61	239	9	93
23321	18	344154	344094	344333	60	239	7	93
23321	19	344151	344097	344337	54	240	8	93
23321	20	344152	344091	344329	61	238	7	93
23321	21	344151	344098	344336	53	238	8	93
23321	22	344153	344098	344335	55	237	6	93
23321	23	344151	344100	344339	51	239	7	93
23321	24	344156	344107	344345	49	238	9	93
23321	25	344159	344100	344342	59	242	8	93
23321	26	344157	344091	344333	66	242	8	93
23321	27	344159	344093	344335	66	242	9	93
23321	28	344158	344103	344341	55	238	6	93
23321	29	344151	344091	344331	60	240	6	94
23321	30	344158	344103	344340	55	237	7	93
23321	31	344155	344097	344335	58	238	7	93
23321	32	344158	344104	344344	54	240	8	93
23321	33	344154	344102	344336	52	234	7	93
23321	34	344156	344098	344336	58	238	6	93
23321	35	344157	344102	344340	55	238	7	93
23321	36	344153	344100	344341	53	241	7	93
23321	37	344149	344092	344327	57	235	6	93
23321	38	344157	344101	344342	56	241	6	93
23321	39	344149	344094	344332	55	238	8	93
23321	40	344160	344098	344335	62	237	8	93
23321	41	344156	344102	344342	54	240	7	93
23321	42	344152	344091	344328	61	237	6	93
23321	43	344155	344095	344333	60	238	7	93
23321	44	344154	344102	344339	52	237	6	93
23321	45	344153	344096	344334	57	238	8	93
23321	46	344155	344099	344340	56	241	8	93
23321	47	344158	344103	344343	55	240	7	93
23321	48	344148	344095	344332	53	237	7	93
23321	49	344157	344095	344331	62	236	6	93
23321	50	344158	344083	344324	75	241	7	93
23321	51	344157	344101	344341	56	240	7	93
23321	52	344150	344102	344337	48	235	8	93
23321	53	344156	344099	344334	57	235	7	93
23321	54	344152	344101	344341	51	240	7	93
23321	55	344151	344097	344335	54	238	7	93
23321	56	344146	344086	344324	60	238	6	93
23321	57	344146	344087	344326	59	239	10	93
23321	58	344149	344091	344327	58	236	7	93
23321	59	344148	344097	344334	51	237	6	93
23321	60	344160	344093	344333	67	240	8	93
23321	61	344149	344094	344332	55	238	8	93
23321	62	344152	344088	344325	64	237	6	93
23321	63	344145	344087	344320	58	233	6	93
23321	64	344150	344096	344334	54	238	8	93
23321	65	344154	344099	344338	55	239	7	93
23321	66	344156	344094	344336	62	242	9	93
23321	67	344153	344089	344325	64	236	7	93
23321	68	344144	344080	344319	64	239	7	93
23321	69	344152	344096	344331	56	235	6	93
23321	70	344143	344094	344332	49	238	6	93
23321	71	344145	344086	344323	59	237	8	93
23321	72	344147	344093	344332	54	239	7	93
23321	73	344148	344087	344323	61	236	6	93
23321	74	344151	344098	344336	53	238	6	93
23321	75	344158	344098	344340	60	242	8	93
23321	76	344158	344089	344332	69	243	9	93
23321	77	344158	344101	344339	57	238	8	93
23321	78	344150	344099	344335	51	236	7	93
23321	79	344151	344093	344328	58	235	7	93
23321	80	344153	344095	344335	58	240	8	93
23321	81	344148	344095	344334	53	239	7	93
23321	82	344149	344096	344328	53	232	6	93
23321	83	344153	344100	344336	53	236	6	93
23321	84	344153	344089	344328	64	239	7	93
23321	85	344156	344106	344342	50	236	7	93
23321	86	344155	344098	344337	57	239	9	93
23321	87	344158	344105	344344	53	239	7	93
23321	88	344155	344096	344335	59	239	8	93
23321	89	344154	344096	344334	58	238	8	93
23321	90	344153	344089	344324	64	235	7	93
23321	91	344153	344098	344340	55	242	8	94
23321	92	344149	344097	344336	52	239	8	93
23321	93	344151	344092	344331	59	239	8	93
23321	94	344152	344097	344334	55	237	7	93
23321	95	344160	344104	344343	56	239	6	93
23321	96	344155	344104	344341	51	237	6	93
23321	97	344158	344100	344335	58	235	7	93
23321	98	344150	344090	344327	60	237	8	93
23321	99	344147	344089	344325	58	236	6	93
23321	100	344153	344094	344334	59	240	7	93
23321	101	344151	344094	344333	57	239	6	93
23321	102	344168	344102	344345	66	243	7	93
23321	103	344154	344099	344339	55	240	6	93
23321	104	344159	344103	344338	56	235	7	93
23321	105	344155	344095	344333	60	238	7	93
23321	106	344161	344108	344345	53	237	7	93
23321	107	344161	344112	344347	49	235	9	93
23321	108	344158	344094	344336	64	242	7	93
23321	109	344151	344099	344335	52	236	8	93
23321	110	344154	344090	344335	64	245	10	93
23321	111	344151	344097	344335	54	238	6	93
23321	112	344149	344094	344328	55	234	7	93
23321	113	344159	344096	344335	63	239	8	93
23321	114	344155	344096	344332	59	236	8	93
23321	115	344157	344095	344336	62	241	8	93
23321	116	344156	344102	344339	54	237	8	93
23321	117	344157	344101	344341	56	240	7	93
23321	118	344155	344107	344343	48	236	6	93
23321	119	344149	344097	344333	52	236	7	93
23321	120	344157	344095	344336	62	241	8	93
23321	121	344154	344091	344333	63	242	7	93
23321	122	344155	344093	344332	62	239	6	93
23321	123	344152	344098	344333	54	235	7	93
23321	124	344161	344101	344339	60	238	7	93
23321	125	344151	344102	344334	49	232	7	93
23321	126	344156	344101	344340	55	239	6	93
23321	127	344156	344096	344335	60	239	8	93
23321	128	344162	344097	344336	65	239	7	93
23321	129	344153	344096	344335	57	239	7	93
23321	130	344147	344087	344324	60	237	8	93
23321	131	344154	344099	344339	55	240	6	93
23321	132	344146	344089	344324	57	235	6	93
23321	133	344162	344089	344333	73	244	8	93
23321	134	344152	344097	344331	55	234	7	93
23321	135	344158	344105	344341	53	236	7	93
23321	136	344154	344101	344336	53	235	7	93
23321	137	344155	344102	344339	53	237	7	93
23321	138	344151	344102	344338	49	236	8	93
23321	139	344155	344104	344340	51	236	7	93
23321	140	344154	344094	344332	60	238	7	93
23321	141	344152	344095	344330	57	235	8	93
23321	142	344158	344102	344340	56	238	6	93
23321	143	344152	344103	344333	49	230	5	93
23321	144	344158	344095	344336	63	241	8	93
23321	145	344149	344100	344335	49	235	6	93
23321	146	344158	344097	344337	61	240	7	93
23321	147	344153	344093	344334	60	241	7	93
23321	148	344161	344105	344342	56	237	7	93
23321	149	344155	344104	344341	51	237	6	93
23321	150	344152	344093	344332	59	239	7	93
23321	151	344148	344095	344330	53	235	6	93
23321	152	344155	344093	344331	62	238	8	93
23321	153	344154	344101	344342	53	241	7	93
23321	154	344146	344092	344329	54	237	7	93
23321	155	344156	344096	344335	60	239	7	93
23321	156	344157	344097	344334	60	237	6	93
23321	157	344157	344094	344337	63	243	7	93
23321	158	344158	344102	344343	56	241	7	93
23321	159	344151	344092	344330	59	238	7	93
23321	160	344154	344097	344336	57	239	9	93
23321	161	344160	344103	344339	57	236	7	93
23321	162	344156	344104	344346	52	242	6	93
23321	163	344151	344100	344336	51	236	8	93
23321	164	344158	344103	344345	55	242	7	93
23321	165	344159	344097	344334	62	237	9	93
23321	166	344159	344094	344337	65	243	8	93
23321	167	344157	344100	344340	57	240	7	93
23321	168	344158	344100	344336	58	236	6	93
23321	169	344150	344098	344333	52	235	8	93
23321	170	344157	344094	344334	63	240	9	93
23321	171	344160	344105	344341	55	236	7	93
23321	172	344160	344099	344337	61	238	7	93
23321	173	344149	344095	344328	54	233	7	93
23321	174	344154	344094	344333	60	239	7	93
23321	175	344149	344096	344330	53	234	6	93
23321	176	344149	344081	344326	68	245	8	93
23321	177	344159	344091	344327	68	236	6	93
23321	178	344151	344102	344334	49	232	6	93
23321	179	344149	344090	344329	59	239	8	93
23321	180	344153	344094	344334	59	240	7	93
23321	181	344171	344103	344348	68	245	11	95
23321	182	344149	344093	344332	56	239	7	93
23321	183	344155	344097	344337	58	240	7	93
23321	184	344162	344109	344347	53	238	6	93
23321	185	344159	344106	344343	53	237	7	93
23321	186	344156	344094	344336	62	242	6	93
23321	187	344152	344102	344338	50	236	7	93
23321	188	344158	344103	344348	55	245	8	93
23321	189	344157	344099	344336	58	237	7	93
23321	190	344159	344096	344335	63	239	7	93
23321	191	344159	344097	344336	62	239	8	93
23321	192	344157	344105	344342	52	237	6	93
23321	193	344153	344092	344331	61	239	8	93
23321	194	344156	344097	344332	59	235	8	93
23321	195	344152	344102	344335	50	233	6	93
23321	196	344159	344095	344337	64	242	7	93
23321	197	344159	344100	344339	59	239	9	93
23321	198	344157	344107	344347	50	240	7	93
23321	199	344159	344102	344342	57	240	7	93
23321	200	344152	344097	344334	55	237	7	93
23321	201	344162	344099	344342	63	243	6	93
23321	202	344148	344093	344328	55	235	7	93
23321	203	344160	344098	344341	62	243	7	93
23321	204	344156	344101	344342	55	241	9	93
23321	205	344161	344101	344341	60	240	7	93
23321	206	344151	344097	344333	54	236	8	93
23321	207	344151	344100	344339	51	239	9	93
23321	208	344156	344098	344339	58	241	7	93
23321	209	344148	344094	344330	54	236	9	93
23321	210	344154	344099	344336	55	237	7	93
23321	211	344156	344096	344332	60	236	8	93
23321	212	344159	344100	344342	59	242	9	93
23321	213	344173	344102	344355	71	253	12	97
23321	214	344151	344097	344335	54	238	7	93
23321	215	344147	344090	344328	57	238	6	93
23321	216	344155	344104	344343	51	239	6	93
23321	217	344149	344094	344332	55	238	8	93
23321	218	344148	344093	344332	55	239	8	93
23321	219	344149	344098	344335	51	237	7	93
23321	220	344154	344094	344332	60	238	6	93
23321	221	344148	344091	344332	57	241	8	93
23321	222	344157	344099	344335	58	236	7	93
23321	223	344152	344101	344336	51	235	6	93
23321	224	344157	344103	344341	54	238	7	93
23321	225	344152	344098	344335	54	237	7	93
23321	226	344158	344103	344340	55	237	9	93
23321	227	344151	344095	344334	56	239	7	93
23321	228	344152	344097	344334	55	237	8	93
23321	229	344155	344096	344335	59	239	7	93
23321	230	344148	344100	344332	48	232	7	93
23321	231	344148	344087	344324	61	237	8	93
23321	232	344158	344103	344341	55	238	7	93
23321	233	344157	344099	344335	58	236	9	93
23321	234	344155	344096	344339	59	243	7	93
23321	235	344150	344086	344320	64	234	7	93
23321	236	344156	344098	344334	58	236	7	93
23321	237	344149	344088	344327	61	239	6	93
23321	238	344155	344099	344338	56	239	8	93
23321	239	344148	344092	344329	56	237	8	93
23321	240	344153	344095	344330	58	235	8	93
23321	241	344151	344092	344334	59	242	7	93
23321	242	344165	344102	344345	63	243	7	93
23321	243	344155	344098	344338	57	240	7	93
23321	244	344156	344099	344336	57	237	7	93
23321	245	344152	344092	344333	60	241	8	93
23321	246	344161	344106	344342	55	236	7	93
23321	247	344148	344088	344326	60	238	8	93
23321	248	344149	344089	344329	60	240	8	93
23321	249	344149	344097	344333	52	236	6	93
23321	250	344154	344092	344328	62	236	6	93
23321	251	344154	344100	344338	54	238	6	93
23321	252	344156	344104	344342	52	238	7	93
23321	253	344151	344095	344335	56	240	9	93
23321	254	344158	344102	344338	56	236	6	93
23321	255	344156	344102	344345	54	243	6	93
23321	256	344157	344103	344336	54	233	6	93
23321	257	344152	344099	344335	53	236	6	93
23321	258	344151	344092	344334	59	242	9	93
23321	259	344146	344094	344330	52	236	8	93
23321	260	344155	344098	344337	57	239	7	93
23321	261	344148	344084	344328	64	244	9	93
23321	262	344155	344101	344338	54	237	7	93
23321	263	344155	344097	344337	58	240	8	93
23321	264	344157	344096	344337	61	241	8	93
23321	265	344157	344094	344330	63	236	7	93
23321	266	344157	344097	344339	60	242	7	93
23321	267	344158	344099	344337	59	238	8	93
23321	268	344148	344093	344334	55	241	7	93
23321	269	344159	344106	344344	53	238	7	93
23321	270	344156	344098	344335	58	237	8	93
23321	271	344153	344103	344342	50	239	8	93
23321	272	344150	344087	344328	63	241	7	93
23321	273	344151	344097	344334	54	237	8	93
23321	274	344160	344103	344341	57	238	6	93
23321	275	344157	344105	344340	52	235	7	93
23321	276	344158	344092	344334	66	242	7	93
23321	277	344157	344103	344341	54	238	7	93
23321	278	344154	344099	344338	55	239	7	94
23321	279	344160	344102	344343	58	241	8	93
23321	280	344151	344091	344331	60	240	8	93
23321	281	344161	344103	344344	58	241	8	93
23321	282	344156	344098	344338	58	240	10	93
23321	283	344155	344098	344338	57	240	7	93
23321	284	344159	344107	344344	52	237	8	93
23321	285	344158	344102	344341	56	239	6	93
23321	286	344150	344095	344330	55	235	6	93
23321	287	344155	344105	344343	50	238	7	93
23321	288	344156	344103	344342	53	239	9	93
23321	289	344153	344101	344338	52	237	8	93
23321	290	344147	344093	344333	54	240	8	93
23321	291	344151	344101	344337	50	236	7	93
23321	292	344150	344093	344330	57	237	8	93
23321	293	344156	344100	344336	56	236	8	93
23321	294	344157	344104	344344	53	240	7	93
23321	295	344153	344101	344337	52	236	7	93
23321	296	344150	344098	344336	52	238	7	93
23321	297	344150	344090	344329	60	239	6	93
23321	298	344152	344099	344335	53	236	6	93
23321	299	344147	344096	344331	51	235	7	93
23321	300	344156	344100	344338	56	238	7	93
