RUNID	ITERNUM	METIME	PRTIME	TPRTIME	DIFF	TDIFF	NRPROCS	NPROCS
27701	1	112251	112238	112451	13	213	7	93
27701	2	112247	112236	112445	11	209	6	93
27701	3	112254	112240	112452	14	212	6	93
27701	4	112247	112234	112446	13	212	7	93
27701	5	112249	112234	112446	15	212	7	93
27701	6	112251	112239	112449	12	210	6	93
27701	7	112251	112240	112446	11	206	5	93
27701	8	112246	112233	112441	13	208	7	93
27701	9	112250	112234	112447	16	213	6	93
27701	10	112252	112241	112450	11	209	6	93
27701	11	112247	112235	112445	12	210	7	93
27701	12	112247	112235	112445	12	210	7	93
27701	13	112254	112240	112450	14	210	6	93
27701	14	112250	112236	112445	14	209	6	93
27701	15	112247	112235	112444	12	209	6	93
27701	16	112246	112234	112444	12	210	7	93
27701	17	112255	112241	112453	14	212	6	93
27701	18	112247	112235	112446	12	211	7	93
27701	19	112247	112235	112444	12	209	6	93
27701	20	112255	112242	112452	13	210	6	93
27701	21	112250	112236	112448	14	212	7	93
27701	22	112248	112233	112445	15	212	6	93
27701	23	112255	112243	112454	12	211	6	93
27701	24	112248	112234	112445	14	211	6	93
27701	25	112252	112238	112449	14	211	6	93
27701	26	112248	112234	112446	14	212	6	93
27701	27	112246	112231	112442	15	211	7	93
27701	28	112254	112237	112451	17	214	6	93
27701	29	112245	112234	112442	11	208	6	93
27701	30	112253	112241	112456	12	215	7	94
27701	31	112246	112231	112445	15	214	7	93
27701	32	112255	112242	112454	13	212	6	93
27701	33	112250	112237	112450	13	213	6	93
27701	34	112252	112237	112450	15	213	6	93
27701	35	112246	112233	112442	13	209	6	93
27701	36	112256	112244	112456	12	212	6	93
27701	37	112249	112237	112447	12	210	5	93
27701	38	112255	112241	112453	14	212	6	93
27701	39	112253	112237	112452	16	215	6	93
27701	40	112256	112243	112452	13	209	6	93
27701	41	112249	112237	112447	12	210	5	93
27701	42	112250	112237	112449	13	212	6	93
27701	43	112252	112239	112451	13	212	6	93
27701	44	112247	112235	112446	12	211	6	93
27701	45	112253	112241	112450	12	209	6	93
27701	46	112250	112237	112449	13	212	6	93
27701	47	112252	112237	112450	15	213	6	93
27701	48	112372	112242	112569	130	327	7	94
27701	49	112246	112233	112443	13	210	6	93
27701	50	112251	112240	112451	11	211	6	93
27701	51	112248	112233	112447	15	214	7	93
27701	52	112251	112239	112449	12	210	6	93
27701	53	112246	112232	112445	14	213	6	93
27701	54	112254	112242	112454	12	212	6	93
27701	55	112249	112238	112448	11	210	6	93
27701	56	112251	112239	112451	12	212	7	93
27701	57	112246	112234	112443	12	209	6	93
27701	58	112255	112241	112453	14	212	6	93
27701	59	112246	112233	112440	13	207	6	93
27701	60	112253	112239	112451	14	212	6	93
27701	61	112245	112234	112443	11	209	6	93
27701	62	112254	112237	112450	17	213	6	93
27701	63	112247	112233	112445	14	212	6	93
27701	64	112253	112239	112450	14	211	6	93
27701	65	112254	112243	112452	11	209	6	93
27701	66	112247	112232	112443	15	211	6	93
27701	67	112250	112239	112449	11	210	5	93
27701	68	112251	112239	112448	12	209	6	93
27701	69	112244	112232	112441	12	209	6	93
27701	70	112253	112240	112451	13	211	7	93
27701	71	112251	112239	112451	12	212	7	93
27701	72	112244	112232	112444	12	212	7	93
27701	73	112253	112240	112449	13	209	6	93
27701	74	112250	112237	112449	13	212	6	93
27701	75	112245	112231	112442	14	211	6	93
27701	76	112250	112238	112445	12	207	6	93
27701	77	112246	112233	112444	13	211	5	93
27701	78	112250	112239	112450	11	211	6	93
27701	79	112251	112239	112450	12	211	6	93
27701	80	112246	112232	112445	14	213	7	93
27701	81	112254	112238	112452	16	214	6	93
27701	82	112251	112239	112450	12	211	6	93
27701	83	112246	112232	112444	14	212	6	93
27701	84	112250	112236	112450	14	214	7	93
27701	85	112254	112239	112453	15	214	7	93
27701	86	112244	112232	112441	12	209	6	93
27701	87	112251	112239	112448	12	209	6	93
27701	88	112250	112237	112449	13	212	6	93
27701	89	112247	112230	112446	17	216	7	93
27701	90	112251	112239	112450	12	211	6	93
27701	91	112252	112239	112452	13	213	6	93
27701	92	112245	112231	112445	14	214	7	93
27701	93	112250	112238	112449	12	211	6	93
27701	94	112248	112236	112446	12	210	7	93
27701	95	112249	112235	112447	14	212	7	93
27701	96	112252	112240	112451	12	211	5	93
27701	97	112254	112242	112452	12	210	5	93
27701	98	112242	112232	112440	10	208	5	93
27701	99	112249	112237	112446	12	209	6	93
27701	100	112251	112237	112448	14	211	6	93
27701	101	112251	112237	112448	14	211	6	93
27701	102	112243	112231	112441	12	210	7	93
27701	103	112250	112236	112447	14	211	7	93
27701	104	112251	112237	112448	14	211	6	93
27701	105	112246	112230	112444	16	214	6	93
27701	106	112251	112238	112449	13	211	6	93
27701	107	112250	112238	112449	12	211	6	93
27701	108	112252	112240	112451	12	211	5	93
27701	109	112244	112231	112443	13	212	6	93
27701	110	112250	112239	112450	11	211	6	93
27701	111	112257	112241	112455	16	214	6	93
27701	112	112243	112231	112442	12	211	6	93
27701	113	112251	112236	112449	15	213	7	93
27701	114	112251	112238	112448	13	210	6	93
27701	115	112246	112234	112443	12	209	5	93
27701	116	112250	112238	112448	12	210	6	93
27701	117	112251	112239	112450	12	211	6	93
27701	118	112254	112242	112451	12	209	6	93
27701	119	112249	112236	112447	13	211	5	93
27701	120	112250	112239	112447	11	208	5	93
27701	121	112250	112235	112448	15	213	7	93
27701	122	112245	112234	112442	11	208	5	93
27701	123	112253	112237	112450	16	213	7	93
27701	124	112250	112238	112447	12	209	6	93
27701	125	112243	112230	112440	13	210	6	93
27701	126	112250	112238	112449	12	211	6	93
27701	127	112254	112240	112452	14	212	6	93
27701	128	112243	112231	112441	12	210	5	93
27701	129	112258	112242	112456	16	214	7	93
27701	130	112251	112237	112450	14	213	7	93
27701	131	112242	112230	112441	12	211	7	93
27701	132	112250	112237	112447	13	210	7	93
27701	133	112251	112239	112448	12	209	6	93
27701	134	112246	112233	112445	13	212	6	93
27701	135	112251	112238	112448	13	210	7	93
27701	136	112244	112232	112443	12	211	6	93
27701	137	112251	112237	112448	14	211	6	93
27701	138	112253	112240	112450	13	210	6	93
27701	139	112243	112230	112442	13	212	6	93
27701	140	112250	112237	112448	13	211	6	93
27701	141	112246	112234	112444	12	210	7	93
27701	142	112254	112241	112451	13	210	6	93
27701	143	112246	112234	112446	12	212	7	93
27701	144	112250	112240	112450	10	210	5	93
27701	145	112249	112237	112446	12	209	6	93
27701	146	112249	112237	112444	12	207	6	93
27701	147	112252	112240	112451	12	211	6	93
27701	148	112246	112234	112443	12	209	6	93
27701	149	112255	112240	112454	15	214	7	93
27701	150	112247	112235	112445	12	210	6	93
27701	151	112250	112238	112448	12	210	6	93
27701	152	112244	112232	112444	12	212	6	93
27701	153	112253	112239	112452	14	213	6	93
27701	154	112244	112233	112442	11	209	6	93
27701	155	112251	112239	112448	12	209	6	93
27701	156	112245	112230	112442	15	212	6	93
27701	157	112253	112240	112450	13	210	6	93
27701	158	112251	112240	112450	11	210	5	93
27701	159	112246	112233	112444	13	211	6	93
27701	160	112247	112235	112446	12	211	6	93
27701	161	112256	112242	112453	14	211	6	93
27701	162	112246	112233	112445	13	212	6	93
27701	163	112256	112246	112454	10	208	5	93
27701	164	112250	112237	112449	13	212	6	93
27701	165	112246	112235	112444	11	209	6	93
27701	166	112252	112239	112453	13	214	7	93
27701	167	112246	112232	112444	14	212	7	93
27701	168	112248	112233	112446	15	213	6	93
27701	169	112254	112240	112452	14	212	6	93
27701	170	112246	112232	112441	14	209	6	93
27701	171	112248	112234	112446	14	212	6	93
27701	172	112257	112244	112453	13	209	5	93
27701	173	112246	112233	112445	13	212	6	93
27701	174	112247	112234	112444	13	210	6	93
27701	175	112253	112240	112450	13	210	7	93
27701	176	112365	112236	112563	129	327	7	94
27701	177	112247	112232	112445	15	213	7	93
27701	178	112253	112235	112451	18	216	7	93
27701	179	112246	112234	112441	12	207	6	93
27701	180	112246	112234	112445	12	211	6	93
27701	181	112253	112240	112450	13	210	6	93
27701	182	112247	112234	112445	13	211	7	93
27701	183	112254	112241	112451	13	210	6	93
27701	184	112246	112234	112445	12	211	6	93
27701	185	112246	112232	112445	14	213	7	93
27701	186	112252	112242	112450	10	208	5	93
27701	187	112253	112238	112451	15	213	6	93
27701	188	112248	112234	112446	14	212	6	93
27701	189	112248	112236	112447	12	211	6	93
27701	190	112248	112235	112443	13	208	6	93
27701	191	112255	112242	112452	13	210	6	93
27701	192	112248	112237	112445	11	208	5	93
27701	193	112250	112239	112450	11	211	6	93
27701	194	112248	112235	112446	13	211	6	93
27701	195	112249	112235	112446	14	211	6	93
27701	196	112253	112241	112453	12	212	6	93
27701	197	112247	112234	112443	13	209	6	93
27701	198	112247	112235	112445	12	210	6	93
27701	199	112247	112237	112447	10	210	5	93
27701	200	112248	112236	112447	12	211	7	93
27701	201	112247	112234	112447	13	213	6	93
27701	202	112255	112244	112453	11	209	5	93
27701	203	112247	112235	112444	12	209	6	93
27701	204	112248	112237	112446	11	209	6	93
27701	205	112247	112235	112444	12	209	6	93
27701	206	112249	112234	112446	15	212	6	93
27701	207	112254	112241	112451	13	210	6	93
27701	208	112246	112233	112443	13	210	6	93
27701	209	112248	112235	112446	13	211	6	93
27701	210	112249	112235	112447	14	212	7	93
27701	211	112247	112235	112444	12	209	6	93
27701	212	112253	112242	112449	11	207	6	93
27701	213	112247	112232	112446	15	214	8	93
27701	214	112251	112239	112448	12	209	5	93
27701	215	112251	112236	112450	15	214	7	93
27701	216	112257	112245	112456	12	211	7	93
27701	217	112250	112236	112449	14	213	7	93
27701	218	112286	112251	112483	35	232	9	104
27701	219	112246	112233	112443	13	210	6	93
27701	220	112254	112241	112450	13	209	6	93
27701	221	112249	112237	112449	12	212	5	94
27701	222	112248	112233	112445	15	212	6	93
27701	223	112247	112233	112447	14	214	8	93
27701	224	112253	112239	112453	14	214	7	93
27701	225	112252	112237	112451	15	214	7	93
27701	226	112246	112236	112444	10	208	5	93
27701	227	112249	112234	112448	15	214	6	93
27701	228	112253	112240	112451	13	211	6	93
27701	229	112249	112235	112446	14	211	6	93
27701	230	112246	112236	112446	10	210	5	93
27701	231	112252	112240	112450	12	210	6	93
27701	232	112249	112235	112448	14	213	6	93
27701	233	112247	112234	112445	13	211	6	93
27701	234	112253	112242	112449	11	207	6	93
27701	235	112249	112237	112448	12	211	6	93
27701	236	112249	112235	112448	14	213	6	93
27701	237	112253	112240	112450	13	210	6	93
27701	238	112251	112237	112450	14	213	7	93
27701	239	112249	112237	112446	12	209	6	93
27701	240	112255	112241	112453	14	212	6	93
27701	241	112247	112236	112444	11	208	7	93
27701	242	112245	112234	112445	11	211	6	93
27701	243	112252	112239	112447	13	208	7	93
27701	244	112248	112234	112445	14	211	6	93
27701	245	112246	112233	112442	13	209	6	93
27701	246	112253	112241	112451	12	210	6	93
27701	247	112246	112234	112445	12	211	6	93
27701	248	112246	112232	112443	14	211	7	93
27701	249	112252	112241	112448	11	207	6	93
27701	250	112246	112233	112443	13	210	6	93
27701	251	112248	112233	112447	15	214	7	93
27701	252	112252	112241	112451	11	210	5	93
27701	253	112247	112235	112449	12	214	6	94
27701	254	112248	112233	112445	15	212	6	93
27701	255	112255	112240	112454	15	214	6	93
27701	256	112247	112233	112445	14	212	6	93
27701	257	112252	112239	112450	13	211	6	93
27701	258	112252	112238	112450	14	212	7	93
27701	259	112250	112237	112447	13	210	6	93
27701	260	112252	112240	112453	12	213	7	93
27701	261	112247	112233	112446	14	213	7	93
27701	262	112252	112241	112447	11	206	5	93
27701	263	112248	112236	112446	12	210	5	93
27701	264	112248	112233	112446	15	213	6	93
27701	265	112253	112239	112452	14	213	7	93
27701	266	112248	112234	112445	14	211	6	93
27701	267	112252	112239	112449	13	210	6	93
27701	268	112244	112231	112443	13	212	6	93
27701	269	112252	112240	112451	12	211	6	93
27701	270	112247	112233	112444	14	211	6	93
27701	271	112253	112241	112451	12	210	6	93
27701	272	112246	112233	112444	13	211	6	93
27701	273	112248	112236	112447	12	211	7	93
27701	274	112254	112242	112452	12	210	6	93
27701	275	112251	112238	112450	13	212	6	93
27701	276	112251	112239	112448	12	209	6	93
27701	277	112245	112230	112442	15	212	6	93
27701	278	112255	112238	112452	17	214	7	93
27701	279	112246	112232	112444	14	212	6	93
27701	280	112251	112239	112449	12	210	6	93
27701	281	112250	112239	112447	11	208	5	93
27701	282	112253	112240	112451	13	211	6	93
27701	283	112250	112239	112446	11	207	6	93
27701	284	112253	112240	112453	13	213	7	93
27701	285	112248	112232	112450	16	218	6	94
27701	286	112253	112239	112450	14	211	6	93
27701	287	112245	112232	112442	13	210	6	93
27701	288	112252	112240	112450	12	210	6	93
27701	289	112250	112234	112448	16	214	7	93
27701	290	112247	112237	112447	10	210	5	93
27701	291	112253	112239	112450	14	211	6	93
27701	292	112249	112235	112449	14	214	7	93
27701	293	112254	112241	112453	13	212	6	93
27701	294	112246	112234	112443	12	209	6	93
27701	295	112252	112241	112449	11	208	5	93
27701	296	112245	112232	112442	13	210	6	93
27701	297	112251	112239	112450	12	211	5	93
27701	298	112249	112237	112446	12	209	6	93
27701	299	112247	112234	112445	13	211	6	93
27701	300	112254	112241	112454	13	213	6	93
27701	301	112248	112236	112445	12	209	6	93
27701	302	112249	112238	112446	11	208	5	93
27701	303	112253	112241	112450	12	209	6	93
27701	304	112369	112240	112567	129	327	7	94
27701	305	112253	112238	112451	15	213	7	93
27701	306	112246	112234	112446	12	212	6	93
27701	307	112246	112233	112443	13	210	6	93
27701	308	112255	112242	112451	13	209	5	93
27701	309	112246	112234	112444	12	210	6	93
27701	310	112248	112238	112446	10	208	5	93
27701	311	112252	112239	112449	13	210	6	93
27701	312	112248	112234	112445	14	211	6	93
27701	313	112247	112234	112445	13	211	7	93
27701	314	112253	112240	112450	13	210	6	93
27701	315	112246	112231	112445	15	214	6	93
27701	316	112316	112259	112512	57	253	15	111
27701	317	112247	112234	112444	13	210	7	93
27701	318	112247	112234	112445	13	211	7	93
27701	319	112256	112243	112456	13	213	6	93
27701	320	112246	112236	112446	10	210	5	93
27701	321	112250	112237	112448	13	211	6	93
27701	322	112255	112243	112452	12	209	6	93
27701	323	112248	112237	112448	11	211	5	93
27701	324	112247	112234	112445	13	211	6	93
27701	325	112253	112237	112449	16	212	7	93
27701	326	112246	112234	112445	12	211	6	93
27701	327	112250	112235	112448	15	213	6	93
27701	328	112252	112240	112451	12	211	6	93
27701	329	112246	112235	112445	11	210	5	93
27701	330	112247	112234	112446	13	212	6	93
27701	331	112254	112239	112452	15	213	6	93
27701	332	112246	112234	112443	12	209	6	93
27701	333	112252	112240	112450	12	210	7	93
27701	334	112250	112234	112448	16	214	6	93
27701	335	112247	112235	112444	12	209	6	93
27701	336	112253	112239	112451	14	212	6	93
27701	337	112246	112234	112445	12	211	6	93
27701	338	112247	112234	112444	13	210	6	93
27701	339	112252	112241	112450	11	209	6	93
27701	340	112246	112233	112444	13	211	7	93
27701	341	112247	112234	112444	13	210	6	93
27701	342	112255	112242	112454	13	212	6	93
27701	343	112246	112233	112446	13	213	6	93
27701	344	112249	112235	112447	14	212	6	93
27701	345	112252	112239	112450	13	211	6	93
27701	346	112248	112236	112447	12	211	5	93
27701	347	112253	112241	112449	12	208	5	93
27701	348	112246	112234	112446	12	212	6	94
27701	349	112252	112238	112450	14	212	6	93
27701	350	112253	112240	112453	13	213	6	93
27701	351	112247	112233	112445	14	212	6	93
27701	352	112253	112239	112449	14	210	7	93
27701	353	112248	112237	112448	11	211	5	93
27701	354	112246	112233	112445	13	212	7	93
27701	355	112254	112241	112451	13	210	6	93
27701	356	112246	112234	112444	12	210	7	93
27701	357	112259	112247	112455	12	208	6	93
27701	358	112246	112234	112445	12	211	6	93
27701	359	112250	112236	112450	14	214	7	93
27701	360	112247	112235	112444	12	209	6	93
27701	361	112248	112235	112444	13	209	5	93
27701	362	112252	112240	112450	12	210	6	93
27701	363	112246	112235	112442	11	207	6	93
27701	364	112253	112240	112450	13	210	7	93
27701	365	112248	112234	112445	14	211	6	93
27701	366	112248	112235	112446	13	211	6	93
27701	367	112255	112242	112454	13	212	7	93
27701	368	112244	112233	112443	11	210	5	93
27701	369	112253	112237	112451	16	214	7	93
27701	370	112246	112231	112443	15	212	7	93
27701	371	112251	112240	112449	11	209	6	93
27701	372	112249	112234	112448	15	214	6	93
27701	373	112246	112232	112445	14	213	7	93
27701	374	112253	112240	112449	13	209	6	93
27701	375	112245	112233	112442	12	209	6	93
27701	376	112254	112240	112453	14	213	6	93
27701	377	112246	112233	112443	13	210	6	93
27701	378	112245	112233	112444	12	211	6	93
27701	379	112252	112239	112451	13	212	6	93
27701	380	112247	112235	112448	12	213	6	94
27701	381	112253	112239	112449	14	210	6	93
27701	382	112245	112235	112444	10	209	6	93
27701	383	112245	112233	112443	12	210	6	93
27701	384	112254	112242	112454	12	212	5	93
27701	385	112245	112234	112445	11	211	6	93
27701	386	112252	112238	112448	14	210	6	93
27701	387	112247	112234	112445	13	211	6	93
27701	388	112250	112237	112449	13	212	6	93
27701	389	112250	112237	112447	13	210	6	93
27701	390	112245	112233	112442	12	209	6	93
27701	391	112255	112241	112455	14	214	7	93
27701	392	112248	112237	112444	11	207	6	93
27701	393	112251	112239	112450	12	211	8	93
27701	394	112247	112233	112445	14	212	6	93
27701	395	112247	112234	112447	13	213	6	93
27701	396	112252	112239	112449	13	210	7	93
27701	397	112246	112234	112443	12	209	6	93
27701	398	112252	112238	112450	14	212	6	93
27701	399	112247	112236	112445	11	209	5	93
27701	400	112247	112235	112443	12	208	5	93
27701	401	112253	112239	112451	14	212	6	93
27701	402	112249	112238	112447	11	209	6	93
27701	403	112252	112239	112453	13	214	6	93
27701	404	112246	112232	112445	14	213	7	93
27701	405	112252	112240	112449	12	209	6	93
27701	406	112247	112234	112444	13	210	6	93
27701	407	112246	112234	112445	12	211	7	93
27701	408	112252	112239	112449	13	210	6	93
27701	409	112246	112232	112444	14	212	6	93
27701	410	112254	112242	112454	12	212	6	93
27701	411	112247	112234	112445	13	211	6	93
27701	412	112252	112240	112454	12	214	6	94
27701	413	112246	112233	112444	13	211	6	93
27701	414	112249	112236	112447	13	211	6	93
27701	415	112253	112236	112451	17	215	6	93
27701	416	112252	112239	112449	13	210	6	93
27701	417	112251	112239	112451	12	212	6	93
27701	418	112248	112236	112445	12	209	5	93
27701	419	112252	112239	112449	13	210	7	93
27701	420	112246	112232	112442	14	210	6	93
27701	421	112246	112234	112445	12	211	6	93
27701	422	112252	112240	112448	12	208	6	93
27701	423	112245	112232	112445	13	213	7	93
27701	424	112252	112239	112449	13	210	6	93
27701	425	112248	112236	112446	12	210	6	93
27701	426	112251	112240	112449	11	209	6	93
27701	427	112246	112232	112445	14	213	7	93
27701	428	112246	112233	112445	13	212	6	93
27701	429	112258	112245	112455	13	210	6	93
27701	430	112245	112233	112445	12	212	7	93
27701	431	112487	112242	112678	245	436	8	95
27701	432	112246	112234	112445	12	211	6	93
27701	433	112253	112241	112450	12	209	5	93
27701	434	112245	112234	112444	11	210	5	93
27701	435	112251	112239	112450	12	211	6	93
27701	436	112248	112236	112443	12	207	6	93
27701	437	112248	112233	112446	15	213	6	93
27701	438	112252	112239	112451	13	212	7	93
27701	439	112245	112234	112442	11	208	5	93
27701	440	112254	112242	112451	12	209	5	93
27701	441	112246	112234	112445	12	211	6	93
27701	442	112252	112240	112451	12	211	6	93
27701	443	112246	112232	112444	14	212	6	93
27701	444	112255	112241	112454	14	213	6	93
27701	445	112247	112236	112445	11	209	6	93
27701	446	112245	112234	112444	11	210	5	93
27701	447	112252	112241	112451	11	210	5	93
27701	448	112249	112234	112448	15	214	7	93
27701	449	112251	112238	112448	13	210	7	93
27701	450	112247	112233	112446	14	213	7	93
27701	451	112251	112240	112447	11	207	6	93
27701	452	112247	112233	112445	14	212	7	93
27701	453	112253	112240	112453	13	213	6	93
27701	454	112246	112234	112443	12	209	6	93
27701	455	112249	112237	112448	12	211	6	93
27701	456	112249	112236	112447	13	211	6	93
27701	457	112245	112233	112442	12	209	6	93
27701	458	112252	112240	112449	12	209	6	93
27701	459	112247	112233	112446	14	213	7	93
27701	460	112255	112244	112452	11	208	5	93
27701	461	112246	112233	112443	13	210	6	93
27701	462	112251	112239	112449	12	210	7	93
27701	463	112247	112232	112446	15	214	6	93
27701	464	112253	112240	112452	13	212	6	93
27701	465	112245	112230	112444	15	214	6	93
27701	466	112249	112235	112447	14	212	6	93
27701	467	112257	112243	112456	14	213	6	93
27701	468	112245	112233	112443	12	210	7	93
27701	469	112252	112239	112449	13	210	7	93
27701	470	112246	112233	112444	13	211	6	93
27701	471	112254	112242	112451	12	209	5	93
27701	472	112246	112235	112445	11	210	5	93
27701	473	112251	112240	112450	11	210	7	93
27701	474	112247	112232	112444	15	212	6	93
27701	475	112251	112237	112450	14	213	6	93
27701	476	112246	112232	112446	14	214	6	94
27701	477	112251	112239	112448	12	209	6	93
27701	478	112247	112235	112447	12	212	6	93
27701	479	112252	112239	112450	13	211	6	93
27701	480	112247	112232	112446	15	214	6	93
27701	481	112253	112239	112450	14	211	6	93
27701	482	112248	112234	112445	14	211	7	93
27701	483	112251	112239	112449	12	210	6	93
27701	484	112243	112232	112443	11	211	6	93
27701	485	112252	112240	112451	12	211	6	93
27701	486	112246	112234	112444	12	210	6	93
27701	487	112252	112239	112450	13	211	6	93
27701	488	112245	112232	112444	13	212	6	93
27701	489	112252	112239	112449	13	210	6	93
27701	490	112246	112235	112443	11	208	5	93
27701	491	112252	112241	112449	11	208	5	93
27701	492	112245	112231	112442	14	211	6	93
27701	493	112254	112240	112453	14	213	6	93
27701	494	112245	112231	112440	14	209	7	93
27701	495	112251	112240	112449	11	209	6	93
27701	496	112247	112234	112445	13	211	6	93
27701	497	112250	112236	112447	14	211	6	93
27701	498	112252	112239	112450	13	211	6	93
27701	499	112248	112235	112446	13	211	6	93
27701	500	112252	112240	112449	12	209	6	93
27701	501	112247	112233	112447	14	214	6	93
27701	502	112255	112243	112452	12	209	6	93
27701	503	112246	112234	112444	12	210	5	93
27701	504	112252	112239	112449	13	210	7	93
27701	505	112247	112234	112446	13	212	6	93
27701	506	112248	112236	112445	12	209	6	93
27701	507	112252	112240	112449	12	209	6	93
27701	508	112245	112234	112448	11	214	6	94
27701	509	112252	112240	112450	12	210	7	93
27701	510	112246	112235	112444	11	209	6	93
27701	511	112252	112238	112450	14	212	6	93
27701	512	112248	112234	112444	14	210	6	93
27701	513	112252	112239	112451	13	212	6	93
27701	514	112249	112236	112445	13	209	6	93
27701	515	112245	112232	112445	13	213	6	93
27701	516	112254	112238	112453	16	215	7	93
27701	517	112245	112234	112442	11	208	7	93
27701	518	112252	112241	112448	11	207	6	93
27701	519	112247	112234	112445	13	211	6	93
27701	520	112248	112234	112445	14	211	6	93
27701	521	112245	112232	112444	13	212	6	93
27701	522	112253	112242	112450	11	208	5	93
27701	523	112247	112234	112445	13	211	6	93
27701	524	112250	112238	112449	12	211	5	93
27701	525	112253	112240	112451	13	211	6	93
27701	526	112249	112235	112449	14	214	7	93
27701	527	112248	112232	112446	16	214	7	93
27701	528	112247	112234	112445	13	211	6	93
27701	529	112253	112240	112450	13	210	6	93
27701	530	112247	112234	112445	13	211	6	93
27701	531	112248	112235	112443	13	208	6	93
27701	532	112252	112241	112450	11	209	6	93
27701	533	112248	112236	112445	12	209	6	93
27701	534	112246	112233	112444	13	211	6	93
27701	535	112249	112235	112449	14	214	7	93
27701	536	112253	112241	112450	12	209	6	93
27701	537	112247	112235	112447	12	212	6	93
27701	538	112248	112236	112447	12	211	6	93
27701	539	112249	112236	112449	13	213	6	93
27701	540	112247	112237	112445	10	208	5	93
27701	541	112248	112237	112446	11	209	6	93
27701	542	112248	112237	112446	11	209	6	93
27701	543	112254	112241	112452	13	211	6	93
27701	544	112251	112238	112449	13	211	6	93
27701	545	112248	112235	112446	13	211	7	93
27701	546	112249	112234	112446	15	212	6	93
27701	547	112248	112236	112446	12	210	5	93
27701	548	112249	112237	112447	12	210	7	93
27701	549	112247	112234	112446	13	212	6	93
27701	550	112256	112242	112455	14	213	6	93
27701	551	112248	112235	112445	13	210	7	93
27701	552	112247	112236	112446	11	210	6	93
27701	553	112247	112232	112447	15	215	7	93
27701	554	112249	112237	112447	12	210	6	93
27701	555	112253	112239	112451	14	212	6	93
27701	556	112253	112239	112451	14	212	8	93
27701	557	112247	112235	112444	12	209	6	93
27701	558	112249	112236	112448	13	212	6	93
27701	559	112375	112246	112378	129	132	6	94
27701	560	112248	112237	112446	11	209	6	93
27701	561	112250	112236	112448	14	212	6	93
27701	562	112253	112241	112450	12	209	6	93
27701	563	112246	112234	112443	12	209	6	93
27701	564	112246	112235	112444	11	209	6	93
27701	565	112248	112236	112448	12	212	6	93
27701	566	112249	112238	112446	11	208	5	93
27701	567	112252	112240	112451	12	211	6	93
27701	568	112247	112235	112447	12	212	7	93
27701	569	112254	112239	112450	15	211	6	93
27701	570	112248	112237	112445	11	208	5	93
27701	571	112252	112241	112450	11	209	6	93
27701	572	112247	112236	112448	11	212	7	93
27701	573	112248	112234	112446	14	212	6	93
27701	574	112246	112235	112446	11	211	6	93
27701	575	112253	112239	112451	14	212	6	93
27701	576	112250	112236	112447	14	211	7	93
27701	577	112246	112234	112445	12	211	6	93
27701	578	112258	112245	112457	13	212	6	93
27701	579	112248	112234	112446	14	212	6	93
27701	580	112249	112234	112446	15	212	6	93
27701	581	112254	112239	112451	15	212	6	93
27701	582	112245	112231	112443	14	212	6	93
27701	583	112246	112233	112444	13	211	6	93
27701	584	112254	112242	112449	12	207	5	93
27701	585	112247	112233	112445	14	212	6	93
27701	586	112250	112236	112448	14	212	6	93
27701	587	112250	112240	112448	10	208	5	93
27701	588	112248	112234	112446	14	212	6	93
27701	589	112258	112246	112456	12	210	5	93
27701	590	112247	112233	112443	14	210	6	93
27701	591	112247	112233	112445	14	212	6	93
27701	592	112254	112240	112453	14	213	7	93
27701	593	112246	112234	112443	12	209	6	93
27701	594	112249	112236	112446	13	210	6	93
27701	595	112252	112239	112453	13	214	6	93
27701	596	112249	112236	112447	13	211	6	93
27701	597	112252	112240	112450	12	210	7	93
27701	598	112248	112234	112446	14	212	6	93
27701	599	112248	112233	112447	15	214	8	93
27701	600	112252	112238	112450	14	212	6	93
27701	601	112249	112234	112443	15	209	6	93
27701	602	112242	112231	112441	11	210	7	93
27701	603	112251	112235	112449	16	214	6	93
27701	604	112250	112235	112447	15	212	6	93
27701	605	112250	112237	112448	13	211	6	93
27701	606	112243	112231	112441	12	210	6	93
27701	607	112252	112238	112450	14	212	6	93
27701	608	112252	112240	112449	12	209	6	93
27701	609	112248	112235	112447	13	212	6	93
27701	610	112249	112237	112446	12	209	6	93
27701	611	112246	112233	112443	13	210	6	93
27701	612	112249	112236	112446	13	210	7	93
27701	613	112253	112242	112451	11	209	6	93
27701	614	112251	112238	112450	13	212	6	93
27701	615	112247	112237	112445	10	208	5	93
27701	616	112246	112234	112443	12	209	6	93
27701	617	112250	112236	112448	14	212	6	93
27701	618	112251	112238	112448	13	210	6	93
27701	619	112249	112235	112445	14	210	6	93
27701	620	112242	112230	112441	12	211	6	93
27701	621	112250	112235	112448	15	213	6	93
27701	622	112252	112237	112448	15	211	6	93
27701	623	112246	112235	112443	11	208	5	93
27701	624	112248	112236	112446	12	210	6	93
27701	625	112249	112237	112449	12	212	7	93
27701	626	112253	112238	112451	15	213	6	93
27701	627	112242	112229	112441	13	212	6	93
27701	628	112250	112237	112448	13	211	6	93
27701	629	112254	112243	112453	11	210	7	93
27701	630	112251	112239	112448	12	209	6	93
27701	631	112247	112237	112446	10	209	5	93
27701	632	112249	112234	112447	15	213	6	93
27701	633	112253	112239	112452	14	213	6	93
27701	634	112248	112233	112446	15	213	6	93
27701	635	112249	112236	112447	13	211	6	93
27701	636	112247	112235	112445	12	210	6	93
27701	637	112249	112235	112449	14	214	7	93
27701	638	112246	112233	112443	13	210	6	93
27701	639	112252	112237	112450	15	213	7	93
27701	640	112252	112238	112449	14	211	6	93
27701	641	112250	112235	112447	15	212	7	93
27701	642	112248	112234	112447	14	213	6	93
27701	643	112249	112236	112446	13	210	6	93
27701	644	112249	112237	112448	12	211	6	93
27701	645	112251	112238	112449	13	211	5	93
27701	646	112248	112232	112448	16	216	8	93
27701	647	112248	112234	112447	14	213	6	93
27701	648	112249	112236	112449	13	213	6	93
27701	649	112253	112240	112450	13	210	6	93
27701	650	112248	112236	112446	12	210	6	93
27701	651	112249	112237	112448	12	211	6	93
27701	652	112251	112238	112447	13	209	5	93
27701	653	112249	112237	112446	12	209	6	93
27701	654	112249	112237	112447	12	210	7	93
27701	655	112253	112240	112450	13	210	6	93
27701	656	112251	112236	112447	15	211	6	93
27701	657	112249	112236	112447	13	211	6	93
27701	658	112248	112234	112446	14	212	6	93
27701	659	112248	112234	112445	14	211	6	93
27701	660	112250	112236	112450	14	214	6	93
27701	661	112248	112235	112447	13	212	6	93
27701	662	112248	112233	112446	15	213	8	93
27701	663	112248	112234	112446	14	212	6	93
27701	664	112249	112235	112449	14	214	6	93
27701	665	112248	112238	112448	10	210	5	93
27701	666	112250	112233	112448	17	215	6	93
27701	667	112252	112236	112450	16	214	6	93
27701	668	112249	112237	112449	12	212	7	93
27701	669	112249	112235	112445	14	210	6	93
27701	670	112250	112238	112446	12	208	5	93
27701	671	112251	112237	112450	14	213	7	93
27701	672	112251	112238	112449	13	211	6	93
27701	673	112245	112232	112444	13	212	7	93
27701	674	112247	112235	112447	12	212	6	93
27701	675	112251	112237	112450	14	213	6	93
27701	676	112249	112234	112446	15	212	6	93
27701	677	112248	112235	112447	13	212	6	93
27701	678	112249	112236	112446	13	210	6	93
27701	679	112250	112238	112449	12	211	5	93
27701	680	112249	112237	112448	12	211	6	93
27701	681	112242	112231	112440	11	209	6	93
27701	682	112249	112235	112444	14	209	6	93
27701	683	112250	112236	112449	14	213	6	93
27701	684	112244	112228	112442	16	214	6	93
27701	685	112250	112238	112449	12	211	6	93
27701	686	112253	112238	112451	15	213	6	93
27701	687	112363	112237	112561	126	324	8	94
27701	688	112249	112237	112448	12	211	6	93
27701	689	112250	112237	112449	13	212	7	93
27701	690	112245	112231	112439	14	208	6	93
27701	691	112249	112237	112446	12	209	6	93
27701	692	112255	112241	112453	14	212	8	93
27701	693	112244	112233	112442	11	209	6	93
27701	694	112253	112239	112450	14	211	6	93
27701	695	112251	112238	112450	13	212	7	93
27701	696	112249	112236	112448	13	212	6	93
27701	697	112249	112237	112449	12	212	7	93
27701	698	112246	112234	112444	12	210	6	93
27701	699	112251	112238	112448	13	210	5	93
27701	700	112250	112240	112448	10	208	5	93
27701	701	112246	112235	112445	11	210	6	93
27701	702	112252	112238	112449	14	211	6	93
27701	703	112245	112233	112442	12	209	6	93
27701	704	112254	112241	112453	13	212	6	93
27701	705	112249	112235	112447	14	212	8	93
27701	706	112252	112237	112449	15	212	7	93
27701	707	112245	112233	112443	12	210	6	93
27701	708	112252	112238	112450	14	212	6	93
27701	709	112247	112234	112444	13	210	6	93
27701	710	112257	112242	112453	15	211	7	93
27701	711	112246	112233	112444	13	211	6	93
27701	712	112252	112239	112451	13	212	7	93
27701	713	112249	112235	112447	14	212	6	93
27701	714	112245	112232	112445	13	213	6	93
27701	715	112252	112240	112451	12	211	6	93
27701	716	112246	112234	112443	12	209	6	93
27701	717	112253	112240	112451	13	211	6	93
27701	718	112251	112237	112450	14	213	8	93
27701	719	112253	112240	112452	13	212	7	93
27701	720	112247	112233	112444	14	211	6	93
27701	721	112252	112238	112451	14	213	7	93
27701	722	112245	112232	112443	13	211	6	93
27701	723	112252	112238	112451	14	213	7	93
27701	724	112248	112235	112447	13	212	6	93
27701	725	112254	112240	112451	14	211	7	93
27701	726	112250	112238	112451	12	213	7	93
27701	727	112246	112230	112444	16	214	6	93
27701	728	112254	112238	112452	16	214	6	93
27701	729	112254	112241	112452	13	211	6	93
27701	730	112246	112234	112445	12	211	7	93
27701	731	112246	112235	112446	11	211	6	93
27701	732	112256	112241	112453	15	212	8	93
27701	733	112249	112236	112449	13	213	7	93
27701	734	112247	112235	112445	12	210	5	93
27701	735	112252	112241	112449	11	208	5	93
27701	736	112251	112239	112448	12	209	6	93
27701	737	112247	112235	112447	12	212	7	93
27701	738	112247	112234	112447	13	213	7	93
27701	739	112255	112240	112453	15	213	7	93
27701	740	112247	112235	112444	12	209	6	93
27701	741	112247	112235	112445	12	210	6	93
27701	742	112246	112235	112443	11	208	7	93
27701	743	112255	112242	112454	13	212	6	93
27701	744	112247	112234	112445	13	211	6	93
27701	745	112246	112233	112444	13	211	6	93
27701	746	112247	112235	112446	12	211	6	93
27701	747	112255	112242	112451	13	209	5	93
27701	748	112247	112234	112447	13	213	6	93
27701	749	112247	112235	112444	12	209	6	93
27701	750	112246	112235	112446	11	211	6	93
27701	751	112254	112242	112451	12	209	5	93
27701	752	112248	112235	112445	13	210	6	93
27701	753	112246	112234	112445	12	211	6	93
27701	754	112247	112236	112447	11	211	6	93
27701	755	112253	112241	112451	12	210	6	93
27701	756	112247	112234	112445	13	211	6	93
27701	757	112247	112234	112444	13	210	6	93
27701	758	112248	112234	112445	14	211	6	93
27701	759	112251	112240	112450	11	210	5	93
27701	760	112246	112233	112443	13	210	6	93
27701	761	112250	112236	112447	14	211	7	93
27701	762	112252	112238	112450	14	212	7	93
27701	763	112246	112234	112444	12	210	6	93
27701	764	112247	112232	112442	15	210	6	93
27701	765	112247	112233	112446	14	213	7	93
27701	766	112250	112237	112450	13	213	7	93
27701	767	112249	112236	112448	13	212	7	93
27701	768	112251	112239	112448	12	209	6	93
27701	769	112247	112235	112445	12	210	6	93
27701	770	112249	112234	112448	15	214	6	93
27701	771	112248	112235	112448	13	213	7	93
27701	772	112250	112237	112449	13	212	7	93
27701	773	112254	112240	112451	14	211	6	93
27701	774	112244	112230	112442	14	212	6	93
27701	775	112248	112235	112447	13	212	6	93
27701	776	112248	112235	112444	13	209	6	93
27701	777	112250	112237	112449	13	212	6	93
27701	778	112249	112236	112446	13	210	6	93
27701	779	112249	112234	112448	15	214	7	93
27701	780	112249	112238	112446	11	208	5	93
27701	781	112248	112234	112447	14	213	6	93
27701	782	112252	112238	112449	14	211	6	93
27701	783	112245	112234	112443	11	209	6	93
27701	784	112251	112239	112449	12	210	5	93
27701	785	112251	112236	112447	15	211	6	93
27701	786	112248	112235	112448	13	213	7	93
27701	787	112249	112234	112446	15	212	7	93
27701	788	112243	112230	112439	13	209	6	93
27701	789	112248	112234	112446	14	212	6	93
27701	790	112249	112237	112447	12	210	7	93
27701	791	112249	112237	112447	12	210	5	93
27701	792	112253	112239	112451	14	212	6	93
27701	793	112253	112240	112451	13	211	6	93
27701	794	112247	112233	112446	14	213	7	93
27701	795	112247	112234	112444	13	210	6	93
27701	796	112249	112234	112449	15	215	7	93
27701	797	112251	112238	112451	13	213	6	93
27701	798	112245	112232	112444	13	212	6	93
27701	799	112246	112233	112446	13	213	7	93
27701	800	112258	112245	112457	13	212	6	93
27701	801	112248	112236	112447	12	211	6	93
27701	802	112253	112241	112450	12	209	6	93
27701	803	112252	112239	112452	13	213	8	93
27701	804	112247	112236	112445	11	209	5	93
27701	805	112252	112238	112452	14	214	7	93
27701	806	112247	112235	112445	12	210	5	93
27701	807	112249	112237	112446	12	209	6	93
27701	808	112253	112240	112450	13	210	7	93
27701	809	112245	112231	112444	14	213	6	93
27701	810	112254	112241	112451	13	210	6	93
27701	811	112248	112235	112447	13	212	6	93
27701	812	112250	112238	112450	12	212	7	93
27701	813	112251	112238	112450	13	212	6	93
27701	814	112243	112230	112442	13	212	6	93
27701	815	112370	112241	112566	129	325	7	94
27701	816	112249	112238	112447	11	209	6	93
27701	817	112247	112234	112445	13	211	6	93
27701	818	112251	112240	112450	11	210	5	93
27701	819	112246	112233	112445	13	212	6	93
27701	820	112252	112239	112450	13	211	6	93
27701	821	112250	112237	112449	13	212	6	93
27701	822	112245	112232	112443	13	211	6	93
27701	823	112253	112240	112450	13	210	6	93
27701	824	112243	112229	112441	14	212	7	93
27701	825	112251	112239	112451	12	212	7	93
27701	826	112254	112241	112454	13	213	7	93
27701	827	112243	112230	112442	13	212	6	93
27701	828	112251	112239	112448	12	209	6	93
27701	829	112251	112239	112448	12	209	6	93
27701	830	112246	112232	112442	14	210	7	93
27701	831	112250	112237	112449	13	212	6	93
27701	832	112248	112238	112446	10	208	5	93
27701	833	112250	112239	112450	11	211	6	93
27701	834	112253	112238	112451	15	213	6	93
27701	835	112244	112231	112442	13	211	8	93
27701	836	112251	112238	112449	13	211	6	93
27701	837	112254	112242	112452	12	210	5	93
27701	838	112246	112229	112442	17	213	6	93
27701	839	112251	112236	112451	15	215	7	93
27701	840	112251	112240	112449	11	209	6	93
27701	841	112245	112230	112444	15	214	7	93
27701	842	112250	112240	112448	10	208	5	93
27701	843	112250	112237	112449	13	212	6	93
27701	844	112245	112233	112444	12	211	6	93
27701	845	112252	112238	112450	14	212	6	93
27701	846	112248	112237	112446	11	209	6	93
27701	847	112247	112235	112445	12	210	6	93
27701	848	112250	112238	112449	12	211	6	93
27701	849	112245	112232	112442	13	210	7	93
27701	850	112251	112237	112448	14	211	6	93
27701	851	112250	112236	112448	14	212	6	93
27701	852	112243	112232	112442	11	210	7	93
27701	853	112252	112237	112448	15	211	6	93
27701	854	112251	112238	112450	13	212	7	93
27701	855	112244	112230	112442	14	212	7	93
27701	856	112250	112238	112448	12	210	6	93
27701	857	112246	112232	112443	14	211	7	93
27701	858	112250	112237	112447	13	210	6	93
27701	859	112251	112238	112448	13	210	6	93
27701	860	112246	112231	112444	15	213	6	93
27701	861	112250	112238	112448	12	210	7	93
27701	862	112250	112237	112447	13	210	6	93
27701	863	112243	112232	112440	11	208	5	93
27701	864	112255	112243	112453	12	210	6	93
27701	865	112251	112240	112449	11	209	5	93
27701	866	112243	112231	112442	12	211	6	93
27701	867	112249	112239	112446	10	207	6	93
27701	868	112250	112236	112449	14	213	6	93
27701	869	112247	112234	112444	13	210	6	93
27701	870	112251	112238	112449	13	211	6	93
27701	871	112244	112229	112442	15	213	6	93
27701	872	112252	112239	112449	13	210	6	93
27701	873	112250	112238	112447	12	209	6	93
27701	874	112244	112231	112441	13	210	6	93
27701	875	112250	112238	112447	12	209	6	93
27701	876	112251	112237	112448	14	211	6	93
27701	877	112244	112231	112442	13	211	6	93
27701	878	112250	112236	112448	14	212	7	93
27701	879	112249	112234	112448	15	214	6	93
27701	880	112248	112234	112444	14	210	6	93
27701	881	112249	112237	112449	12	212	6	93
27701	882	112243	112232	112442	11	210	5	93
27701	883	112252	112239	112448	13	209	7	93
27701	884	112249	112239	112449	10	210	5	93
27701	885	112244	112231	112443	13	212	6	93
27701	886	112249	112238	112448	11	210	5	93
27701	887	112252	112240	112450	12	210	6	93
27701	888	112245	112231	112443	14	212	6	93
27701	889	112250	112237	112447	13	210	6	93
27701	890	112244	112230	112443	14	213	6	93
27701	891	112252	112240	112450	12	210	6	93
27701	892	112251	112237	112448	14	211	7	93
27701	893	112243	112228	112441	15	213	6	93
27701	894	112252	112239	112450	13	211	6	93
27701	895	112251	112237	112449	14	212	6	93
27701	896	112254	112242	112452	12	210	7	93
27701	897	112251	112236	112449	15	213	6	93
27701	898	112245	112234	112446	11	212	6	93
27701	899	112251	112238	112449	13	211	6	93
27701	900	112245	112232	112444	13	212	6	93
27701	901	112252	112239	112450	13	211	6	93
27701	902	112254	112238	112452	16	214	6	93
27701	903	112243	112231	112442	12	211	6	93
27701	904	112252	112241	112449	11	208	5	93
27701	905	112245	112232	112445	13	213	7	93
27701	906	112254	112238	112452	16	214	6	93
27701	907	112251	112238	112448	13	210	6	93
27701	908	112246	112233	112443	13	210	6	93
27701	909	112250	112237	112449	13	212	6	93
27701	910	112246	112233	112445	13	212	6	93
27701	911	112251	112239	112448	12	209	6	93
27701	912	112245	112232	112443	13	211	6	93
27701	913	112251	112238	112448	13	210	6	93
27701	914	112246	112233	112442	13	209	6	93
27701	915	112252	112237	112450	15	213	6	93
27701	916	112246	112234	112443	12	209	6	93
27701	917	112255	112242	112453	13	211	5	93
27701	918	112253	112240	112452	13	212	6	93
27701	919	112249	112237	112447	12	210	6	93
27701	920	112251	112239	112447	12	208	5	93
27701	921	112247	112231	112445	16	214	6	93
27701	922	112252	112240	112451	12	211	6	93
27701	923	112246	112233	112445	13	212	6	93
27701	924	112251	112236	112447	15	211	6	93
27701	925	112250	112235	112447	15	212	6	93
27701	926	112252	112239	112450	13	211	6	93
27701	927	112245	112232	112444	13	212	6	93
27701	928	112254	112240	112453	14	213	7	93
27701	929	112249	112237	112448	12	211	7	93
27701	930	112252	112239	112449	13	210	6	93
27701	931	112247	112236	112444	11	208	5	93
27701	932	112245	112233	112441	12	208	6	93
27701	933	112254	112239	112452	15	213	6	93
27701	934	112245	112232	112443	13	211	6	93
27701	935	112247	112234	112444	13	210	6	93
27701	936	112254	112239	112453	15	214	7	93
27701	937	112246	112233	112445	13	212	6	93
27701	938	112248	112235	112449	13	214	7	93
27701	939	112253	112240	112451	13	211	6	93
27701	940	112248	112234	112445	14	211	6	93
27701	941	112250	112238	112447	12	209	6	93
27701	942	112251	112237	112448	14	211	6	93
27701	943	112363	112238	112561	125	323	7	94
27701	944	112255	112242	112452	13	210	6	93
27701	945	112246	112234	112444	12	210	5	93
27701	946	112246	112234	112445	12	211	6	93
27701	947	112253	112239	112449	14	210	6	93
27701	948	112248	112234	112446	14	212	7	93
27701	949	112248	112235	112445	13	210	6	93
27701	950	112248	112235	112447	13	212	6	93
27701	951	112248	112235	112446	13	211	6	93
27701	952	112249	112237	112446	12	209	6	93
27701	953	112248	112236	112447	12	211	6	93
27701	954	112248	112237	112446	11	209	6	93
27701	955	112250	112236	112446	14	210	6	93
27701	956	112248	112235	112445	13	210	6	93
27701	957	112248	112233	112448	15	215	8	93
27701	958	112248	112234	112446	14	212	6	93
27701	959	112255	112242	112454	13	212	6	93
27701	960	112255	112241	112453	14	212	6	93
27701	961	112251	112240	112450	11	210	7	93
27701	962	112252	112240	112451	12	211	6	93
27701	963	112250	112235	112448	15	213	6	93
27701	964	112247	112235	112446	12	211	6	93
27701	965	112247	112236	112445	11	209	6	93
27701	966	112249	112234	112447	15	213	6	93
27701	967	112248	112235	112449	13	214	6	93
27701	968	112248	112237	112445	11	208	5	93
27701	969	112248	112233	112446	15	213	7	93
27701	970	112250	112234	112447	16	213	7	93
27701	971	112248	112236	112445	12	209	6	93
27701	972	112247	112236	112445	11	209	6	93
27701	973	112249	112236	112446	13	210	6	93
27701	974	112255	112240	112453	15	213	7	93
27701	975	112254	112241	112452	13	211	6	93
27701	976	112248	112234	112446	14	212	6	93
27701	977	112247	112231	112443	16	212	6	93
27701	978	112250	112235	112447	15	212	6	93
27701	979	112248	112237	112446	11	209	6	93
27701	980	112248	112235	112446	13	211	7	93
27701	981	112248	112236	112447	12	211	6	93
27701	982	112255	112243	112454	12	211	5	93
27701	983	112247	112236	112446	11	210	5	93
27701	984	112248	112232	112445	16	213	6	93
27701	985	112249	112236	112447	13	211	6	93
27701	986	112280	112243	112479	37	236	10	104
27701	987	112248	112237	112446	11	209	6	93
27701	988	112248	112235	112446	13	211	6	93
27701	989	112252	112238	112448	14	210	6	93
27701	990	112253	112241	112452	12	211	6	93
27701	991	112247	112235	112446	12	211	6	93
27701	992	112251	112239	112448	12	209	6	93
27701	993	112250	112235	112448	15	213	6	93
27701	994	112247	112235	112446	12	211	7	93
27701	995	112254	112242	112452	12	210	7	93
27701	996	112251	112237	112448	14	211	7	93
27701	997	112249	112236	112448	13	212	6	93
27701	998	112248	112236	112445	12	209	6	93
27701	999	112250	112237	112448	13	211	6	93
27701	1000	112249	112235	112447	14	212	7	93
