RUNID	ITERNUM	METIME	PRTIME	TPRTIME	DIFF	TDIFF	NRPROCS	NPROCS
27581	1	48112	48105	48307	7	202	5	92
27581	2	48104	48098	48299	6	201	5	92
27581	3	48105	48101	48300	4	199	4	92
27581	4	48111	48105	48307	6	202	5	92
27581	5	48105	48100	48300	5	200	5	92
27581	6	48105	48100	48299	5	199	4	92
27581	7	48111	48105	48305	6	200	5	92
27581	8	48104	48098	48302	6	204	5	92
27581	9	48104	48096	48299	8	203	6	92
27581	10	48111	48106	48305	5	199	4	92
27581	11	48105	48100	48301	5	201	4	92
27581	12	48106	48101	48302	5	201	4	92
27581	13	48113	48106	48307	7	201	5	92
27581	14	48107	48102	48302	5	200	5	92
27581	15	48105	48100	48300	5	200	5	92
27581	16	48107	48100	48302	7	202	5	92
27581	17	48107	48101	48303	6	202	5	92
27581	18	48107	48103	48303	4	200	4	92
27581	19	48107	48101	48301	6	200	5	92
27581	20	48112	48106	48307	6	201	4	92
27581	21	48107	48101	48300	6	199	4	92
27581	22	48104	48099	48300	5	201	5	92
27581	23	48106	48102	48301	4	199	4	92
27581	24	48106	48100	48302	6	202	5	92
27581	25	48112	48107	48308	5	201	4	92
27581	26	48107	48101	48302	6	201	4	92
27581	27	48107	48100	48302	7	202	5	92
27581	28	48105	48098	48300	7	202	5	92
27581	29	48106	48101	48302	5	201	5	92
27581	30	48111	48104	48307	7	203	5	92
27581	31	48106	48099	48300	7	201	5	92
27581	32	48106	48102	48299	4	197	4	92
27581	33	48111	48106	48304	5	198	5	92
27581	34	48107	48101	48300	6	199	4	92
27581	35	48105	48101	48301	4	200	4	92
27581	36	48106	48102	48301	4	199	4	92
27581	37	48106	48100	48302	6	202	5	92
27581	38	48112	48107	48306	5	199	4	92
27581	39	48107	48102	48303	5	201	4	92
27581	40	48106	48101	48302	5	201	4	92
27581	41	48107	48102	48303	5	201	4	92
27581	42	48105	48099	48298	6	199	5	92
27581	43	48112	48104	48307	8	203	5	92
27581	44	48106	48100	48300	6	200	5	92
27581	45	48106	48100	48302	6	202	5	92
27581	46	48107	48101	48301	6	200	5	92
27581	47	48112	48105	48306	7	201	4	92
27581	48	48104	48096	48297	8	201	5	92
27581	49	48106	48100	48300	6	200	5	92
27581	50	48111	48107	48305	4	198	4	92
27581	51	48105	48100	48300	5	200	5	92
27581	52	48105	48098	48301	7	203	5	92
27581	53	48112	48106	48307	6	201	4	92
27581	54	48108	48101	48303	7	202	5	92
27581	55	48104	48098	48299	6	201	5	92
27581	56	48111	48104	48306	7	202	5	92
27581	57	48107	48101	48303	6	202	5	92
27581	58	48105	48099	48301	6	202	5	92
27581	59	48111	48105	48307	6	202	5	92
27581	60	48105	48100	48301	5	201	4	92
27581	61	48106	48101	48302	5	201	5	92
27581	62	48110	48104	48305	6	201	5	92
27581	63	48105	48099	48301	6	202	5	92
27581	64	48105	48101	48300	4	199	4	92
27581	65	48111	48106	48303	5	197	4	92
27581	66	48108	48101	48303	7	202	5	92
27581	67	48106	48100	48302	6	202	5	92
27581	68	48110	48105	48304	5	199	5	92
27581	69	48106	48102	48299	4	197	4	92
27581	70	48106	48100	48302	6	202	5	92
27581	71	48106	48100	48302	6	202	5	92
27581	72	48111	48106	48304	5	198	5	92
27581	73	48106	48101	48300	5	199	4	92
27581	74	48106	48101	48300	5	199	4	92
27581	75	48110	48105	48305	5	200	4	92
27581	76	48106	48100	48300	6	200	5	92
27581	77	48106	48100	48301	6	201	4	92
27581	78	48110	48106	48307	4	201	4	92
27581	79	48107	48101	48302	6	201	4	92
27581	80	48105	48101	48298	4	197	4	92
27581	81	48108	48104	48303	4	199	5	92
27581	82	48105	48099	48299	6	200	5	92
27581	83	48105	48099	48300	6	201	4	92
27581	84	48110	48105	48305	5	200	5	92
27581	85	48106	48100	48302	6	202	5	92
27581	86	48105	48099	48301	6	202	5	92
27581	87	48110	48105	48305	5	200	5	92
27581	88	48103	48098	48299	5	201	5	92
27581	89	48105	48100	48299	5	199	4	92
27581	90	48111	48105	48307	6	202	5	92
27581	91	48106	48099	48300	7	201	5	92
27581	92	48110	48105	48305	5	200	5	92
27581	93	48109	48102	48304	7	202	5	92
27581	94	48103	48099	48299	4	200	4	92
27581	95	48109	48104	48305	5	201	5	92
27581	96	48105	48100	48299	5	199	4	92
27581	97	48110	48104	48306	6	202	5	92
27581	98	48107	48102	48300	5	198	5	92
27581	99	48106	48099	48301	7	202	5	92
27581	100	48111	48106	48305	5	199	4	92
27581	101	48103	48099	48299	4	200	4	92
27581	102	48111	48104	48306	7	202	5	92
27581	103	48105	48098	48300	7	202	5	92
27581	104	48109	48104	48305	5	201	4	92
27581	105	48108	48102	48302	6	200	5	92
27581	106	48104	48100	48299	4	199	4	92
27581	107	48111	48104	48305	7	201	5	92
27581	108	48104	48098	48299	6	201	5	92
27581	109	48111	48106	48307	5	201	4	92
27581	110	48104	48098	48299	6	201	5	92
27581	111	48111	48106	48305	5	199	4	92
27581	112	48104	48100	48301	4	201	4	92
27581	113	48110	48106	48306	4	200	4	92
27581	114	48102	48098	48297	4	199	5	92
27581	115	48109	48103	48304	6	201	5	92
27581	116	48105	48098	48299	7	201	5	92
27581	117	48110	48105	48305	5	200	5	92
27581	118	48105	48100	48300	5	200	5	92
27581	119	48111	48105	48306	6	201	4	92
27581	120	48104	48099	48299	5	200	5	92
27581	121	48108	48105	48303	3	198	4	92
27581	122	48104	48100	48301	4	201	4	92
27581	123	48111	48105	48307	6	202	5	92
27581	124	48105	48098	48300	7	202	5	92
27581	125	48111	48105	48306	6	201	4	92
27581	126	48106	48098	48301	8	203	5	92
27581	127	48346	48106	48539	240	433	7	94
27581	128	48104	48099	48298	5	199	5	92
27581	129	48111	48103	48305	8	202	7	92
27581	130	48105	48101	48300	4	199	4	92
27581	131	48107	48102	48303	5	201	4	92
27581	132	48111	48106	48305	5	199	5	92
27581	133	48105	48101	48300	4	199	4	92
27581	134	48103	48097	48300	6	203	5	92
27581	135	48109	48104	48305	5	201	5	92
27581	136	48105	48098	48301	7	203	5	92
27581	137	48105	48100	48300	5	200	5	92
27581	138	48111	48106	48307	5	201	4	92
27581	139	48105	48098	48301	7	203	5	92
27581	140	48105	48100	48301	5	201	4	92
27581	141	48109	48104	48304	5	200	5	92
27581	142	48106	48100	48301	6	201	4	92
27581	143	48104	48099	48299	5	200	5	92
27581	144	48111	48105	48306	6	201	4	92
27581	145	48105	48100	48299	5	199	4	92
27581	146	48105	48099	48300	6	201	4	92
27581	147	48110	48106	48305	4	199	4	92
27581	148	48104	48099	48299	5	200	4	92
27581	149	48108	48102	48302	6	200	5	92
27581	150	48109	48104	48303	5	199	4	92
27581	151	48105	48099	48298	6	199	4	92
27581	152	48111	48105	48305	6	200	5	92
27581	153	48105	48100	48301	5	201	4	92
27581	154	48103	48097	48298	6	201	5	92
27581	155	48109	48104	48302	5	198	4	92
27581	156	48105	48100	48299	5	199	4	92
27581	157	48111	48105	48307	6	202	5	92
27581	158	48105	48099	48299	6	200	5	92
27581	159	48105	48099	48301	6	202	5	92
27581	160	48111	48106	48305	5	199	4	92
27581	161	48103	48098	48295	5	197	5	92
27581	162	48110	48103	48305	7	202	5	92
27581	163	48108	48103	48304	5	201	4	92
27581	164	48105	48097	48301	8	204	6	92
27581	165	48111	48106	48307	5	201	4	92
27581	166	48105	48099	48299	6	200	5	92
27581	167	48110	48103	48304	7	201	5	92
27581	168	48109	48104	48304	5	200	4	92
27581	169	48105	48099	48301	6	202	5	92
27581	170	48111	48105	48326	6	221	6	93
27581	171	48105	48099	48301	6	202	5	92
27581	172	48109	48105	48302	4	197	4	92
27581	173	48108	48102	48302	6	200	5	92
27581	174	48103	48099	48297	4	198	4	92
27581	175	48111	48105	48307	6	202	5	92
27581	176	48105	48100	48301	5	201	4	92
27581	177	48110	48106	48306	4	200	4	92
27581	178	48105	48099	48301	6	202	5	92
27581	179	48106	48101	48303	5	202	5	92
27581	180	48111	48105	48306	6	201	4	92
27581	181	48103	48098	48297	5	199	5	92
27581	182	48111	48106	48305	5	199	4	92
27581	183	48104	48100	48299	4	199	4	92
27581	184	48111	48106	48307	5	201	4	92
27581	185	48105	48099	48299	6	200	5	92
27581	186	48110	48106	48305	4	199	4	92
27581	187	48103	48098	48297	5	199	5	92
27581	188	48106	48102	48302	4	200	4	92
27581	189	48110	48104	48306	6	202	5	92
27581	190	48105	48098	48298	7	200	5	92
27581	191	48111	48105	48307	6	202	5	92
27581	192	48105	48098	48301	7	203	5	92
27581	193	48110	48105	48304	5	199	4	92
27581	194	48103	48097	48297	6	200	5	92
27581	195	48110	48106	48305	4	199	4	92
27581	196	48104	48099	48300	5	201	4	92
27581	197	48111	48106	48307	5	201	4	92
27581	198	48105	48099	48299	6	200	5	92
27581	199	48111	48105	48306	6	201	4	92
27581	200	48105	48098	48300	7	202	5	92
27581	201	48110	48105	48305	5	200	4	92
27581	202	48105	48099	48300	6	201	4	92
27581	203	48107	48101	48303	6	202	5	92
27581	204	48111	48105	48305	6	200	5	92
27581	205	48106	48099	48301	7	202	5	92
27581	206	48106	48099	48301	7	202	5	92
27581	207	48109	48105	48303	4	198	4	92
27581	208	48103	48098	48299	5	201	5	92
27581	209	48106	48100	48301	6	201	4	92
27581	210	48112	48105	48307	7	202	5	92
27581	211	48105	48099	48301	6	202	5	92
27581	212	48105	48100	48299	5	199	4	92
27581	213	48111	48104	48307	7	203	6	92
27581	214	48103	48099	48298	4	199	5	92
27581	215	48106	48100	48301	6	201	4	92
27581	216	48111	48106	48305	5	199	4	92
27581	217	48105	48099	48301	6	202	5	92
27581	218	48107	48102	48303	5	201	4	92
27581	219	48110	48105	48306	5	201	4	92
27581	220	48105	48099	48301	6	202	5	92
27581	221	48109	48104	48303	5	199	5	92
27581	222	48105	48100	48300	5	200	5	92
27581	223	48105	48098	48299	7	201	5	92
27581	224	48111	48107	48306	4	199	4	92
27581	225	48106	48101	48302	5	201	4	92
27581	226	48105	48100	48300	5	200	5	92
27581	227	48105	48101	48299	4	198	4	92
27581	228	48109	48104	48303	5	199	5	92
27581	229	48106	48100	48299	6	199	4	92
27581	230	48106	48100	48301	6	201	4	92
27581	231	48111	48106	48306	5	200	5	92
27581	232	48106	48099	48301	7	202	5	92
27581	233	48106	48099	48301	7	202	5	92
27581	234	48110	48105	48305	5	200	4	92
27581	235	48106	48100	48301	6	201	4	92
27581	236	48106	48100	48300	6	200	5	92
27581	237	48112	48106	48307	6	201	5	92
27581	238	48105	48100	48300	5	200	5	92
27581	239	48106	48099	48311	7	212	7	93
27581	240	48111	48106	48307	5	201	4	92
27581	241	48104	48099	48299	5	200	5	92
27581	242	48106	48099	48301	7	202	5	92
27581	243	48111	48105	48305	6	200	5	92
27581	244	48105	48100	48301	5	201	4	92
27581	245	48105	48099	48301	6	202	5	92
27581	246	48111	48105	48305	6	200	5	92
27581	247	48103	48099	48299	4	200	4	92
27581	248	48103	48097	48299	6	202	5	92
27581	249	48111	48105	48307	6	202	5	92
27581	250	48106	48100	48300	6	200	5	92
27581	251	48106	48099	48301	7	202	5	92
27581	252	48112	48106	48307	6	201	4	92
27581	253	48105	48100	48301	5	201	4	92
27581	254	48103	48098	48299	5	201	5	92
27581	255	48111	48105	48306	6	201	4	92
27581	256	48106	48098	48301	8	203	5	92
27581	257	48111	48105	48305	6	200	5	92
27581	258	48106	48100	48300	6	200	5	92
27581	259	48105	48099	48299	6	200	5	92
27581	260	48111	48105	48305	6	200	5	92
27581	261	48103	48098	48297	5	199	5	92
27581	262	48105	48100	48299	5	199	4	92
27581	263	48111	48104	48306	7	202	5	92
27581	264	48105	48099	48299	6	200	5	92
27581	265	48110	48105	48307	5	202	5	92
27581	266	48105	48100	48300	5	200	5	92
27581	267	48106	48100	48301	6	201	5	92
27581	268	48105	48102	48303	3	201	4	92
27581	269	48107	48102	48300	5	198	5	92
27581	270	48107	48103	48300	4	197	4	92
27581	271	48107	48101	48302	6	201	4	92
27581	272	48108	48103	48302	5	199	4	92
27581	273	48108	48102	48312	6	210	6	93
27581	274	48105	48101	48301	4	200	4	92
27581	275	48107	48102	48303	5	201	4	92
27581	276	48107	48101	48303	6	202	5	92
27581	277	48107	48100	48301	7	201	5	92
27581	278	48111	48107	48306	4	199	4	92
27581	279	48109	48104	48304	5	200	5	92
27581	280	48107	48102	48303	5	201	4	92
27581	281	48105	48100	48301	5	201	5	92
27581	282	48107	48102	48303	5	201	4	92
27581	283	48108	48100	48303	8	203	5	92
27581	284	48107	48102	48301	5	199	4	92
27581	285	48108	48102	48303	6	201	4	92
27581	286	48107	48101	48303	6	202	5	92
27581	287	48105	48100	48301	5	201	5	92
27581	288	48105	48100	48299	5	199	5	92
27581	289	48113	48108	48307	5	199	4	92
27581	290	48109	48102	48304	7	202	5	92
27581	291	48107	48100	48299	7	199	5	92
27581	292	48107	48102	48301	5	199	4	92
27581	293	48108	48103	48304	5	201	4	92
27581	294	48105	48099	48299	6	200	5	92
27581	295	48107	48102	48303	5	201	4	92
27581	296	48107	48101	48303	6	202	5	92
27581	297	48110	48105	48306	5	201	4	92
27581	298	48110	48105	48304	5	199	4	92
27581	299	48107	48100	48301	7	201	5	92
27581	300	48107	48102	48303	5	201	4	92
27581	301	48105	48100	48301	5	201	5	92
27581	302	48107	48101	48303	6	202	5	92
27581	303	48106	48102	48301	4	199	4	92
27581	304	48111	48104	48306	7	202	5	92
27581	305	48110	48105	48306	5	201	4	92
27581	306	48106	48101	48302	5	201	4	92
27581	307	48105	48099	48300	6	201	5	92
27581	308	48106	48101	48301	5	200	4	92
27581	309	48107	48102	48302	5	200	4	92
27581	310	48107	48101	48303	6	202	5	92
27581	311	48112	48106	48308	6	202	5	92
27581	312	48106	48101	48300	5	199	4	92
27581	313	48106	48101	48301	5	200	5	92
27581	314	48105	48099	48300	6	201	5	92
27581	315	48109	48104	48305	5	201	4	92
27581	316	48109	48105	48304	4	199	4	92
27581	317	48112	48106	48308	6	202	5	92
27581	318	48106	48102	48303	4	201	4	92
27581	319	48106	48102	48301	4	199	4	92
27581	320	48106	48101	48301	5	200	5	92
27581	321	48104	48101	48299	3	198	4	92
27581	322	48107	48102	48301	5	199	4	92
27581	323	48113	48106	48308	7	202	5	92
27581	324	48107	48101	48300	6	199	4	92
27581	325	48107	48102	48302	5	200	5	92
27581	326	48107	48101	48302	6	201	4	92
27581	327	48105	48100	48298	5	198	4	92
27581	328	48110	48105	48304	5	199	5	92
27581	329	48108	48100	48303	8	203	6	92
27581	330	48107	48099	48302	8	203	5	92
27581	331	48107	48101	48302	6	201	4	92
27581	332	48106	48099	48300	7	201	6	92
27581	333	48111	48107	48306	4	199	4	92
27581	334	48106	48102	48302	4	200	4	92
27581	335	48107	48101	48302	6	201	4	92
27581	336	48107	48101	48303	6	202	5	92
27581	337	48106	48100	48302	6	202	5	92
27581	338	48112	48107	48306	5	199	4	92
27581	339	48106	48101	48301	5	200	5	92
27581	340	48105	48099	48303	6	204	5	92
27581	341	48105	48100	48299	5	199	5	92
27581	342	48107	48101	48313	6	212	6	93
27581	343	48112	48106	48308	6	202	5	92
27581	344	48106	48100	48300	6	200	5	92
27581	345	48107	48100	48303	7	203	5	92
27581	346	48106	48102	48301	4	199	4	92
27581	347	48108	48105	48302	3	197	4	92
27581	348	48110	48105	48306	5	201	4	92
27581	349	48107	48102	48301	5	199	4	92
27581	350	48106	48101	48300	5	199	4	92
27581	351	48107	48101	48302	6	201	4	92
27581	352	48112	48105	48307	7	202	5	92
27581	353	48107	48100	48302	7	202	5	92
27581	354	48104	48100	48300	4	200	4	92
27581	355	48107	48101	48302	6	201	4	92
27581	356	48112	48106	48308	6	202	5	92
27581	357	48106	48100	48302	6	202	5	92
27581	358	48107	48101	48302	6	201	4	92
27581	359	48110	48103	48305	7	202	5	92
27581	360	48108	48104	48304	4	200	4	92
27581	361	48104	48100	48300	4	200	4	92
27581	362	48106	48100	48300	6	200	5	92
27581	363	48112	48107	48306	5	199	4	92
27581	364	48106	48100	48302	6	202	5	92
27581	365	48106	48102	48301	4	199	4	92
27581	366	48106	48102	48299	4	197	4	92
27581	367	48109	48106	48306	3	200	4	92
27581	368	48106	48101	48300	5	199	4	92
27581	369	48106	48100	48302	6	202	5	92
27581	370	48106	48100	48302	6	202	5	92
27581	371	48112	48106	48308	6	202	5	92
27581	372	48105	48099	48299	6	200	5	92
27581	373	48110	48106	48305	4	199	4	92
27581	374	48102	48098	48298	4	200	4	92
27581	375	48110	48105	48304	5	199	4	92
27581	376	48104	48098	48300	6	202	5	92
27581	377	48111	48104	48304	7	200	5	92
27581	378	48104	48100	48299	4	199	4	92
27581	379	48110	48105	48305	5	200	5	92
27581	380	48103	48098	48297	5	199	5	92
27581	381	48110	48105	48304	5	199	4	92
27581	382	48105	48100	48301	5	201	4	92
27581	383	48111	48105	48306	6	201	4	92
27581	384	48105	48100	48299	5	199	4	92
27581	385	48111	48104	48305	7	201	5	92
27581	386	48104	48100	48301	4	201	4	92
27581	387	48109	48104	48305	5	201	5	92
27581	388	48105	48099	48301	6	202	5	92
27581	389	48111	48104	48305	7	201	5	92
27581	390	48106	48101	48301	5	200	5	92
27581	391	48111	48105	48307	6	202	5	92
27581	392	48105	48099	48301	6	202	5	92
27581	393	48108	48103	48304	5	201	5	92
27581	394	48107	48102	48301	5	199	5	92
27581	395	48103	48096	48298	7	202	5	92
27581	396	48109	48104	48303	5	199	4	92
27581	397	48109	48102	48305	7	203	6	92
27581	398	48110	48104	48305	6	201	4	92
27581	399	48102	48096	48297	6	201	5	92
27581	400	48108	48102	48303	6	201	5	92
27581	401	48109	48105	48306	4	201	4	92
27581	402	48103	48097	48296	6	199	4	92
27581	403	48110	48104	48303	6	199	4	92
27581	404	48110	48105	48304	5	199	4	92
27581	405	48107	48099	48302	8	203	5	92
27581	406	48108	48102	48303	6	201	4	92
27581	407	48107	48103	48299	4	196	4	92
27581	408	48110	48104	48304	6	200	5	92
27581	409	48103	48098	48298	5	200	5	92
27581	410	48110	48105	48306	5	201	4	92
27581	411	48110	48104	48314	6	210	7	93
27581	412	48103	48097	48297	6	200	5	92
27581	413	48108	48103	48302	5	199	5	92
27581	414	48108	48103	48302	5	199	5	92
27581	415	48103	48099	48298	4	199	4	92
27581	416	48110	48103	48306	7	203	5	92
27581	417	48109	48103	48303	6	200	5	92
27581	418	48106	48100	48300	6	200	5	92
27581	419	48110	48105	48306	5	201	4	92
27581	420	48101	48097	48295	4	198	5	92
27581	421	48111	48104	48307	7	203	5	92
27581	422	48110	48104	48306	6	202	5	92
27581	423	48104	48097	48299	7	202	5	92
27581	424	48229	48108	48423	121	315	6	93
27581	425	48110	48105	48304	5	199	4	92
27581	426	48104	48097	48300	7	203	5	92
27581	427	48108	48104	48302	4	198	4	92
27581	428	48104	48098	48300	6	202	5	92
27581	429	48110	48105	48306	5	201	4	92
27581	430	48111	48105	48306	6	201	4	92
27581	431	48104	48098	48297	6	199	4	92
27581	432	48111	48105	48306	6	201	4	92
27581	433	48101	48097	48298	4	201	5	92
27581	434	48108	48103	48304	5	201	5	92
27581	435	48111	48105	48306	6	201	4	92
27581	436	48107	48101	48303	6	202	5	92
27581	437	48107	48103	48302	4	199	4	92
27581	438	48108	48102	48303	6	201	4	92
27581	439	48108	48101	48303	7	202	5	92
27581	440	48106	48100	48300	6	200	5	92
27581	441	48107	48103	48302	4	199	4	92
27581	442	48108	48102	48303	6	201	4	92
27581	443	48108	48100	48303	8	203	5	92
27581	444	48108	48102	48301	6	199	4	92
27581	445	48109	48103	48312	6	209	6	93
27581	446	48107	48103	48302	4	199	4	92
27581	447	48106	48101	48302	5	201	5	92
27581	448	48108	48101	48301	7	200	5	92
27581	449	48108	48101	48303	7	202	5	92
27581	450	48108	48103	48302	5	199	4	92
27581	451	48108	48103	48302	5	199	4	92
27581	452	48108	48102	48303	6	201	4	92
27581	453	48106	48101	48300	5	199	5	92
27581	454	48108	48102	48301	6	199	4	92
27581	455	48107	48103	48302	4	199	4	92
27581	456	48108	48102	48304	6	202	5	92
27581	457	48106	48099	48302	7	203	5	92
27581	458	48106	48100	48302	6	202	5	92
27581	459	48108	48103	48302	5	199	4	92
27581	460	48112	48107	48308	5	201	5	92
27581	461	48106	48100	48299	6	199	5	92
27581	462	48106	48100	48300	6	200	5	92
27581	463	48107	48100	48302	7	202	5	92
27581	464	48109	48105	48304	4	199	4	92
27581	465	48106	48101	48302	5	201	4	92
27581	466	48105	48099	48300	6	201	5	92
27581	467	48112	48105	48307	7	202	5	92
27581	468	48109	48103	48305	6	202	5	92
27581	469	48107	48101	48302	6	201	4	92
27581	470	48107	48101	48303	6	202	5	92
27581	471	48107	48101	48301	6	200	5	92
27581	472	48107	48100	48302	7	202	5	92
27581	473	48105	48100	48301	5	201	5	92
27581	474	48107	48102	48303	5	201	4	92
27581	475	48107	48102	48301	5	199	4	92
27581	476	48108	48101	48303	7	202	5	92
27581	477	48107	48102	48303	5	201	4	92
27581	478	48108	48102	48304	6	202	5	92
27581	479	48114	48107	48309	7	202	5	92
27581	480	48104	48100	48297	4	197	5	92
27581	481	48107	48099	48302	8	203	5	92
27581	482	48106	48100	48300	6	200	5	92
27581	483	48106	48101	48300	5	199	4	92
27581	484	48107	48102	48303	5	201	4	92
27581	485	48107	48101	48302	6	201	4	92
27581	486	48104	48099	48299	5	200	5	92
27581	487	48113	48108	48307	5	199	5	92
27581	488	48107	48102	48303	5	201	4	92
27581	489	48107	48102	48303	5	201	4	92
27581	490	48107	48101	48303	6	202	5	92
27581	491	48107	48100	48300	7	200	5	92
27581	492	48107	48102	48303	5	201	4	92
27581	493	48106	48101	48300	5	199	5	92
27581	494	48107	48101	48302	6	201	4	92
27581	495	48107	48101	48303	6	202	5	92
27581	496	48106	48102	48301	4	199	4	92
27581	497	48108	48102	48303	6	201	4	92
27581	498	48107	48103	48302	4	199	4	92
27581	499	48108	48101	48303	7	202	5	92
27581	500	48105	48101	48300	4	199	5	92
27581	501	48108	48102	48303	6	201	4	92
27581	502	48107	48103	48302	4	199	4	92
27581	503	48108	48102	48303	6	201	4	92
27581	504	48108	48101	48303	7	202	5	92
27581	505	48108	48103	48302	5	199	4	92
27581	506	48105	48100	48300	5	200	5	92
27581	507	48106	48101	48302	5	201	4	92
27581	508	48108	48103	48302	5	199	4	92
27581	509	48108	48101	48301	7	200	5	92
27581	510	48108	48102	48304	6	202	5	92
27581	511	48109	48101	48304	8	203	5	92
27581	512	48108	48102	48301	6	199	4	92
27581	513	48106	48102	48301	4	199	5	92
27581	514	48107	48103	48302	4	199	4	92
27581	515	48108	48103	48302	5	199	4	92
27581	516	48108	48101	48303	7	202	5	92
27581	517	48108	48102	48304	6	202	5	92
27581	518	48108	48102	48303	6	201	5	92
27581	519	48106	48101	48303	5	202	5	92
27581	520	48107	48100	48302	7	202	5	92
27581	521	48107	48102	48303	5	201	4	92
27581	522	48107	48100	48302	7	202	5	92
27581	523	48107	48101	48301	6	200	5	92
27581	524	48109	48104	48305	5	201	4	92
27581	525	48114	48108	48308	6	200	5	92
27581	526	48105	48099	48298	6	199	5	92
27581	527	48107	48101	48302	6	201	4	92
27581	528	48107	48102	48303	5	201	4	92
27581	529	48107	48102	48301	5	199	4	92
27581	530	48108	48100	48303	8	203	6	92
27581	531	48107	48101	48301	6	200	5	92
27581	532	48107	48102	48302	5	200	4	92
27581	533	48106	48101	48301	5	200	4	92
27581	534	48107	48103	48300	4	197	4	92
27581	535	48107	48101	48299	6	198	5	92
27581	536	48107	48102	48303	5	201	4	92
27581	537	48107	48102	48302	5	200	5	92
27581	538	48109	48101	48304	8	203	5	92
27581	539	48106	48101	48301	5	200	4	92
27581	540	48105	48102	48298	3	196	4	92
27581	541	48108	48103	48304	5	201	4	92
27581	542	48108	48102	48302	6	200	5	92
27581	543	48108	48101	48303	7	202	5	92
27581	544	48108	48103	48302	5	199	4	92
27581	545	48108	48101	48303	7	202	5	92
27581	546	48106	48102	48302	4	200	4	92
27581	547	48107	48102	48302	5	200	5	92
27581	548	48108	48102	48318	6	216	7	93
27581	549	48108	48103	48304	5	201	4	92
27581	550	48108	48103	48302	5	199	4	92
27581	551	48108	48100	48303	8	203	5	92
27581	552	48108	48101	48301	7	200	5	92
27581	553	48107	48102	48302	5	200	4	92
27581	554	48108	48103	48304	5	201	4	92
27581	555	48108	48102	48303	6	201	4	92
27581	556	48108	48101	48302	7	201	5	92
27581	557	48109	48101	48304	8	203	5	92
27581	558	48108	48102	48303	6	201	4	92
27581	559	48105	48101	48301	4	200	4	92
27581	560	48104	48098	48297	6	199	4	92
27581	561	48108	48101	48303	7	202	5	92
27581	562	48109	48102	48304	7	202	5	92
27581	563	48108	48102	48300	6	198	5	92
27581	564	48112	48106	48307	6	201	4	92
27581	565	48108	48102	48304	6	202	5	92
27581	566	48106	48102	48301	4	199	5	92
27581	567	48109	48103	48304	6	201	4	92
27581	568	48109	48103	48304	6	201	4	92
27581	569	48108	48100	48304	8	204	5	92
27581	570	48102	48096	48298	6	202	5	92
27581	571	48109	48102	48304	7	202	5	92
27581	572	48111	48104	48306	7	202	6	92
27581	573	48108	48101	48303	7	202	6	92
27581	574	48108	48103	48301	5	198	5	92
27581	575	48113	48105	48308	8	203	5	92
27581	576	48112	48104	48308	8	204	6	92
27581	577	48108	48103	48303	5	200	5	92
27581	578	48104	48098	48299	6	201	4	92
27581	579	48106	48101	48302	5	201	5	92
27581	580	48109	48102	48304	7	202	5	92
27581	581	48109	48103	48304	6	201	4	92
27581	582	48108	48104	48303	4	199	4	92
27581	583	48109	48103	48304	6	201	4	92
27581	584	48108	48101	48303	7	202	5	92
27581	585	48103	48097	48299	6	202	5	92
27581	586	48107	48103	48301	4	198	4	92
27581	587	48109	48103	48302	6	199	4	92
27581	588	48109	48102	48303	7	201	6	92
27581	589	48108	48102	48304	6	202	5	92
27581	590	48109	48103	48304	6	201	4	92
27581	591	48107	48100	48301	7	201	5	92
27581	592	48102	48097	48298	5	201	5	92
27581	593	48107	48102	48303	5	201	5	92
27581	594	48109	48103	48303	6	200	5	92
27581	595	48108	48103	48303	5	200	5	92
27581	596	48109	48103	48303	6	200	5	92
27581	597	48102	48096	48295	6	199	4	92
27581	598	48109	48102	48303	7	201	5	92
27581	599	48107	48101	48302	6	201	5	92
27581	600	48108	48103	48304	5	201	4	92
27581	601	48108	48102	48304	6	202	5	92
27581	602	48102	48095	48297	7	202	5	92
27581	603	48108	48102	48304	6	202	5	92
27581	604	48109	48104	48305	5	201	4	92
27581	605	48109	48102	48304	7	202	5	92
27581	606	48102	48095	48296	7	201	6	92
27581	607	48108	48103	48302	5	199	4	92
27581	608	48109	48103	48304	6	201	4	92
27581	609	48109	48103	48303	6	200	5	92
27581	610	48109	48102	48304	7	202	5	92
27581	611	48103	48096	48298	7	202	5	92
27581	612	48110	48104	48305	6	201	5	92
27581	613	48106	48101	48299	5	198	6	92
27581	614	48109	48104	48305	5	201	4	92
27581	615	48102	48096	48296	6	200	5	92
27581	616	48109	48103	48303	6	200	5	92
27581	617	48109	48103	48303	6	200	5	92
27581	618	48108	48103	48302	5	199	5	92
27581	619	48105	48098	48299	7	201	6	92
27581	620	48105	48101	48300	4	199	4	92
27581	621	48109	48105	48304	4	199	4	92
27581	622	48109	48103	48303	6	200	5	92
27581	623	48109	48103	48305	6	202	5	92
27581	624	48102	48097	48294	5	197	4	92
27581	625	48109	48104	48303	5	199	4	92
27581	626	48107	48101	48302	6	201	5	92
27581	627	48109	48103	48303	6	200	5	92
27581	628	48102	48096	48295	6	199	4	92
27581	629	48110	48105	48304	5	199	4	92
27581	630	48109	48103	48303	6	200	5	92
27581	631	48108	48104	48303	4	199	4	92
27581	632	48100	48095	48295	5	200	5	92
27581	633	48109	48102	48302	7	200	5	92
27581	634	48109	48103	48304	6	201	4	92
27581	635	48109	48103	48303	6	200	5	92
27581	636	48103	48095	48297	8	202	5	92
27581	637	48109	48103	48304	6	201	5	92
27581	638	48108	48102	48303	6	201	5	92
27581	639	48107	48103	48303	4	200	4	92
27581	640	48102	48096	48297	6	201	4	92
27581	641	48109	48102	48304	7	202	5	92
27581	642	48109	48103	48303	6	200	5	92
27581	643	48108	48104	48303	4	199	4	92
27581	644	48102	48095	48297	7	202	5	92
27581	645	48109	48103	48303	6	200	5	92
27581	646	48107	48102	48300	5	198	6	92
27581	647	48110	48104	48305	6	201	4	92
27581	648	48103	48099	48298	4	199	4	92
27581	649	48110	48104	48305	6	201	4	92
27581	650	48108	48102	48302	6	200	5	92
27581	651	48105	48099	48301	6	202	5	92
27581	652	48106	48099	48301	7	202	5	92
27581	653	48108	48103	48303	5	200	5	92
27581	654	48109	48104	48305	5	201	4	92
27581	655	48101	48097	48298	4	201	4	92
27581	656	48108	48103	48303	5	200	5	92
27581	657	48109	48103	48305	6	202	5	92
27581	658	48108	48102	48303	6	201	4	92
27581	659	48105	48100	48301	5	201	5	92
27581	660	48109	48104	48306	5	202	5	92
27581	661	48104	48098	48298	6	200	5	92
27581	662	48109	48103	48304	6	201	5	92
27581	663	48110	48104	48304	6	200	5	92
27581	664	48103	48099	48298	4	199	4	92
27581	665	48108	48104	48307	4	203	4	92
27581	666	48109	48105	48303	4	198	4	92
27581	667	48103	48099	48299	4	200	4	92
27581	668	48109	48104	48306	5	202	5	92
27581	669	48110	48104	48304	6	200	5	92
27581	670	48103	48097	48299	6	202	5	92
27581	671	48110	48104	48306	6	202	5	92
27581	672	48108	48104	48304	4	200	4	92
27581	673	48103	48099	48296	4	197	4	92
27581	674	48110	48103	48305	7	202	5	92
27581	675	48109	48105	48304	4	199	4	92
27581	676	48103	48098	48298	5	200	5	92
27581	677	48110	48104	48304	6	200	5	92
27581	678	48107	48102	48301	5	199	5	92
27581	679	48107	48103	48303	4	200	4	92
27581	680	48110	48106	48305	4	199	4	92
27581	681	48104	48097	48297	7	200	5	92
27581	682	48111	48104	48306	7	202	5	92
27581	683	48104	48098	48298	6	200	5	92
27581	684	48110	48104	48306	6	202	5	92
27581	685	48106	48101	48302	5	201	5	92
27581	686	48106	48102	48299	4	197	5	92
27581	687	48112	48107	48308	5	201	4	92
27581	688	48104	48097	48299	7	202	5	92
27581	689	48111	48104	48306	7	202	5	92
27581	690	48104	48098	48299	6	201	4	92
27581	691	48110	48104	48304	6	200	5	92
27581	692	48108	48103	48302	5	199	5	92
27581	693	48104	48098	48299	6	201	4	92
27581	694	48110	48104	48306	6	202	5	92
27581	695	48104	48098	48299	6	201	4	92
27581	696	48109	48103	48304	6	201	5	92
27581	697	48107	48099	48302	8	203	5	92
27581	698	48109	48102	48304	7	202	5	92
27581	699	48108	48104	48304	4	200	4	92
27581	700	48103	48099	48298	4	199	4	92
27581	701	48110	48105	48306	5	201	4	92
27581	702	48104	48099	48300	5	201	4	92
27581	703	48110	48103	48305	7	202	5	92
27581	704	48110	48103	48305	7	202	5	92
27581	705	48102	48098	48294	4	196	4	92
27581	706	48110	48104	48304	6	200	5	92
27581	707	48104	48098	48299	6	201	4	92
27581	708	48110	48105	48304	5	199	4	92
27581	709	48110	48102	48305	8	203	5	92
27581	710	48104	48098	48299	6	201	4	92
27581	711	48110	48105	48304	5	199	4	92
27581	712	48102	48097	48297	5	200	4	92
27581	713	48110	48104	48305	6	201	4	92
27581	714	48112	48105	48306	7	201	5	92
27581	715	48104	48098	48299	6	201	4	92
27581	716	48110	48106	48305	4	199	4	92
27581	717	48103	48099	48298	4	199	4	92
27581	718	48108	48103	48304	5	201	5	92
27581	719	48108	48104	48304	4	200	4	92
27581	720	48104	48099	48298	5	199	4	92
27581	721	48229	48107	48423	122	316	6	93
27581	722	48105	48100	48301	5	201	4	92
27581	723	48111	48104	48306	7	202	5	92
27581	724	48105	48099	48299	6	200	5	92
27581	725	48105	48099	48300	6	201	5	92
27581	726	48110	48104	48306	6	202	5	92
27581	727	48104	48100	48297	4	197	4	92
27581	728	48110	48106	48305	4	199	4	92
27581	729	48105	48099	48300	6	201	4	92
27581	730	48110	48104	48306	6	202	5	92
27581	731	48105	48098	48299	7	201	4	92
27581	732	48109	48103	48304	6	201	5	92
27581	733	48105	48100	48301	5	201	4	92
27581	734	48111	48106	48305	5	199	4	92
27581	735	48105	48099	48301	6	202	5	92
27581	736	48111	48104	48307	7	203	5	92
27581	737	48104	48099	48300	5	201	4	92
27581	738	48108	48104	48303	4	199	5	92
27581	739	48105	48099	48300	6	201	4	92
27581	740	48110	48105	48306	5	201	4	92
27581	741	48105	48098	48300	7	202	5	92
27581	742	48110	48105	48305	5	200	5	92
27581	743	48105	48099	48300	6	201	4	92
27581	744	48111	48105	48306	6	201	4	92
27581	745	48102	48098	48298	4	200	4	92
27581	746	48110	48105	48304	5	199	4	92
27581	747	48105	48098	48300	7	202	5	92
27581	748	48111	48106	48307	5	201	4	92
27581	749	48104	48098	48299	6	201	5	92
27581	750	48110	48106	48305	4	199	4	92
27581	751	48103	48099	48301	4	202	4	92
27581	752	48108	48104	48303	4	199	5	92
27581	753	48105	48098	48298	7	200	5	92
27581	754	48113	48108	48309	5	201	4	92
27581	755	48105	48100	48299	5	199	4	92
27581	756	48111	48105	48306	6	201	4	92
27581	757	48104	48099	48299	5	200	5	92
27581	758	48108	48104	48303	4	199	5	92
27581	759	48104	48098	48300	6	202	5	92
27581	760	48110	48104	48305	6	201	5	92
27581	761	48108	48101	48302	7	201	5	92
27581	762	48110	48105	48306	5	201	4	92
27581	763	48105	48099	48298	6	199	4	92
27581	764	48109	48102	48301	7	199	6	92
27581	765	48106	48101	48302	5	201	5	92
27581	766	48105	48100	48299	5	199	4	92
27581	767	48111	48107	48306	4	199	4	92
27581	768	48104	48100	48301	4	201	4	92
27581	769	48105	48101	48302	4	201	4	92
27581	770	48111	48105	48307	6	202	5	92
27581	771	48103	48098	48297	5	199	5	92
27581	772	48109	48105	48303	4	198	4	92
27581	773	48105	48100	48301	5	201	4	92
27581	774	48105	48099	48301	6	202	5	92
27581	775	48111	48105	48304	6	199	4	92
27581	776	48105	48099	48299	6	200	5	92
27581	777	48110	48105	48306	5	201	4	92
27581	778	48103	48099	48297	4	198	4	92
27581	779	48104	48099	48301	5	202	5	92
27581	780	48111	48105	48306	6	201	4	92
27581	781	48104	48100	48299	4	199	4	92
27581	782	48111	48105	48306	6	201	4	92
27581	783	48105	48100	48299	5	199	4	92
27581	784	48106	48099	48301	7	202	5	92
27581	785	48109	48104	48305	5	201	5	92
27581	786	48105	48099	48301	6	202	5	92
27581	787	48111	48105	48306	6	201	4	92
27581	788	48105	48098	48300	7	202	5	92
27581	789	48107	48102	48299	5	197	4	92
27581	790	48110	48105	48304	5	199	4	92
27581	791	48102	48098	48297	4	199	5	92
27581	792	48110	48106	48305	4	199	4	92
27581	793	48104	48100	48300	4	200	4	92
27581	794	48111	48107	48304	4	197	4	92
27581	795	48105	48100	48301	5	201	4	92
27581	796	48105	48099	48298	6	199	4	92
27581	797	48111	48106	48305	5	199	4	92
27581	798	48103	48099	48299	4	200	4	92
27581	799	48111	48106	48305	5	199	4	92
27581	800	48106	48099	48300	7	201	6	92
27581	801	48111	48105	48305	6	200	5	92
27581	802	48105	48099	48300	6	201	4	92
27581	803	48105	48098	48300	7	202	5	92
27581	804	48109	48104	48305	5	201	5	92
27581	805	48103	48098	48297	5	199	5	92
27581	806	48110	48106	48305	4	199	4	92
27581	807	48105	48099	48299	6	200	5	92
27581	808	48111	48106	48305	5	199	4	92
27581	809	48105	48099	48302	6	203	5	92
27581	810	48105	48100	48301	5	201	4	92
27581	811	48109	48105	48303	4	198	4	92
27581	812	48105	48099	48301	6	202	5	92
27581	813	48111	48105	48305	6	200	5	92
27581	814	48105	48099	48300	6	201	4	92
27581	815	48110	48105	48304	5	199	4	92
27581	816	48107	48103	48300	4	197	4	92
27581	817	48105	48098	48300	7	202	5	92
27581	818	48109	48104	48303	5	199	5	92
27581	819	48105	48099	48299	6	200	5	92
27581	820	48111	48106	48307	5	201	4	92
27581	821	48105	48100	48300	5	200	5	92
27581	822	48110	48105	48304	5	199	4	92
27581	823	48107	48101	48302	6	201	5	92
27581	824	48102	48099	48297	3	198	4	92
27581	825	48111	48104	48306	7	202	5	92
27581	826	48105	48099	48299	6	200	5	92
27581	827	48110	48105	48305	5	200	5	92
27581	828	48105	48100	48299	5	199	4	92
27581	829	48111	48106	48307	5	201	4	92
27581	830	48105	48097	48299	8	202	5	92
27581	831	48103	48097	48299	6	202	5	92
27581	832	48110	48105	48305	5	200	5	92
27581	833	48105	48099	48300	6	201	4	92
27581	834	48111	48106	48307	5	201	4	92
27581	835	48107	48102	48303	5	201	4	92
27581	836	48111	48106	48307	5	201	4	92
27581	837	48102	48099	48300	3	201	4	92
27581	838	48107	48103	48301	4	198	4	92
27581	839	48108	48104	48303	4	199	4	92
27581	840	48104	48100	48300	4	200	4	92
27581	841	48111	48106	48305	5	199	4	92
27581	842	48104	48100	48299	4	199	4	92
27581	843	48111	48105	48304	6	199	4	92
27581	844	48103	48098	48298	5	200	4	92
27581	845	48110	48105	48305	5	200	5	92
27581	846	48105	48099	48299	6	200	5	92
27581	847	48107	48101	48301	6	200	5	92
27581	848	48110	48104	48304	6	200	5	92
27581	849	48104	48100	48297	4	197	4	92
27581	850	48111	48105	48306	6	201	4	92
27581	851	48103	48098	48297	5	199	5	92
27581	852	48110	48103	48306	7	203	6	92
27581	853	48104	48100	48301	4	201	4	92
27581	854	48111	48104	48306	7	202	5	92
27581	855	48105	48098	48300	7	202	5	92
27581	856	48109	48104	48305	5	201	4	92
27581	857	48107	48101	48302	6	201	5	92
27581	858	48103	48098	48297	5	199	5	92
27581	859	48111	48106	48307	5	201	4	92
27581	860	48105	48099	48300	6	201	4	92
27581	861	48110	48106	48305	4	199	4	92
27581	862	48105	48097	48300	8	203	5	92
27581	863	48110	48105	48305	5	200	5	92
27581	864	48103	48098	48297	5	199	5	92
27581	865	48110	48106	48305	4	199	4	92
27581	866	48105	48099	48300	6	201	4	92
27581	867	48105	48100	48300	5	200	5	92
27581	868	48111	48105	48305	6	200	5	92
27581	869	48106	48098	48300	8	202	6	92
27581	870	48109	48104	48304	5	200	5	92
27581	871	48108	48104	48302	4	198	4	92
27581	872	48104	48097	48297	7	200	5	92
27581	873	48110	48104	48306	6	202	5	92
27581	874	48104	48099	48298	5	199	4	92
27581	875	48120	48107	48314	13	207	6	92
27581	876	48104	48099	48301	5	202	5	92
27581	877	48109	48104	48304	5	200	4	92
27581	878	48104	48098	48299	6	201	5	92
27581	879	48110	48105	48306	5	201	4	92
27581	880	48111	48106	48305	5	199	4	92
27581	881	48104	48097	48300	7	203	5	92
27581	882	48110	48104	48304	6	200	5	92
27581	883	48105	48099	48300	6	201	4	92
27581	884	48108	48104	48303	4	199	5	92
27581	885	48104	48097	48298	7	201	5	92
27581	886	48110	48106	48304	4	198	4	92
27581	887	48105	48098	48298	7	200	6	92
27581	888	48110	48105	48306	5	201	4	92
27581	889	48110	48103	48304	7	201	5	92
27581	890	48106	48099	48301	7	202	5	92
27581	891	48108	48104	48302	4	198	4	92
27581	892	48104	48099	48298	5	199	4	92
27581	893	48110	48103	48306	7	203	5	92
27581	894	48109	48105	48306	4	201	4	92
27581	895	48104	48098	48300	6	202	5	92
27581	896	48110	48103	48303	7	200	5	92
27581	897	48102	48096	48297	6	201	5	92
27581	898	48108	48103	48304	5	201	5	92
27581	899	48111	48104	48306	7	202	5	92
27581	900	48104	48098	48300	6	202	5	92
27581	901	48110	48104	48306	6	202	5	92
27581	902	48104	48097	48299	7	202	5	92
27581	903	48110	48105	48304	5	199	4	92
27581	904	48108	48103	48301	5	198	4	92
27581	905	48104	48098	48299	6	201	5	92
27581	906	48110	48105	48306	5	201	4	92
27581	907	48104	48098	48300	6	202	5	92
27581	908	48109	48104	48304	5	200	5	92
27581	909	48109	48101	48304	8	203	5	92
27581	910	48108	48104	48305	4	201	4	92
27581	911	48109	48102	48303	7	201	5	92
27581	912	48103	48097	48299	6	202	5	92
27581	913	48110	48103	48306	7	203	5	92
27581	914	48110	48103	48305	7	202	5	92
27581	915	48103	48097	48297	6	200	5	92
27581	916	48110	48104	48306	6	202	5	92
27581	917	48109	48103	48304	6	201	5	92
27581	918	48101	48096	48298	5	202	5	92
27581	919	48110	48104	48304	6	200	5	92
27581	920	48104	48098	48300	6	202	5	92
27581	921	48110	48105	48304	5	199	4	92
27581	922	48111	48105	48306	6	201	4	92
27581	923	48103	48097	48296	6	199	5	92
27581	924	48109	48103	48304	6	201	5	92
27581	925	48110	48105	48306	5	201	4	92
27581	926	48103	48099	48300	4	201	4	92
27581	927	48109	48104	48305	5	201	5	92
27581	928	48104	48098	48298	6	200	5	92
27581	929	48110	48105	48306	5	201	4	92
27581	930	48110	48105	48302	5	197	4	92
27581	931	48102	48097	48296	5	199	5	92
27581	932	48110	48104	48306	6	202	5	92
27581	933	48110	48104	48306	6	202	5	92
27581	934	48105	48099	48301	6	202	5	92
27581	935	48110	48106	48305	4	199	4	92
27581	936	48104	48098	48300	6	202	5	92
27581	937	48108	48103	48302	5	199	5	92
27581	938	48110	48104	48306	6	202	5	92
27581	939	48104	48098	48300	6	202	5	92
27581	940	48110	48106	48305	4	199	4	92
27581	941	48104	48099	48300	5	201	4	92
27581	942	48110	48105	48304	5	199	4	92
27581	943	48110	48104	48306	6	202	5	92
27581	944	48102	48098	48296	4	198	4	92
27581	945	48110	48103	48303	7	200	5	92
27581	946	48104	48099	48300	5	201	4	92
27581	947	48109	48105	48304	4	199	4	92
27581	948	48110	48105	48306	5	201	4	92
27581	949	48104	48097	48298	7	201	5	92
27581	950	48108	48103	48304	5	201	5	92
27581	951	48102	48098	48296	4	198	4	92
27581	952	48111	48106	48307	5	201	4	92
27581	953	48112	48106	48306	6	200	5	92
27581	954	48107	48101	48302	6	201	4	92
27581	955	48106	48100	48299	6	199	4	92
27581	956	48109	48103	48305	6	202	5	92
27581	957	48107	48103	48303	4	200	4	92
27581	958	48109	48102	48302	7	200	5	92
27581	959	48103	48097	48299	6	202	5	92
27581	960	48109	48103	48304	6	201	4	92
27581	961	48109	48104	48305	5	201	4	92
27581	962	48109	48103	48303	6	200	5	92
27581	963	48107	48101	48303	6	202	4	92
27581	964	48104	48100	48299	4	199	4	92
27581	965	48108	48103	48303	5	200	5	92
27581	966	48108	48103	48303	5	200	5	92
27581	967	48109	48103	48305	6	202	5	92
27581	968	48102	48095	48298	7	203	4	92
27581	969	48108	48103	48303	5	200	5	92
27581	970	48107	48101	48302	6	201	5	92
27581	971	48108	48104	48303	4	199	4	92
27581	972	48102	48097	48298	5	201	4	92
27581	973	48108	48103	48304	5	201	5	92
27581	974	48109	48104	48303	5	199	4	92
27581	975	48109	48103	48304	6	201	4	92
27581	976	48102	48096	48298	6	202	5	92
27581	977	48108	48105	48302	3	197	4	92
27581	978	48108	48104	48303	4	199	4	92
27581	979	48109	48104	48305	5	201	4	92
27581	980	48102	48096	48296	6	200	5	92
27581	981	48109	48104	48303	5	199	4	92
27581	982	48109	48104	48305	5	201	4	92
27581	983	48108	48103	48307	5	204	5	92
27581	984	48102	48097	48297	5	200	4	92
27581	985	48109	48103	48305	6	202	5	92
27581	986	48108	48103	48303	5	200	5	92
27581	987	48109	48104	48305	5	201	4	92
27581	988	48102	48096	48296	6	200	5	92
27581	989	48109	48102	48304	7	202	5	92
27581	990	48108	48102	48301	6	199	5	92
27581	991	48108	48103	48303	5	200	5	92
27581	992	48102	48097	48298	5	201	4	92
27581	993	48109	48104	48303	5	199	4	92
27581	994	48109	48103	48305	6	202	5	92
27581	995	48109	48102	48304	7	202	5	92
27581	996	48104	48098	48300	6	202	5	92
27581	997	48105	48101	48301	4	200	4	92
27581	998	48109	48102	48303	7	201	5	92
27581	999	48109	48102	48303	7	201	5	92
27581	1000	48106	48100	48302	6	202	5	92
