RUNID	ITERNUM	METIME	PRTIME	TPRTIME	DIFF	TDIFF	NRPROCS	NPROCS
27961	1	72165	72156	72363	9	207	7	93
27961	2	72158	72151	72358	7	207	6	93
27961	3	72163	72154	72360	9	206	8	93
27961	4	72164	72156	72361	8	205	5	93
27961	5	72157	72150	72354	7	204	5	93
27961	6	72165	72155	72362	10	207	6	93
27961	7	72159	72151	72355	8	204	6	93
27961	8	72165	72158	72364	7	206	6	93
27961	9	72158	72148	72359	10	211	7	93
27961	10	72159	72153	72356	6	203	5	93
27961	11	72165	72155	72362	10	207	6	93
27961	12	72158	72152	72355	6	203	5	93
27961	13	72166	72157	72365	9	208	7	93
27961	14	72158	72151	72356	7	205	5	93
27961	15	72164	72157	72363	7	206	6	93
27961	16	72158	72149	72356	9	207	6	93
27961	17	72161	72152	72359	9	207	6	93
27961	18	72165	72158	72363	7	205	5	93
27961	19	72158	72151	72356	7	205	5	93
27961	20	72165	72155	72362	10	207	6	93
27961	21	72160	72151	72357	9	206	6	93
27961	22	72165	72158	72363	7	205	5	93
27961	23	72159	72150	72356	9	206	6	93
27961	24	72158	72150	72355	8	205	7	93
27961	25	72167	72155	72364	12	209	7	93
27961	26	72158	72151	72354	7	203	5	93
27961	27	72165	72155	72361	10	206	7	93
27961	28	72158	72148	72356	10	208	6	93
27961	29	72169	72158	72366	11	208	8	93
27961	30	72158	72151	72354	7	203	5	93
27961	31	72158	72150	72355	8	205	7	93
27961	32	72164	72156	72361	8	205	6	93
27961	33	72160	72151	72358	9	207	6	93
27961	34	72165	72156	72364	9	208	6	93
27961	35	72158	72150	72356	8	206	6	93
27961	36	72161	72155	72358	6	203	5	93
27961	37	72165	72155	72363	10	208	6	93
27961	38	72158	72150	72354	8	204	6	93
27961	39	72165	72156	72361	9	205	7	93
27961	40	72158	72150	72355	8	205	6	93
27961	41	72167	72157	72364	10	207	6	93
27961	42	72158	72151	72356	7	205	5	93
27961	43	72159	72149	72358	10	209	6	93
27961	44	72164	72155	72362	9	207	7	93
27961	45	72160	72151	72356	9	205	6	93
27961	46	72165	72154	72362	11	208	6	93
27961	47	72158	72150	72357	8	207	7	93
27961	48	72158	72149	72356	9	207	6	93
27961	49	72167	72158	72366	9	208	7	93
27961	50	72159	72149	72356	10	207	7	93
27961	51	72164	72156	72360	8	204	6	93
27961	52	72158	72151	72354	7	203	5	93
27961	53	72166	72155	72362	11	207	6	93
27961	54	72159	72151	72357	8	206	6	93
27961	55	72158	72151	72357	7	206	6	93
27961	56	72164	72155	72362	9	207	7	93
27961	57	72158	72150	72356	8	206	6	93
27961	58	72166	72158	72362	8	204	6	93
27961	59	72158	72149	72354	9	205	6	93
27961	60	72159	72151	72356	8	205	5	93
27961	61	72163	72157	72360	6	203	5	93
27961	62	72158	72149	72356	9	207	6	93
27961	63	72165	72155	72362	10	207	6	93
27961	64	72160	72152	72357	8	205	6	93
27961	65	72162	72153	72360	9	207	6	93
27961	66	72161	72152	72358	9	206	7	93
27961	67	72158	72151	72356	7	205	7	93
27961	68	72167	72156	72364	11	208	7	93
27961	69	72158	72151	72355	7	204	6	93
27961	70	72164	72158	72361	6	203	5	93
27961	71	72158	72150	72355	8	205	5	93
27961	72	72161	72152	72356	9	204	5	93
27961	73	72165	72158	72361	7	203	5	93
27961	74	72158	72150	72357	8	207	7	93
27961	75	72166	72157	72363	9	206	6	93
27961	76	72161	72151	72360	10	209	6	93
27961	77	72163	72155	72360	8	205	7	93
27961	78	72161	72153	72356	8	203	5	93
27961	79	72158	72149	72354	9	205	6	93
27961	80	72167	72158	72363	9	205	5	93
27961	81	72158	72149	72353	9	204	6	93
27961	82	72165	72156	72363	9	207	7	93
27961	83	72158	72149	72352	9	203	5	93
27961	84	72163	72154	72359	9	205	6	93
27961	85	72164	72155	72360	9	205	7	93
27961	86	72158	72151	72354	7	203	5	93
27961	87	72165	72155	72362	10	207	7	93
27961	88	72160	72150	72358	10	208	7	93
27961	89	72166	72156	72361	10	205	6	93
27961	90	72158	72149	72355	9	206	6	93
27961	91	72159	72152	72355	7	203	5	93
27961	92	72167	72155	72362	12	207	7	93
27961	93	72158	72151	72357	7	206	6	93
27961	94	72168	72158	72365	10	207	7	93
27961	95	72158	72150	72355	8	205	6	93
27961	96	72167	72158	72365	9	207	6	93
27961	97	72158	72150	72355	8	205	5	93
27961	98	72159	72149	72356	10	207	6	93
27961	99	72165	72157	72360	8	203	5	93
27961	100	72159	72151	72356	8	205	6	93
27961	101	72164	72157	72361	7	204	6	93
27961	102	72158	72151	72356	7	205	5	93
27961	103	72165	72154	72361	11	207	7	93
27961	104	72160	72151	72357	9	206	6	93
27961	105	72162	72152	72356	10	204	6	93
27961	106	72163	72153	72360	10	207	6	93
27961	107	72158	72150	72355	8	205	6	93
27961	108	72166	72156	72364	10	208	6	93
27961	109	72158	72151	72356	7	205	5	93
27961	110	72164	72157	72362	7	205	5	93
27961	111	72159	72150	72355	9	205	6	93
27961	112	72165	72155	72360	10	205	6	93
27961	113	72158	72150	72354	8	204	6	93
27961	114	72161	72155	72358	6	203	5	93
27961	115	72163	72154	72362	9	208	6	93
27961	116	72158	72150	72356	8	206	6	93
27961	117	72281	72158	72477	123	319	7	94
27961	118	72158	72149	72356	9	207	7	93
27961	119	72167	72157	72364	10	207	6	93
27961	120	72158	72147	72355	11	208	7	93
27961	121	72164	72154	72361	10	207	7	93
27961	122	72158	72149	72357	9	208	7	93
27961	123	72165	72157	72362	8	205	6	93
27961	124	72158	72149	72355	9	206	6	93
27961	125	72164	72155	72362	9	207	6	93
27961	126	72158	72150	72356	8	206	6	93
27961	127	72162	72151	72359	11	208	6	93
27961	128	72164	72155	72362	9	207	6	93
27961	129	72158	72151	72357	7	206	6	93
27961	130	72164	72155	72359	9	204	6	93
27961	131	72162	72152	72359	10	207	6	93
27961	132	72164	72155	72360	9	205	6	93
27961	133	72157	72149	72355	8	206	6	93
27961	134	72164	72155	72360	9	205	6	93
27961	135	72159	72150	72356	9	206	6	93
27961	136	72164	72157	72360	7	203	5	93
27961	137	72158	72151	72356	7	205	5	93
27961	138	72164	72154	72360	10	206	6	93
27961	139	72159	72150	72357	9	207	6	93
27961	140	72163	72155	72361	8	206	6	93
27961	141	72160	72153	72357	7	204	6	93
27961	142	72158	72149	72355	9	206	6	93
27961	143	72169	72159	72366	10	207	6	93
27961	144	72158	72149	72356	9	207	7	93
27961	145	72164	72156	72361	8	205	7	93
27961	146	72158	72150	72354	8	204	6	93
27961	147	72166	72157	72363	9	206	6	93
27961	148	72157	72148	72356	9	208	7	93
27961	149	72164	72155	72362	9	207	6	93
27961	150	72158	72151	72357	7	206	6	93
27961	151	72166	72156	72364	10	208	6	93
27961	152	72158	72151	72354	7	203	5	93
27961	153	72166	72155	72363	11	208	6	93
27961	154	72158	72149	72359	9	210	6	93
27961	155	72159	72151	72356	8	205	6	93
27961	156	72163	72156	72361	7	205	7	93
27961	157	72158	72150	72358	8	208	7	94
27961	158	72166	72156	72364	10	208	7	93
27961	159	72159	72150	72357	9	207	7	93
27961	160	72164	72156	72362	8	206	6	93
27961	161	72158	72150	72355	8	205	5	93
27961	162	72166	72157	72364	9	207	6	93
27961	163	72158	72150	72356	8	206	6	93
27961	164	72165	72155	72362	10	207	6	93
27961	165	72158	72150	72356	8	206	6	93
27961	166	72165	72158	72362	7	204	5	93
27961	167	72159	72152	72357	7	205	5	93
27961	168	72158	72151	72355	7	204	6	93
27961	169	72165	72156	72362	9	206	6	93
27961	170	72159	72149	72355	10	206	6	93
27961	171	72164	72157	72361	7	204	6	93
27961	172	72158	72150	72356	8	206	6	93
27961	173	72164	72156	72362	8	206	6	93
27961	174	72159	72150	72355	9	205	6	93
27961	175	72164	72157	72363	7	206	6	93
27961	176	72157	72150	72354	7	204	6	93
27961	177	72164	72154	72363	10	209	7	93
27961	178	72159	72151	72356	8	205	6	93
27961	179	72165	72157	72361	8	204	6	93
27961	180	72157	72147	72354	10	207	7	93
27961	181	72161	72153	72357	8	204	6	93
27961	182	72164	72155	72362	9	207	6	93
27961	183	72158	72150	72354	8	204	6	93
27961	184	72164	72155	72360	9	205	6	93
27961	185	72158	72149	72355	9	206	6	93
27961	186	72167	72157	72362	10	205	6	93
27961	187	72157	72148	72355	9	207	6	93
27961	188	72164	72154	72363	10	209	8	93
27961	189	72158	72149	72357	9	208	6	94
27961	190	72166	72157	72365	9	208	7	93
27961	191	72158	72149	72357	9	208	7	93
27961	192	72164	72154	72362	10	208	6	93
27961	193	72160	72151	72357	9	206	6	93
27961	194	72166	72157	72365	9	208	5	93
27961	195	72158	72147	72352	11	205	6	93
27961	196	72164	72157	72360	7	203	5	93
27961	197	72159	72152	72357	7	205	5	93
27961	198	72162	72151	72359	11	208	6	93
27961	199	72164	72156	72361	8	205	7	93
27961	200	72158	72149	72354	9	205	7	93
27961	201	72164	72155	72360	9	205	6	93
27961	202	72160	72149	72358	11	209	7	93
27961	203	72164	72157	72362	7	205	5	93
27961	204	72158	72149	72358	9	209	7	93
27961	205	72164	72158	72361	6	203	5	93
27961	206	72160	72151	72358	9	207	6	93
27961	207	72164	72157	72361	7	204	6	93
27961	208	72158	72150	72353	8	203	5	93
27961	209	72165	72155	72363	10	208	6	93
27961	210	72157	72150	72355	7	205	5	93
27961	211	72163	72155	72359	8	204	6	93
27961	212	72161	72152	72360	9	208	6	93
27961	213	72158	72150	72356	8	206	6	93
27961	214	72165	72157	72362	8	205	6	93
27961	215	72158	72150	72357	8	207	7	93
27961	216	72164	72154	72361	10	207	6	93
27961	217	72160	72153	72357	7	204	5	93
27961	218	72164	72157	72362	7	205	5	93
27961	219	72157	72150	72354	7	204	6	93
27961	220	72164	72155	72364	9	209	7	93
27961	221	72160	72151	72361	9	210	5	94
27961	222	72164	72156	72361	8	205	6	93
27961	223	72158	72150	72354	8	204	6	93
27961	224	72163	72157	72360	6	203	5	93
27961	225	72159	72152	72356	7	204	5	93
27961	226	72165	72157	72362	8	205	5	93
27961	227	72157	72149	72354	8	205	6	93
27961	228	72165	72156	72365	9	209	7	93
27961	229	72159	72148	72356	11	208	6	93
27961	230	72164	72156	72362	8	206	6	93
27961	231	72158	72151	72354	7	203	5	93
27961	232	72164	72154	72364	10	210	7	93
27961	233	72159	72152	72356	7	204	5	93
27961	234	72164	72155	72364	9	209	7	93
27961	235	72156	72147	72354	9	207	7	93
27961	236	72164	72155	72362	9	207	7	93
27961	237	72159	72151	72356	8	205	6	93
27961	238	72164	72155	72359	9	204	6	93
27961	239	72158	72150	72354	8	204	6	93
27961	240	72165	72154	72359	11	205	6	93
27961	241	72160	72151	72356	9	205	5	93
27961	242	72163	72154	72359	9	205	7	93
27961	243	72160	72152	72356	8	204	6	93
27961	244	72164	72155	72359	9	204	6	93
27961	245	72160	72151	72359	9	208	5	93
27961	246	72164	72156	72362	8	206	8	93
27961	247	72158	72147	72357	11	210	7	93
27961	248	72165	72158	72362	7	204	6	93
27961	249	72160	72151	72355	9	204	5	93
27961	250	72164	72157	72362	7	205	5	93
27961	251	72158	72151	72356	7	205	5	93
27961	252	72162	72154	72358	8	204	6	93
27961	253	72163	72154	72362	9	208	7	94
27961	254	72159	72153	72356	6	203	5	93
27961	255	72163	72155	72360	8	205	6	93
27961	256	72157	72151	72354	6	203	5	93
27961	257	72166	72157	72364	9	207	6	93
27961	258	72157	72146	72355	11	209	7	93
27961	259	72164	72157	72362	7	205	5	93
27961	260	72157	72150	72355	7	205	5	93
27961	261	72166	72156	72365	10	209	6	93
27961	262	72158	72150	72354	8	204	6	93
27961	263	72164	72157	72360	7	203	5	93
27961	264	72164	72156	72363	8	207	7	93
27961	265	72163	72153	72363	10	210	6	93
27961	266	72161	72154	72357	7	203	5	93
27961	267	72162	72154	72359	8	205	5	93
27961	268	72161	72154	72357	7	203	5	93
27961	269	72162	72154	72358	8	204	6	93
27961	270	72162	72152	72359	10	207	6	93
27961	271	72162	72155	72358	7	203	5	93
27961	272	72164	72155	72359	9	204	5	93
27961	273	72161	72154	72357	7	203	5	93
27961	274	72162	72154	72358	8	204	6	93
27961	275	72161	72154	72357	7	203	5	93
27961	276	72165	72157	72363	8	206	5	93
27961	277	72159	72149	72354	10	205	7	93
27961	278	72163	72156	72360	7	204	6	93
27961	279	72159	72149	72356	10	207	6	93
27961	280	72166	72157	72362	9	205	5	93
27961	281	72159	72151	72357	8	206	6	93
27961	282	72164	72155	72360	9	205	6	93
27961	283	72157	72147	72357	10	210	7	93
27961	284	72166	72156	72361	10	205	6	93
27961	285	72157	72150	72356	7	206	6	94
27961	286	72164	72155	72360	9	205	6	93
27961	287	72158	72149	72354	9	205	6	93
27961	288	72166	72156	72362	10	206	6	93
27961	289	72157	72148	72355	9	207	6	93
27961	290	72163	72157	72360	6	203	5	93
27961	291	72158	72149	72356	9	207	7	93
27961	292	72171	72162	72368	9	206	5	93
27961	293	72158	72147	72355	11	208	6	93
27961	294	72163	72154	72360	9	206	6	93
27961	295	72156	72148	72353	8	205	6	93
27961	296	72165	72156	72364	9	208	7	93
27961	297	72157	72150	72354	7	204	6	93
27961	298	72164	72156	72360	8	204	6	93
27961	299	72157	72149	72353	8	204	6	93
27961	300	72167	72155	72362	12	207	6	93
27961	301	72158	72150	72356	8	206	6	93
27961	302	72164	72157	72363	7	206	6	93
27961	303	72159	72150	72354	9	204	6	93
27961	304	72165	72155	72361	10	206	7	93
27961	305	72160	72149	72357	11	208	6	93
27961	306	72163	72155	72361	8	206	5	93
27961	307	72160	72152	72360	8	208	6	93
27961	308	72163	72154	72358	9	204	6	93
27961	309	72160	72153	72357	7	204	6	93
27961	310	72161	72154	72359	7	205	7	93
27961	311	72163	72154	72359	9	205	6	93
27961	312	72161	72153	72360	8	207	7	93
27961	313	72163	72153	72358	10	205	7	93
27961	314	72160	72153	72357	7	204	6	93
27961	315	72165	72155	72363	10	208	7	93
27961	316	72278	72151	72474	127	323	8	94
27961	317	72164	72157	72361	7	204	6	93
27961	318	72158	72149	72357	9	208	7	93
27961	319	72166	72156	72364	10	208	6	93
27961	320	72157	72148	72355	9	207	7	93
27961	321	72164	72156	72361	8	205	5	93
27961	322	72157	72151	72354	6	203	5	93
27961	323	72166	72157	72362	9	205	6	93
27961	324	72158	72149	72354	9	205	7	93
27961	325	72164	72154	72360	10	206	6	93
27961	326	72158	72150	72353	8	203	5	93
27961	327	72166	72156	72364	10	208	7	93
27961	328	72158	72151	72354	7	203	5	93
27961	329	72164	72154	72362	10	208	7	93
27961	330	72157	72151	72354	6	203	5	93
27961	331	72166	72157	72366	9	209	7	93
27961	332	72158	72150	72355	8	205	6	93
27961	333	72164	72154	72358	10	204	6	93
27961	334	72158	72147	72355	11	208	7	93
27961	335	72166	72157	72364	9	207	6	93
27961	336	72158	72149	72353	9	204	6	93
27961	337	72164	72156	72360	8	204	6	93
27961	338	72158	72149	72356	9	207	6	93
27961	339	72167	72157	72366	10	209	6	93
27961	340	72157	72150	72354	7	204	6	93
27961	341	72164	72156	72362	8	206	6	93
27961	342	72161	72154	72358	7	204	6	93
27961	343	72165	72156	72362	9	206	6	93
27961	344	72158	72151	72356	7	205	5	93
27961	345	72167	72157	72365	10	208	6	93
27961	346	72159	72153	72357	6	204	6	93
27961	347	72162	72150	72360	12	210	6	93
27961	348	72163	72155	72360	8	205	5	93
27961	349	72158	72150	72356	8	206	6	93
27961	350	72165	72157	72362	8	205	5	93
27961	351	72160	72147	72355	13	208	7	93
27961	352	72164	72156	72362	8	206	6	93
27961	353	72157	72150	72354	7	204	6	93
27961	354	72164	72156	72361	8	205	6	93
27961	355	72158	72149	72355	9	206	6	93
27961	356	72165	72156	72362	9	206	6	93
27961	357	72158	72150	72354	8	204	6	93
27961	358	72165	72156	72362	9	206	6	93
27961	359	72157	72150	72354	7	204	6	93
27961	360	72164	72156	72361	8	205	6	93
27961	361	72158	72150	72357	8	207	7	93
27961	362	72162	72155	72359	7	204	5	93
27961	363	72164	72155	72361	9	206	6	93
27961	364	72158	72151	72356	7	205	5	93
27961	365	72164	72158	72361	6	203	5	93
27961	366	72160	72152	72359	8	207	6	93
27961	367	72163	72155	72360	8	205	6	93
27961	368	72158	72149	72357	9	208	8	93
27961	369	72164	72156	72360	8	204	6	93
27961	370	72160	72151	72358	9	207	6	93
27961	371	72164	72156	72360	8	204	6	93
27961	372	72161	72153	72359	8	206	6	93
27961	373	72158	72150	72354	8	204	6	93
27961	374	72167	72157	72364	10	207	6	93
27961	375	72158	72150	72354	8	204	6	93
27961	376	72164	72157	72360	7	203	5	93
27961	377	72158	72149	72357	9	208	6	93
27961	378	72167	72156	72364	11	208	6	93
27961	379	72158	72151	72354	7	203	5	93
27961	380	72164	72155	72362	9	207	6	93
27961	381	72159	72149	72357	10	208	7	93
27961	382	72160	72152	72356	8	204	5	93
27961	383	72164	72157	72362	7	205	5	93
27961	384	72195	72164	72391	31	227	9	104
27961	385	72164	72157	72363	7	206	6	93
27961	386	72159	72150	72356	9	206	7	93
27961	387	72164	72157	72361	7	204	6	93
27961	388	72158	72150	72356	8	206	6	93
27961	389	72164	72155	72363	9	208	7	93
27961	390	72160	72152	72359	8	207	6	93
27961	391	72164	72153	72361	11	208	6	93
27961	392	72162	72153	72360	9	207	6	93
27961	393	72159	72150	72356	9	206	6	93
27961	394	72167	72158	72364	9	206	5	93
27961	395	72157	72148	72354	9	206	6	93
27961	396	72165	72156	72363	9	207	6	93
27961	397	72158	72149	72356	9	207	6	93
27961	398	72166	72158	72363	8	205	6	93
27961	399	72158	72149	72356	9	207	6	93
27961	400	72161	72154	72358	7	204	6	93
27961	401	72164	72156	72362	8	206	6	93
27961	402	72159	72148	72358	11	210	6	93
27961	403	72164	72155	72362	9	207	6	93
27961	404	72158	72150	72356	8	206	6	93
27961	405	72164	72156	72360	8	204	6	93
27961	406	72158	72149	72356	9	207	6	93
27961	407	72158	72148	72356	10	208	7	93
27961	408	72164	72156	72361	8	205	7	93
27961	409	72160	72153	72357	7	204	5	93
27961	410	72164	72157	72360	7	203	5	93
27961	411	72159	72150	72354	9	204	6	93
27961	412	72163	72154	72361	9	207	6	94
27961	413	72164	72156	72362	8	206	5	93
27961	414	72159	72149	72356	10	207	7	93
27961	415	72164	72155	72362	9	207	6	93
27961	416	72158	72150	72357	8	207	7	93
27961	417	72164	72156	72362	8	206	5	93
27961	418	72162	72154	72359	8	205	7	93
27961	419	72158	72149	72355	9	206	6	93
27961	420	72165	72155	72363	10	208	6	93
27961	421	72159	72151	72356	8	205	6	93
27961	422	72163	72155	72361	8	206	6	93
27961	423	72161	72153	72357	8	204	6	93
27961	424	72158	72150	72354	8	204	6	93
27961	425	72167	72157	72362	10	205	6	93
27961	426	72159	72150	72355	9	205	6	93
27961	427	72165	72157	72363	8	206	6	93
27961	428	72158	72148	72356	10	208	6	93
27961	429	72160	72152	72356	8	204	5	93
27961	430	72164	72155	72362	9	207	7	93
27961	431	72159	72151	72355	8	204	6	93
27961	432	72164	72156	72362	8	206	6	93
27961	433	72160	72151	72356	9	205	6	93
27961	434	72158	72150	72356	8	206	6	93
27961	435	72165	72157	72361	8	204	6	93
27961	436	72158	72150	72356	8	206	6	93
27961	437	72166	72158	72363	8	205	6	93
27961	438	72158	72149	72355	9	206	6	93
27961	439	72164	72156	72359	8	203	5	93
27961	440	72160	72153	72357	7	204	6	93
27961	441	72162	72154	72359	8	205	6	93
27961	442	72165	72156	72363	9	207	6	93
27961	443	72158	72150	72354	8	204	6	93
27961	444	72158	72152	72355	6	203	5	93
27961	445	72166	72157	72364	9	207	6	93
27961	446	72159	72150	72357	9	207	6	93
27961	447	72164	72154	72360	10	206	6	93
27961	448	72158	72151	72356	7	205	5	93
27961	449	72161	72151	72359	10	208	7	93
27961	450	72164	72156	72361	8	205	7	93
27961	451	72159	72149	72358	10	209	6	93
27961	452	72162	72154	72358	8	204	6	93
27961	453	72164	72156	72361	8	205	6	93
27961	454	72158	72151	72355	7	204	6	93
27961	455	72165	72156	72361	9	205	7	93
27961	456	72158	72151	72355	7	204	6	93
27961	457	72160	72152	72357	8	205	6	93
27961	458	72165	72156	72363	9	207	7	93
27961	459	72159	72151	72357	8	206	6	93
27961	460	72162	72156	72359	6	203	5	93
27961	461	72162	72155	72359	7	204	6	93
27961	462	72159	72150	72355	9	205	6	93
27961	463	72165	72157	72361	8	204	6	93
27961	464	72159	72151	72359	8	208	5	93
27961	465	72158	72148	72356	10	208	7	93
27961	466	72164	72156	72362	8	206	6	93
27961	467	72158	72151	72357	7	206	6	93
27961	468	72167	72159	72365	8	206	5	93
27961	469	72161	72152	72357	9	205	7	93
27961	470	72159	72151	72357	8	206	7	93
27961	471	72169	72160	72365	9	205	6	93
27961	472	72160	72152	72359	8	207	6	93
27961	473	72160	72151	72357	9	206	6	93
27961	474	72165	72157	72361	8	204	6	93
27961	475	72159	72149	72358	10	209	7	93
27961	476	72161	72152	72359	9	207	6	94
27961	477	72165	72158	72363	7	205	5	93
27961	478	72159	72151	72356	8	205	5	93
27961	479	72162	72155	72359	7	204	6	93
27961	480	72164	72154	72360	10	206	6	93
27961	481	72158	72150	72356	8	206	6	93
27961	482	72165	72156	72361	9	205	6	93
27961	483	72159	72150	72356	9	206	6	93
27961	484	72161	72151	72356	10	205	6	93
27961	485	72164	72156	72360	8	204	6	93
27961	486	72158	72150	72356	8	206	6	93
27961	487	72161	72154	72358	7	204	6	93
27961	488	72165	72154	72363	11	209	6	93
27961	489	72158	72151	72355	7	204	6	93
27961	490	72167	72159	72366	8	207	7	93
27961	491	72163	72155	72359	8	204	6	93
27961	492	72161	72151	72357	10	206	6	93
27961	493	72159	72151	72355	8	204	6	93
27961	494	72165	72158	72362	7	204	6	93
27961	495	72159	72152	72356	7	204	6	93
27961	496	72161	72153	72359	8	206	5	93
27961	497	72159	72152	72357	7	205	5	93
27961	498	72165	72156	72361	9	205	6	93
27961	499	72158	72151	72355	7	204	6	93
27961	500	72161	72151	72359	10	208	7	93
27961	501	72160	72150	72357	10	207	6	93
27961	502	72162	72154	72358	8	204	6	93
27961	503	72165	72158	72363	7	205	5	93
27961	504	72161	72152	72358	9	206	6	93
27961	505	72160	72151	72357	9	206	6	93
27961	506	72160	72153	72357	7	204	6	93
27961	507	72159	72152	72356	7	204	6	93
27961	508	72164	72153	72361	11	208	6	93
27961	509	72165	72157	72362	8	205	6	93
27961	510	72159	72152	72356	7	204	6	93
27961	511	72160	72151	72357	9	206	6	93
27961	512	72161	72152	72357	9	205	6	93
27961	513	72166	72158	72364	8	206	6	93
27961	514	72278	72153	72474	125	321	7	94
27961	515	72159	72149	72357	10	208	6	93
27961	516	72161	72152	72358	9	206	6	93
27961	517	72164	72157	72360	7	203	5	93
27961	518	72162	72153	72358	9	205	7	93
27961	519	72159	72150	72358	9	208	7	93
27961	520	72158	72150	72355	8	205	7	93
27961	521	72165	72157	72364	8	207	5	93
27961	522	72160	72151	72355	9	204	6	93
27961	523	72161	72152	72358	9	206	5	93
27961	524	72165	72156	72363	9	207	6	93
27961	525	72159	72151	72355	8	204	6	93
27961	526	72158	72151	72356	7	205	5	93
27961	527	72167	72158	72363	9	205	6	93
27961	528	72159	72149	72356	10	207	6	93
27961	529	72160	72152	72358	8	206	6	93
27961	530	72159	72152	72358	7	206	6	93
27961	531	72167	72159	72366	8	207	6	93
27961	532	72222	72175	72417	47	242	14	111
27961	533	72159	72152	72355	7	203	5	93
27961	534	72163	72156	72361	7	205	5	93
27961	535	72165	72155	72362	10	207	6	93
27961	536	72159	72150	72357	9	207	6	93
27961	537	72161	72151	72360	10	209	6	93
27961	538	72165	72157	72363	8	206	6	93
27961	539	72160	72151	72356	9	205	6	93
27961	540	72163	72155	72362	8	207	7	93
27961	541	72165	72156	72363	9	207	6	93
27961	542	72159	72150	72358	9	208	6	93
27961	543	72160	72151	72359	9	208	7	93
27961	544	72165	72157	72363	8	206	6	93
27961	545	72158	72151	72356	7	205	5	93
27961	546	72159	72151	72357	8	206	6	93
27961	547	72166	72156	72363	10	207	6	93
27961	548	72159	72149	72356	10	207	6	93
27961	549	72159	72150	72356	9	206	6	93
27961	550	72165	72158	72361	7	203	5	93
27961	551	72161	72151	72359	10	208	6	93
27961	552	72161	72154	72358	7	204	6	93
27961	553	72164	72155	72361	9	206	6	93
27961	554	72159	72151	72357	8	206	6	93
27961	555	72167	72156	72364	11	208	6	93
27961	556	72159	72150	72358	9	208	7	93
27961	557	72159	72148	72359	11	211	7	93
27961	558	72165	72156	72361	9	205	6	93
27961	559	72160	72152	72357	8	205	6	93
27961	560	72158	72151	72355	7	204	6	93
27961	561	72165	72156	72363	9	207	6	93
27961	562	72159	72149	72356	10	207	7	93
27961	563	72160	72150	72358	10	208	6	93
27961	564	72165	72157	72363	8	206	6	93
27961	565	72159	72151	72355	8	204	6	93
27961	566	72158	72149	72355	9	206	6	93
27961	567	72167	72155	72363	12	208	6	93
27961	568	72158	72150	72356	8	206	6	93
27961	569	72159	72151	72357	8	206	7	93
27961	570	72164	72157	72361	7	204	6	93
27961	571	72158	72150	72358	8	208	6	93
27961	572	72159	72150	72356	9	206	6	93
27961	573	72165	72157	72363	8	206	6	93
27961	574	72159	72150	72356	9	206	6	93
27961	575	72165	72155	72363	10	208	7	93
27961	576	72161	72153	72356	8	203	5	93
27961	577	72159	72150	72354	9	204	6	93
27961	578	72167	72157	72364	10	207	6	93
27961	579	72159	72151	72354	8	203	5	93
27961	580	72159	72150	72355	9	205	7	93
27961	581	72164	72154	72362	10	208	7	93
27961	582	72161	72151	72358	10	207	6	93
27961	583	72162	72154	72357	8	203	5	93
27961	584	72163	72152	72360	11	208	6	93
27961	585	72158	72152	72355	6	203	5	93
27961	586	72167	72155	72365	12	210	6	93
27961	587	72159	72150	72356	9	206	6	93
27961	588	72160	72150	72358	10	208	7	93
27961	589	72165	72156	72362	9	206	6	93
27961	590	72163	72153	72359	10	206	6	93
27961	591	72164	72158	72362	6	204	6	93
27961	592	72158	72150	72357	8	207	7	93
27961	593	72158	72151	72354	7	203	5	93
27961	594	72167	72157	72365	10	208	6	93
27961	595	72158	72149	72356	9	207	7	93
27961	596	72165	72156	72363	9	207	7	93
27961	597	72158	72150	72354	8	204	6	93
27961	598	72160	72150	72356	10	206	6	93
27961	599	72165	72156	72362	9	206	6	93
27961	600	72159	72151	72357	8	206	6	93
27961	601	72165	72157	72364	8	207	7	93
27961	602	72160	72151	72356	9	205	6	93
27961	603	72164	72157	72361	7	204	6	93
27961	604	72160	72152	72358	8	206	6	93
27961	605	72158	72149	72354	9	205	7	93
27961	606	72166	72159	72364	7	205	6	93
27961	607	72158	72149	72354	9	205	6	93
27961	608	72165	72155	72361	10	206	6	93
27961	609	72158	72150	72354	8	204	6	93
27961	610	72167	72157	72364	10	207	7	93
27961	611	72158	72150	72356	8	206	6	93
27961	612	72158	72150	72354	8	204	6	93
27961	613	72164	72156	72362	8	206	6	93
27961	614	72159	72150	72355	9	205	6	93
27961	615	72164	72156	72362	8	206	6	93
27961	616	72157	72149	72354	8	205	6	93
27961	617	72165	72156	72362	9	206	6	93
27961	618	72161	72151	72357	10	206	6	93
27961	619	72158	72151	72355	7	204	6	93
27961	620	72164	72154	72361	10	207	7	93
27961	621	72159	72151	72356	8	205	7	93
27961	622	72166	72156	72362	10	206	6	93
27961	623	72159	72149	72357	10	208	7	93
27961	624	72160	72152	72358	8	206	6	93
27961	625	72164	72156	72362	8	206	6	93
27961	626	72158	72150	72357	8	207	6	93
27961	627	72164	72156	72360	8	204	6	93
27961	628	72158	72150	72357	8	207	7	93
27961	629	72164	72155	72362	9	207	6	93
27961	630	72158	72152	72355	6	203	5	93
27961	631	72165	72156	72362	9	206	6	93
27961	632	72158	72150	72355	8	205	7	93
27961	633	72166	72156	72362	10	206	6	93
27961	634	72158	72151	72357	7	206	6	93
27961	635	72165	72156	72360	9	204	6	93
27961	636	72158	72151	72357	7	206	6	93
27961	637	72166	72155	72364	11	209	7	93
27961	638	72163	72156	72361	7	205	5	93
27961	639	72161	72152	72358	9	206	7	93
27961	640	72164	72156	72362	8	206	6	93
27961	641	72159	72152	72356	7	204	5	93
27961	642	72165	72158	72364	7	206	6	93
27961	643	72158	72148	72353	10	205	7	93
27961	644	72165	72156	72363	9	207	7	93
27961	645	72160	72151	72358	9	207	6	93
27961	646	72165	72157	72361	8	204	6	93
27961	647	72158	72150	72356	8	206	6	93
27961	648	72165	72156	72362	9	206	6	93
27961	649	72160	72151	72357	9	206	7	93
27961	650	72158	72150	72356	8	206	6	93
27961	651	72165	72158	72363	7	205	5	93
27961	652	72157	72151	72354	6	203	5	93
27961	653	72167	72157	72362	10	205	6	93
27961	654	72158	72150	72356	8	206	6	93
27961	655	72164	72156	72360	8	204	6	93
27961	656	72158	72151	72356	7	205	5	93
27961	657	72166	72156	72362	10	206	6	93
27961	658	72158	72149	72355	9	206	6	93
27961	659	72159	72150	72356	9	206	6	93
27961	660	72164	72156	72361	8	205	6	93
27961	661	72160	72150	72357	10	207	6	93
27961	662	72165	72156	72360	9	204	6	93
27961	663	72157	72150	72354	7	204	6	93
27961	664	72164	72156	72360	8	204	6	93
27961	665	72160	72151	72358	9	207	6	93
27961	666	72164	72157	72361	7	204	6	93
27961	667	72158	72150	72354	8	204	6	93
27961	668	72164	72156	72363	8	207	7	93
27961	669	72160	72152	72358	8	206	5	93
27961	670	72165	72156	72360	9	204	6	93
27961	671	72158	72148	72354	10	206	6	93
27961	672	72164	72156	72361	8	205	6	93
27961	673	72160	72150	72355	10	205	6	93
27961	674	72165	72155	72360	10	205	6	93
27961	675	72159	72151	72355	8	204	6	93
27961	676	72159	72151	72356	8	205	5	93
27961	677	72168	72159	72367	9	208	6	93
27961	678	72158	72149	72354	9	205	6	93
27961	679	72163	72157	72360	6	203	5	93
27961	680	72158	72151	72357	7	206	6	93
27961	681	72163	72156	72359	7	203	5	93
27961	682	72157	72147	72356	10	209	7	93
27961	683	72162	72155	72360	7	205	5	93
27961	684	72165	72155	72362	10	207	6	93
27961	685	72156	72148	72354	8	206	7	93
27961	686	72164	72154	72361	10	207	6	93
27961	687	72157	72149	72354	8	205	5	93
27961	688	72165	72156	72362	9	206	7	93
27961	689	72168	72161	72364	7	203	5	93
27961	690	72157	72149	72355	8	206	6	93
27961	691	72163	72157	72360	6	203	5	93
27961	692	72159	72150	72355	9	205	6	93
27961	693	72164	72155	72363	9	208	7	93
27961	694	72157	72150	72354	7	204	6	93
27961	695	72163	72154	72360	9	206	7	93
27961	696	72159	72148	72355	11	207	7	93
27961	697	72164	72157	72360	7	203	5	93
27961	698	72161	72151	72358	10	207	6	93
27961	699	72162	72154	72360	8	206	6	93
27961	700	72165	72156	72363	9	207	7	93
27961	701	72158	72150	72354	8	204	6	93
27961	702	72163	72153	72361	10	208	7	93
27961	703	72155	72147	72354	8	207	7	93
27961	704	72165	72154	72364	11	210	6	93
27961	705	72156	72149	72353	7	204	6	93
27961	706	72163	72156	72359	7	203	5	93
27961	707	72164	72155	72360	9	205	6	93
27961	708	72158	72146	72354	12	208	7	93
27961	709	72163	72155	72361	8	206	6	93
27961	710	72157	72148	72354	9	206	6	93
27961	711	72163	72154	72360	9	206	6	93
27961	712	72286	72160	72481	126	321	7	94
27961	713	72276	72152	72472	124	320	7	94
27961	714	72164	72156	72362	8	206	6	93
27961	715	72157	72148	72355	9	207	7	93
27961	716	72167	72158	72365	9	207	6	93
27961	717	72162	72153	72360	9	207	6	93
27961	718	72155	72149	72352	6	203	5	93
27961	719	72162	72155	72360	7	205	5	93
27961	720	72162	72152	72359	10	207	7	93
27961	721	72162	72154	72361	8	207	7	93
27961	722	72156	72148	72352	8	204	6	93
27961	723	72163	72156	72361	7	205	5	93
27961	724	72163	72155	72359	8	204	6	93
27961	725	72155	72148	72352	7	204	6	93
27961	726	72163	72154	72360	9	206	6	93
27961	727	72165	72156	72363	9	207	6	93
27961	728	72155	72144	72350	11	206	6	93
27961	729	72164	72158	72361	6	203	5	93
27961	730	72163	72152	72360	11	208	6	93
27961	731	72158	72150	72354	8	204	5	93
27961	732	72163	72156	72361	7	205	5	93
27961	733	72162	72153	72358	9	205	7	93
27961	734	72158	72149	72355	9	206	7	93
27961	735	72165	72156	72361	9	205	6	93
27961	736	72157	72148	72356	9	208	6	93
27961	737	72163	72155	72359	8	204	6	93
27961	738	72156	72149	72354	7	205	5	93
27961	739	72168	72160	72365	8	205	6	93
27961	740	72164	72153	72359	11	206	6	93
27961	741	72158	72149	72354	9	205	6	93
27961	742	72163	72156	72360	7	204	6	93
27961	743	72159	72150	72356	9	206	5	93
27961	744	72163	72154	72362	9	208	7	93
27961	745	72159	72149	72355	10	206	6	93
27961	746	72163	72154	72360	9	206	6	93
27961	747	72160	72151	72358	9	207	6	93
27961	748	72164	72156	72362	8	206	6	93
27961	749	72157	72149	72353	8	204	6	93
27961	750	72164	72156	72360	8	204	6	93
27961	751	72160	72150	72358	10	208	6	93
27961	752	72164	72156	72360	8	204	6	93
27961	753	72158	72150	72354	8	204	6	93
27961	754	72164	72156	72364	8	208	7	93
27961	755	72162	72154	72360	8	206	6	93
27961	756	72164	72156	72361	8	205	7	93
27961	757	72158	72150	72355	8	205	7	93
27961	758	72158	72149	72354	9	205	6	93
27961	759	72166	72156	72364	10	208	6	93
27961	760	72157	72151	72355	6	204	6	93
27961	761	72165	72157	72362	8	205	5	93
27961	762	72158	72150	72355	8	205	6	93
27961	763	72167	72157	72363	10	206	6	93
27961	764	72158	72150	72355	8	205	6	93
27961	765	72159	72150	72357	9	207	7	93
27961	766	72166	72159	72362	7	203	5	93
27961	767	72161	72152	72359	9	207	6	93
27961	768	72165	72154	72360	11	206	6	93
27961	769	72158	72150	72356	8	206	6	93
27961	770	72158	72150	72354	8	204	6	93
27961	771	72167	72158	72365	9	207	6	93
27961	772	72158	72150	72356	8	206	6	93
27961	773	72165	72156	72363	9	207	6	93
27961	774	72159	72149	72356	10	207	7	93
27961	775	72166	72158	72364	8	206	5	93
27961	776	72161	72154	72358	7	204	5	93
27961	777	72158	72151	72356	7	205	7	93
27961	778	72164	72155	72360	9	205	6	93
27961	779	72158	72150	72356	8	206	5	93
27961	780	72165	72156	72362	9	206	6	93
27961	781	72158	72150	72356	8	206	6	93
27961	782	72165	72156	72362	9	206	6	93
27961	783	72160	72151	72358	9	207	6	93
27961	784	72158	72150	72354	8	204	6	93
27961	785	72165	72156	72362	9	206	6	93
27961	786	72160	72150	72358	10	208	6	93
27961	787	72163	72156	72360	7	204	6	93
27961	788	72164	72156	72360	8	204	6	93
27961	789	72158	72149	72356	9	207	7	93
27961	790	72167	72157	72365	10	208	7	93
27961	791	72159	72150	72356	9	206	6	93
27961	792	72163	72156	72361	7	205	7	93
27961	793	72160	72152	72357	8	205	7	93
27961	794	72160	72152	72358	8	206	5	93
27961	795	72164	72156	72361	8	205	6	93
27961	796	72158	72150	72356	8	206	6	93
27961	797	72165	72155	72363	10	208	6	93
27961	798	72160	72149	72357	11	208	6	93
27961	799	72158	72147	72353	11	206	6	93
27961	800	72165	72157	72363	8	206	6	93
27961	801	72160	72152	72356	8	204	6	93
27961	802	72167	72155	72365	12	210	8	93
27961	803	72159	72151	72354	8	203	5	93
27961	804	72158	72151	72356	7	205	5	93
27961	805	72164	72158	72361	6	203	5	93
27961	806	72160	72152	72357	8	205	6	93
27961	807	72165	72156	72363	9	207	7	93
27961	808	72158	72151	72356	7	205	7	93
27961	809	72158	72149	72355	9	206	7	93
27961	810	72167	72158	72364	9	206	7	93
27961	811	72159	72149	72354	10	205	6	93
27961	812	72158	72151	72354	7	203	5	93
27961	813	72164	72157	72361	7	204	6	93
27961	814	72160	72151	72359	9	208	7	93
27961	815	72165	72157	72364	8	207	7	93
27961	816	72158	72152	72355	6	203	5	93
27961	817	72159	72149	72355	10	206	6	93
27961	818	72167	72157	72365	10	208	6	93
27961	819	72157	72150	72354	7	204	6	93
27961	820	72163	72156	72361	7	205	5	93
27961	821	72162	72154	72358	8	204	6	93
27961	822	72163	72153	72360	10	207	6	93
27961	823	72164	72157	72361	7	204	6	93
27961	824	72158	72150	72355	8	205	6	93
27961	825	72159	72150	72354	9	204	6	93
27961	826	72167	72158	72364	9	206	5	93
27961	827	72159	72151	72356	8	205	7	93
27961	828	72159	72150	72357	9	207	7	93
27961	829	72165	72158	72361	7	203	5	93
27961	830	72161	72151	72359	10	208	6	93
27961	831	72158	72152	72355	6	203	5	93
27961	832	72165	72155	72362	10	207	6	93
27961	833	72159	72152	72357	7	205	5	93
27961	834	72164	72158	72361	6	203	5	93
27961	835	72159	72152	72356	7	204	6	93
27961	836	72159	72150	72354	9	204	6	93
27961	837	72165	72157	72366	8	209	6	93
27961	838	72159	72150	72355	9	205	6	93
27961	839	72159	72150	72356	9	206	6	93
27961	840	72165	72156	72361	9	205	5	93
27961	841	72160	72150	72357	10	207	7	93
27961	842	72165	72157	72362	8	205	7	93
27961	843	72158	72151	72357	7	206	6	93
27961	844	72158	72151	72356	7	205	5	93
27961	845	72166	72159	72363	7	204	5	93
27961	846	72158	72150	72356	8	206	6	93
27961	847	72161	72154	72359	7	205	5	93
27961	848	72163	72154	72359	9	205	6	93
27961	849	72160	72150	72358	10	208	6	93
27961	850	72169	72158	72364	11	206	7	93
27961	851	72158	72148	72356	10	208	6	93
27961	852	72158	72151	72355	7	204	6	93
27961	853	72166	72158	72363	8	205	6	93
27961	854	72159	72149	72355	10	206	6	93
27961	855	72162	72153	72359	9	206	6	93
27961	856	72161	72153	72358	8	205	6	93
27961	857	72161	72153	72357	8	204	5	93
27961	858	72164	72156	72363	8	207	7	93
27961	859	72158	72150	72355	8	205	6	93
27961	860	72158	72151	72356	7	205	5	93
27961	861	72167	72158	72366	9	208	7	93
27961	862	72158	72152	72355	6	203	5	93
27961	863	72158	72151	72355	7	204	6	93
27961	864	72164	72156	72362	8	206	6	93
27961	865	72160	72153	72358	7	205	6	93
27961	866	72158	72151	72355	7	204	6	93
27961	867	72165	72157	72361	8	204	6	93
27961	868	72160	72152	72356	8	204	6	93
27961	869	72161	72151	72358	10	207	6	93
27961	870	72165	72157	72360	8	203	5	93
27961	871	72159	72151	72357	8	206	6	93
27961	872	72159	72150	72357	9	207	7	93
27961	873	72161	72152	72359	9	207	6	93
27961	874	72164	72156	72361	8	205	7	93
27961	875	72162	72156	72359	6	203	5	93
27961	876	72160	72152	72358	8	206	6	93
27961	877	72161	72151	72357	10	206	6	93
27961	878	72159	72150	72355	9	205	7	93
27961	879	72164	72157	72361	7	204	6	93
27961	880	72158	72150	72355	8	205	6	93
27961	881	72161	72152	72358	9	206	6	93
27961	882	72159	72151	72355	8	204	6	93
27961	883	72166	72158	72363	8	205	5	93
27961	884	72159	72151	72359	8	208	7	93
27961	885	72161	72152	72359	9	207	6	93
27961	886	72162	72153	72360	9	207	6	93
27961	887	72165	72157	72360	8	203	5	93
27961	888	72161	72153	72359	8	206	6	93
27961	889	72159	72150	72357	9	207	6	93
27961	890	72165	72156	72361	9	205	7	93
27961	891	72158	72150	72354	8	204	6	93
27961	892	72159	72151	72360	8	209	6	93
27961	893	72166	72156	72363	10	207	6	93
27961	894	72161	72152	72360	9	208	6	93
27961	895	72159	72151	72358	8	207	7	93
27961	896	72161	72154	72358	7	204	5	93
27961	897	72166	72157	72364	9	207	6	93
27961	898	72160	72151	72357	9	206	7	93
27961	899	72160	72151	72355	9	204	6	93
27961	900	72162	72151	72359	11	208	6	93
27961	901	72163	72154	72359	9	205	6	93
27961	902	72164	72155	72361	9	206	6	93
27961	903	72159	72151	72357	8	206	6	93
27961	904	72161	72153	72358	8	205	6	93
27961	905	72160	72150	72355	10	205	6	93
27961	906	72165	72158	72363	7	205	5	93
27961	907	72159	72151	72355	8	204	6	93
27961	908	72160	72150	72357	10	207	6	93
27961	909	72165	72155	72362	10	207	7	93
27961	910	72160	72152	72358	8	206	6	93
27961	911	72287	72161	72483	126	322	9	94
27961	912	72160	72151	72357	9	206	6	93
27961	913	72165	72156	72361	9	205	6	93
27961	914	72159	72150	72358	9	208	7	93
27961	915	72161	72153	72359	8	206	6	93
27961	916	72165	72156	72363	9	207	6	93
27961	917	72158	72150	72357	8	207	7	93
27961	918	72164	72156	72361	8	205	5	93
27961	919	72159	72151	72354	8	203	5	93
27961	920	72160	72152	72358	8	206	5	93
27961	921	72165	72158	72362	7	204	6	93
27961	922	72159	72149	72358	10	209	7	93
27961	923	72159	72149	72356	10	207	6	93
27961	924	72166	72158	72362	8	204	5	93
27961	925	72158	72152	72355	6	203	5	93
27961	926	72165	72154	72359	11	205	7	93
27961	927	72158	72150	72354	8	204	6	93
27961	928	72159	72152	72360	7	208	5	93
27961	929	72164	72158	72361	6	203	5	93
27961	930	72159	72150	72356	9	206	6	93
27961	931	72165	72156	72362	9	206	6	93
27961	932	72158	72149	72356	9	207	6	93
27961	933	72158	72151	72356	7	205	7	93
27961	934	72165	72158	72362	7	204	6	93
27961	935	72159	72149	72359	10	210	7	93
27961	936	72165	72155	72362	10	207	6	93
27961	937	72163	72153	72360	10	207	6	93
27961	938	72158	72150	72356	8	206	6	93
27961	939	72166	72157	72363	9	206	6	93
27961	940	72158	72148	72356	10	208	6	93
27961	941	72164	72155	72360	9	205	6	93
27961	942	72159	72150	72356	9	206	6	93
27961	943	72161	72152	72356	9	204	5	93
27961	944	72164	72158	72362	6	204	6	93
27961	945	72159	72149	72354	10	205	6	93
27961	946	72165	72156	72360	9	204	6	93
27961	947	72159	72149	72356	10	207	7	93
27961	948	72159	72151	72354	8	203	5	93
27961	949	72164	72157	72363	7	206	6	93
27961	950	72156	72150	72354	6	204	6	93
27961	951	72165	72156	72362	9	206	6	93
27961	952	72163	72154	72361	9	207	6	93
27961	953	72157	72149	72354	8	205	5	93
27961	954	72163	72155	72361	8	206	6	93
27961	955	72159	72150	72357	9	207	6	93
27961	956	72163	72154	72358	9	204	6	93
27961	957	72157	72149	72355	8	206	6	93
27961	958	72164	72157	72360	7	203	5	93
27961	959	72159	72150	72355	9	205	6	93
27961	960	72164	72155	72363	9	208	6	93
27961	961	72163	72156	72362	7	206	6	93
27961	962	72160	72150	72357	10	207	6	93
27961	963	72164	72156	72361	8	205	6	93
27961	964	72157	72148	72354	9	206	6	93
27961	965	72163	72155	72360	8	205	7	93
27961	966	72157	72146	72352	11	206	7	93
27961	967	72166	72157	72364	9	207	6	93
27961	968	72158	72149	72354	9	205	6	93
27961	969	72164	72154	72361	10	207	6	93
27961	970	72159	72152	72355	7	203	5	93
27961	971	72164	72156	72362	8	206	7	93
27961	972	72161	72154	72358	7	204	6	93
27961	973	72158	72148	72355	10	207	6	93
27961	974	72162	72154	72359	8	205	7	93
27961	975	72165	72155	72362	10	207	6	93
27961	976	72156	72149	72352	7	203	5	93
27961	977	72162	72155	72360	7	205	5	93
27961	978	72162	72155	72360	7	205	5	93
27961	979	72158	72149	72356	9	207	6	93
27961	980	72163	72154	72359	9	205	6	93
27961	981	72157	72149	72355	8	206	6	93
27961	982	72163	72153	72358	10	205	6	93
27961	983	72163	72155	72362	8	207	5	93
27961	984	72156	72146	72354	10	208	6	93
27961	985	72164	72155	72358	9	203	5	93
27961	986	72161	72153	72362	8	209	6	93
27961	987	72163	72155	72360	8	205	6	93
27961	988	72163	72155	72359	8	204	6	93
27961	989	72156	72147	72353	9	206	7	93
27961	990	72164	72156	72361	8	205	6	93
27961	991	72157	72147	72353	10	206	7	93
27961	992	72163	72154	72360	9	206	6	93
27961	993	72163	72153	72360	10	207	6	93
27961	994	72163	72155	72360	8	205	6	93
27961	995	72155	72148	72353	7	205	5	93
27961	996	72162	72155	72360	7	205	5	93
27961	997	72162	72155	72358	7	203	5	93
27961	998	72164	72154	72361	10	207	6	93
27961	999	72156	72147	72354	9	207	5	93
27961	1000	72163	72154	72362	9	208	6	93
